K-bars,Day,action,NetProfit
   1.000,1988/1/5,Waiting,   0.000
   2.000,1988/1/6,Waiting,   0.000
   3.000,1988/1/7,Waiting,   0.000
   4.000,1988/1/8,Waiting,   0.000
   5.000,1988/1/9,Waiting,   0.000
   6.000,1988/1/11,Waiting,   0.000
   7.000,1988/1/12,Waiting,   0.000
   8.000,1988/1/13,Waiting,   0.000
   9.000,1988/1/14,Waiting,   0.000
  10.000,1988/1/15,Waiting,   0.000
  11.000,1988/1/16,Waiting,   0.000
  12.000,1988/1/18,Waiting,   0.000
  13.000,1988/1/19,Waiting,   0.000
  14.000,1988/1/20,Waiting,   0.000
  15.000,1988/1/21,Waiting,   0.000
  16.000,1988/1/22,Waiting,   0.000
  17.000,1988/1/23,Waiting,   0.000
  18.000,1988/1/25,Waiting,   0.000
  19.000,1988/1/26,Waiting,   0.000
  20.000,1988/1/27,Waiting,   0.000
  21.000,1988/1/28,Waiting,   0.000
  22.000,1988/1/29,Waiting,   0.000
  23.000,1988/2/1,Waiting,   0.000
  24.000,1988/2/2,Waiting,   0.000
  25.000,1988/2/3,Waiting,   0.000
  26.000,1988/2/4,Waiting,   0.000
  27.000,1988/2/5,Waiting,   0.000
  28.000,1988/2/6,Waiting,   0.000
  29.000,1988/2/8,Waiting,   0.000
  30.000,1988/2/9,Waiting,   0.000
  31.000,1988/2/10,Waiting,   0.000
  32.000,1988/2/11,Waiting,   0.000
  33.000,1988/2/12,Waiting,   0.000
  34.000,1988/2/22,Waiting,   0.000
  35.000,1988/2/23,Waiting,   0.000
  36.000,1988/2/24,Waiting,   0.000
  37.000,1988/2/25,Waiting,   0.000
  38.000,1988/2/26,Waiting,   0.000
  39.000,1988/2/27,Waiting,   0.000
  40.000,1988/2/29,Waiting,   0.000
  41.000,1988/3/1,Waiting,   0.000
  42.000,1988/3/2,Waiting,   0.000
  43.000,1988/3/3,Waiting,   0.000
  44.000,1988/3/4,Waiting,   0.000
  45.000,1988/3/5,Waiting,   0.000
  46.000,1988/3/7,Waiting,   0.000
  47.000,1988/3/8,Waiting,   0.000
  48.000,1988/3/9,Waiting,   0.000
  49.000,1988/3/10,Waiting,   0.000
  50.000,1988/3/11,Waiting,   0.000
  51.000,1988/3/12,Waiting,   0.000
  52.000,1988/3/14,Waiting,   0.000
  53.000,1988/3/15,Waiting,   0.000
  54.000,1988/3/16,Waiting,   0.000
  55.000,1988/3/17,Waiting,   0.000
  56.000,1988/3/18,Waiting,   0.000
  57.000,1988/3/19,Waiting,   0.000
  58.000,1988/3/21,Waiting,   0.000
  59.000,1988/3/22,Waiting,   0.000
  60.000,1988/3/23,Waiting,   0.000
  61.000,1988/3/24,Waiting,   0.000
  62.000,1988/3/25,Waiting,   0.000
  63.000,1988/3/26,Waiting,   0.000
  64.000,1988/3/28,Waiting,   0.000
  65.000,1988/3/30,Waiting,   0.000
  66.000,1988/3/31,Waiting,   0.000
  67.000,1988/4/1,Waiting,   0.000
  68.000,1988/4/2,Waiting,   0.000
  69.000,1988/4/5,Waiting,   0.000
  70.000,1988/4/6,Waiting,   0.000
  71.000,1988/4/7,Waiting,   0.000
  72.000,1988/4/8,Waiting,   0.000
  73.000,1988/4/9,Waiting,   0.000
  74.000,1988/4/11,Waiting,   0.000
  75.000,1988/4/12,Waiting,   0.000
  76.000,1988/4/13,Waiting,   0.000
  77.000,1988/4/14,Waiting,   0.000
  78.000,1988/4/15,Waiting,   0.000
  79.000,1988/4/16,Waiting,   0.000
  80.000,1988/4/18,Waiting,   0.000
  81.000,1988/4/19,Waiting,   0.000
  82.000,1988/4/20,Waiting,   0.000
  83.000,1988/4/21,Waiting,   0.000
  84.000,1988/4/22,Waiting,   0.000
  85.000,1988/4/23,Waiting,   0.000
  86.000,1988/4/25,Waiting,   0.000
  87.000,1988/4/26,Waiting,   0.000
  88.000,1988/4/27,Waiting,   0.000
  89.000,1988/4/28,Waiting,   0.000
  90.000,1988/4/29,Waiting,   0.000
  91.000,1988/4/30,Waiting,   0.000
  92.000,1988/5/2,Waiting,   0.000
  93.000,1988/5/3,Waiting,   0.000
  94.000,1988/5/4,Waiting,   0.000
  95.000,1988/5/5,Waiting,   0.000
  96.000,1988/5/6,Waiting,   0.000
  97.000,1988/5/7,Waiting,   0.000
  98.000,1988/5/9,Waiting,   0.000
  99.000,1988/5/10,Waiting,   0.000
 100.000,1988/5/11,Waiting,   0.000
 101.000,1988/5/12,Waiting,   0.000
 102.000,1988/5/13,Waiting,   0.000
 103.000,1988/5/14,Waiting,   0.000
 104.000,1988/5/16,Waiting,   0.000
 105.000,1988/5/17,Waiting,   0.000
 106.000,1988/5/18,Waiting,   0.000
 107.000,1988/5/19,Waiting,   0.000
 108.000,1988/5/20,Waiting,   0.000
 109.000,1988/5/21,Waiting,   0.000
 110.000,1988/5/23,Waiting,   0.000
 111.000,1988/5/24,Waiting,   0.000
 112.000,1988/5/25,Waiting,   0.000
 113.000,1988/5/26,Waiting,   0.000
 114.000,1988/5/27,Waiting,   0.000
 115.000,1988/5/28,Waiting,   0.000
 116.000,1988/5/30,Waiting,   0.000
 117.000,1988/5/31,Waiting,   0.000
 118.000,1988/6/1,Waiting,   0.000
 119.000,1988/6/2,Waiting,   0.000
 120.000,1988/6/3,Waiting,   0.000
 121.000,1988/6/4,Waiting,   0.000
 122.000,1988/6/6,Waiting,   0.000
 123.000,1988/6/7,Waiting,   0.000
 124.000,1988/6/8,Waiting,   0.000
 125.000,1988/6/9,Waiting,   0.000
 126.000,1988/6/10,Waiting,   0.000
 127.000,1988/6/11,Waiting,   0.000
 128.000,1988/6/13,Waiting,   0.000
 129.000,1988/6/14,Waiting,   0.000
 130.000,1988/6/15,Buy,   0.000
 131.000,1988/6/16,Holding,-29180.721
 132.000,1988/6/17,Holding,-4489.333
 133.000,1988/6/20,Holding,-19079.693
 134.000,1988/6/21,Holding,-39281.641
 135.000,1988/6/22,Holding,-48260.414
 136.000,1988/6/23,Holding,-72951.695
 137.000,1988/6/24,Holding,-97643.086
 138.000,1988/6/25,Holding,-97643.086
 139.000,1988/6/27,Sell,-122334.422
 140.000,1988/6/28,Waiting,-122334.422
 141.000,1988/6/29,Waiting,-122334.422
 142.000,1988/6/30,Waiting,-122334.422
 143.000,1988/7/2,Waiting,-122334.422
 144.000,1988/7/4,Waiting,-122334.422
 145.000,1988/7/5,Waiting,-122334.422
 146.000,1988/7/6,Waiting,-122334.422
 147.000,1988/7/7,Waiting,-122334.422
 148.000,1988/7/8,Waiting,-122334.422
 149.000,1988/7/9,Waiting,-122334.422
 150.000,1988/7/11,Waiting,-122334.422
 151.000,1988/7/12,Waiting,-122334.422
 152.000,1988/7/13,Waiting,-122334.422
 153.000,1988/7/14,Waiting,-122334.422
 154.000,1988/7/15,Waiting,-122334.422
 155.000,1988/7/16,Waiting,-122334.422
 156.000,1988/7/18,Waiting,-122334.422
 157.000,1988/7/19,Waiting,-122334.422
 158.000,1988/7/20,Waiting,-122334.422
 159.000,1988/7/21,Waiting,-122334.422
 160.000,1988/7/22,Waiting,-122334.422
 161.000,1988/7/23,Waiting,-122334.422
 162.000,1988/7/25,Waiting,-122334.422
 163.000,1988/7/26,Waiting,-122334.422
 164.000,1988/7/27,Waiting,-122334.422
 165.000,1988/7/28,Waiting,-122334.422
 166.000,1988/7/29,Waiting,-122334.422
 167.000,1988/7/30,Waiting,-122334.422
 168.000,1988/8/1,Waiting,-122334.422
 169.000,1988/8/2,Waiting,-122334.422
 170.000,1988/8/3,Waiting,-122334.422
 171.000,1988/8/4,Buy,-122334.422
 172.000,1988/8/5,Holding,-97230.656
 173.000,1988/8/6,Holding,-72126.984
 174.000,1988/8/8,Holding,-46057.664
 175.000,1988/8/9,Holding,-20953.891
 176.000,1988/8/10,Holding,-47023.211
 177.000,1988/8/11,Holding,-74057.984
 178.000,1988/8/12,Holding,-47023.211
 179.000,1988/8/13,Holding,-60540.645
 180.000,1988/8/15,Holding,-34471.328
 181.000,1988/8/16,Holding,-7436.547
 182.000,1988/8/17,Holding,18632.766
 183.000,1988/8/18,Holding,45667.547
 184.000,1988/8/19,Holding,76564.438
 185.000,1988/8/20,Holding,107461.406
 186.000,1988/8/22,Holding,138358.297
 187.000,1988/8/23,Holding,169255.203
 188.000,1988/8/24,Holding,201117.641
 189.000,1988/8/25,Holding,235876.734
 190.000,1988/8/26,Holding,201117.641
 191.000,1988/8/27,Holding,165393.078
 192.000,1988/8/29,Holding,138358.297
 193.000,1988/8/30,Holding,107461.406
 194.000,1988/8/31,Holding,138358.297
 195.000,1988/9/1,Holding,169255.203
 196.000,1988/9/2,Holding,201117.641
 197.000,1988/9/3,Holding,235876.734
 198.000,1988/9/5,Holding,271601.250
 199.000,1988/9/6,Holding,307325.813
 200.000,1988/9/7,Holding,338222.688
 201.000,1988/9/8,Holding,297670.500
 202.000,1988/9/9,Holding,262911.500
 203.000,1988/9/10,Holding,262911.500
 204.000,1988/9/12,Holding,297670.500
 205.000,1988/9/13,Holding,329533.000
 206.000,1988/9/14,Holding,364292.000
 207.000,1988/9/15,Holding,400016.563
 208.000,1988/9/16,Holding,435741.125
 209.000,1988/9/17,Holding,444430.875
 210.000,1988/9/19,Holding,444430.875
 211.000,1988/9/20,Holding,480155.438
 212.000,1988/9/21,Holding,497535.000
 213.000,1988/9/22,Holding,541949.313
 214.000,1988/9/23,Holding,586363.625
 215.000,1988/9/24,Holding,630777.875
 216.000,1988/9/29,Holding,586363.625
 217.000,1988/9/30,Holding,541949.313
 218.000,1988/10/1,Holding,497535.000
 219.000,1988/10/3,Holding,453120.625
 220.000,1988/10/4,Holding,417396.125
 221.000,1988/10/5,Holding,382637.000
 222.000,1988/10/6,Holding,346912.500
 223.000,1988/10/7,Holding,307325.813
 224.000,1988/10/8,Holding,271601.250
 225.000,1988/10/11,Holding,235876.734
 226.000,1988/10/12,Holding,201117.641
 227.000,1988/10/13,Sell,165393.078
 228.000,1988/10/14,Waiting,165393.078
 229.000,1988/10/15,Waiting,165393.078
 230.000,1988/10/17,Waiting,165393.078
 231.000,1988/10/18,Waiting,165393.078
 232.000,1988/10/19,Waiting,165393.078
 233.000,1988/10/20,Waiting,165393.078
 234.000,1988/10/21,Waiting,165393.078
 235.000,1988/10/22,Waiting,165393.078
 236.000,1988/10/24,Waiting,165393.078
 237.000,1988/10/26,Waiting,165393.078
 238.000,1988/10/27,Waiting,165393.078
 239.000,1988/10/28,Waiting,165393.078
 240.000,1988/10/29,Waiting,165393.078
 241.000,1988/11/1,Waiting,165393.078
 242.000,1988/11/2,Waiting,165393.078
 243.000,1988/11/3,Waiting,165393.078
 244.000,1988/11/4,Waiting,165393.078
 245.000,1988/11/5,Waiting,165393.078
 246.000,1988/11/7,Waiting,165393.078
 247.000,1988/11/8,Waiting,165393.078
 248.000,1988/11/9,Waiting,165393.078
 249.000,1988/11/10,Waiting,165393.078
 250.000,1988/11/11,Waiting,165393.078
 251.000,1988/11/14,Waiting,165393.078
 252.000,1988/11/15,Waiting,165393.078
 253.000,1988/11/16,Waiting,165393.078
 254.000,1988/11/17,Waiting,165393.078
 255.000,1988/11/18,Waiting,165393.078
 256.000,1988/11/19,Waiting,165393.078
 257.000,1988/11/21,Waiting,165393.078
 258.000,1988/11/22,Waiting,165393.078
 259.000,1988/11/23,Waiting,165393.078
 260.000,1988/11/24,Waiting,165393.078
 261.000,1988/11/25,Waiting,165393.078
 262.000,1988/11/26,Waiting,165393.078
 263.000,1988/11/28,Waiting,165393.078
 264.000,1988/11/29,Waiting,165393.078
 265.000,1988/11/30,Waiting,165393.078
 266.000,1988/12/1,Waiting,165393.078
 267.000,1988/12/2,Waiting,165393.078
 268.000,1988/12/3,Waiting,165393.078
 269.000,1988/12/5,Waiting,165393.078
 270.000,1988/12/6,Waiting,165393.078
 271.000,1988/12/7,Waiting,165393.078
 272.000,1988/12/8,Waiting,165393.078
 273.000,1988/12/9,Waiting,165393.078
 274.000,1988/12/10,Waiting,165393.078
 275.000,1988/12/12,Waiting,165393.078
 276.000,1988/12/13,Waiting,165393.078
 277.000,1988/12/14,Waiting,165393.078
 278.000,1988/12/15,Waiting,165393.078
 279.000,1988/12/16,Waiting,165393.078
 280.000,1988/12/17,Waiting,165393.078
 281.000,1988/12/19,Waiting,165393.078
 282.000,1988/12/20,Waiting,165393.078
 283.000,1988/12/21,Waiting,165393.078
 284.000,1988/12/22,Waiting,165393.078
 285.000,1988/12/23,Waiting,165393.078
 286.000,1988/12/24,Waiting,165393.078
 287.000,1988/12/27,Waiting,165393.078
 288.000,1988/12/28,Waiting,165393.078
 289.000,1988/12/29,Waiting,165393.078
 290.000,1989/1/5,Waiting,165393.078
 291.000,1989/1/6,Waiting,165393.078
 292.000,1989/1/7,Waiting,165393.078
 293.000,1989/1/9,Waiting,165393.078
 294.000,1989/1/10,Waiting,165393.078
 295.000,1989/1/11,Waiting,165393.078
 296.000,1989/1/12,Waiting,165393.078
 297.000,1989/1/13,Waiting,165393.078
 298.000,1989/1/14,Waiting,165393.078
 299.000,1989/1/16,Waiting,165393.078
 300.000,1989/1/17,Waiting,165393.078
 301.000,1989/1/18,Waiting,165393.078
 302.000,1989/1/19,Waiting,165393.078
 303.000,1989/1/20,Waiting,165393.078
 304.000,1989/1/21,Waiting,165393.078
 305.000,1989/1/23,Waiting,165393.078
 306.000,1989/1/24,Waiting,165393.078
 307.000,1989/1/25,Waiting,165393.078
 308.000,1989/1/26,Waiting,165393.078
 309.000,1989/1/27,Waiting,165393.078
 310.000,1989/1/28,Waiting,165393.078
 311.000,1989/1/30,Waiting,165393.078
 312.000,1989/1/31,Waiting,165393.078
 313.000,1989/2/1,Buy,165393.078
 314.000,1989/2/10,Holding,219558.000
 315.000,1989/2/11,Holding,258489.063
 316.000,1989/2/13,Holding,234791.906
 317.000,1989/2/14,Holding,288956.813
 318.000,1989/2/15,Holding,266106.031
 319.000,1989/2/16,Holding,297420.125
 320.000,1989/2/17,Holding,320271.000
 321.000,1989/2/18,Holding,297420.125
 322.000,1989/2/20,Holding,281339.938
 323.000,1989/2/21,Holding,305037.094
 324.000,1989/2/22,Holding,281339.938
 325.000,1989/2/23,Holding,305037.094
 326.000,1989/2/24,Holding,297420.125
 327.000,1989/2/25,Holding,297420.125
 328.000,1989/2/27,Holding,297420.125
 329.000,1989/2/28,Holding,320271.000
 330.000,1989/3/1,Holding,320271.000
 331.000,1989/3/2,Holding,320271.000
 332.000,1989/3/3,Holding,327887.906
 333.000,1989/3/4,Holding,305037.094
 334.000,1989/3/6,Holding,327887.906
 335.000,1989/3/7,Holding,327887.906
 336.000,1989/3/8,Holding,359202.000
 337.000,1989/3/9,Holding,343968.188
 338.000,1989/3/10,Holding,320271.000
 339.000,1989/3/11,Holding,335504.875
 340.000,1989/3/13,Holding,343968.188
 341.000,1989/3/14,Holding,320271.000
 342.000,1989/3/15,Holding,281339.938
 343.000,1989/3/16,Holding,219558.000
 344.000,1989/3/17,Holding,211941.031
 345.000,1989/3/18,Holding,258489.063
 346.000,1989/3/20,Holding,222943.297
 347.000,1989/3/21,Holding,222943.297
 348.000,1989/3/22,Holding,222943.297
 349.000,1989/3/23,Holding,261874.375
 350.000,1989/3/24,Holding,325348.938
 351.000,1989/3/25,Holding,372743.250
 352.000,1989/3/27,Holding,309268.750
 353.000,1989/3/28,Holding,309268.750
 354.000,1989/3/30,Holding,325348.938
 355.000,1989/3/31,Holding,309268.750
 356.000,1989/4/1,Holding,246640.438
 357.000,1989/4/3,Holding,301651.813
 358.000,1989/4/4,Sell,301651.813
 359.000,1989/4/6,Waiting,301651.813
 360.000,1989/4/7,Waiting,301651.813
 361.000,1989/4/8,Buy,301651.813
 362.000,1989/4/10,Holding,366812.000
 363.000,1989/4/11,Holding,431972.000
 364.000,1989/4/12,Holding,496356.594
 365.000,1989/4/13,Holding,453692.125
 366.000,1989/4/14,Holding,380774.750
 367.000,1989/4/15,Holding,445934.938
 368.000,1989/4/17,Holding,496356.594
 369.000,1989/4/18,Holding,467655.031
 370.000,1989/4/19,Holding,496356.594
 371.000,1989/4/20,Holding,569273.813
 372.000,1989/4/21,Holding,619695.313
 373.000,1989/4/22,Holding,604956.813
 374.000,1989/4/24,Holding,576255.250
 375.000,1989/4/25,Holding,576255.250
 376.000,1989/4/26,Holding,547553.875
 377.000,1989/4/27,Holding,583236.750
 378.000,1989/4/28,Holding,532815.188
 379.000,1989/4/29,Holding,554535.313
 380.000,1989/5/1,Holding,626676.750
 381.000,1989/5/2,Holding,641415.438
 382.000,1989/5/3,Holding,612714.000
 383.000,1989/5/4,Holding,619695.313
 384.000,1989/5/5,Holding,663135.500
 385.000,1989/5/6,Holding,641415.438
 386.000,1989/5/8,Holding,663135.500
 387.000,1989/5/9,Holding,691836.938
 388.000,1989/5/10,Holding,706575.625
 389.000,1989/5/11,Holding,670117.000
 390.000,1989/5/12,Holding,626676.750
 391.000,1989/5/13,Holding,626676.750
 392.000,1989/5/15,Holding,641415.438
 393.000,1989/5/16,Holding,663135.500
 394.000,1989/5/17,Holding,663135.500
 395.000,1989/5/18,Holding,663135.500
 396.000,1989/5/19,Holding,663135.500
 397.000,1989/5/20,Holding,742258.500
 398.000,1989/5/22,Holding,829138.750
 399.000,1989/5/23,Holding,793455.875
 400.000,1989/5/24,Holding,807418.625
 401.000,1989/5/25,Holding,815175.875
 402.000,1989/5/26,Holding,793455.875
 403.000,1989/5/27,Holding,735277.125
 404.000,1989/5/29,Holding,763978.625
 405.000,1989/5/30,Holding,771735.750
 406.000,1989/5/31,Holding,843877.375
 407.000,1989/6/1,Holding,763978.625
 408.000,1989/6/2,Holding,698818.375
 409.000,1989/6/3,Holding,750015.625
 410.000,1989/6/5,Holding,663135.500
 411.000,1989/6/6,Holding,583236.750
 412.000,1989/6/7,Holding,604956.813
 413.000,1989/6/9,Sell,663135.500
 414.000,1989/6/10,Waiting,663135.500
 415.000,1989/6/12,Waiting,663135.500
 416.000,1989/6/13,Waiting,663135.500
 417.000,1989/6/14,Buy,663135.500
 418.000,1989/6/15,Holding,650130.938
 419.000,1989/6/16,Holding,697091.750
 420.000,1989/6/17,Holding,683364.688
 421.000,1989/6/19,Holding,703594.000
 422.000,1989/6/20,Holding,670360.250
 423.000,1989/6/21,Holding,710818.750
 424.000,1989/6/22,Holding,690589.438
 425.000,1989/6/23,Holding,642906.188
 426.000,1989/6/24,Holding,636403.875
 427.000,1989/6/26,Holding,555486.875
 428.000,1989/6/27,Sell,561989.125
 429.000,1989/6/28,Waiting,561989.125
 430.000,1989/6/29,Waiting,561989.125
 431.000,1989/6/30,Waiting,561989.125
 432.000,1989/7/3,Waiting,561989.125
 433.000,1989/7/4,Waiting,561989.125
 434.000,1989/7/5,Waiting,561989.125
 435.000,1989/7/6,Waiting,561989.125
 436.000,1989/7/7,Waiting,561989.125
 437.000,1989/7/8,Waiting,561989.125
 438.000,1989/7/10,Waiting,561989.125
 439.000,1989/7/11,Waiting,561989.125
 440.000,1989/7/12,Waiting,561989.125
 441.000,1989/7/13,Waiting,561989.125
 442.000,1989/7/14,Waiting,561989.125
 443.000,1989/7/15,Waiting,561989.125
 444.000,1989/7/17,Waiting,561989.125
 445.000,1989/7/18,Waiting,561989.125
 446.000,1989/7/19,Waiting,561989.125
 447.000,1989/7/20,Waiting,561989.125
 448.000,1989/7/21,Waiting,561989.125
 449.000,1989/7/22,Waiting,561989.125
 450.000,1989/7/24,Waiting,561989.125
 451.000,1989/7/25,Waiting,561989.125
 452.000,1989/7/26,Waiting,561989.125
 453.000,1989/7/27,Waiting,561989.125
 454.000,1989/7/28,Waiting,561989.125
 455.000,1989/7/29,Waiting,561989.125
 456.000,1989/7/31,Waiting,561989.125
 457.000,1989/8/1,Waiting,561989.125
 458.000,1989/8/2,Waiting,561989.125
 459.000,1989/8/3,Waiting,561989.125
 460.000,1989/8/4,Waiting,561989.125
 461.000,1989/8/5,Waiting,561989.125
 462.000,1989/8/7,Waiting,561989.125
 463.000,1989/8/8,Waiting,561989.125
 464.000,1989/8/9,Waiting,561989.125
 465.000,1989/8/10,Waiting,561989.125
 466.000,1989/8/11,Waiting,561989.125
 467.000,1989/8/12,Waiting,561989.125
 468.000,1989/8/14,Waiting,561989.125
 469.000,1989/8/15,Waiting,561989.125
 470.000,1989/8/16,Waiting,561989.125
 471.000,1989/8/17,Waiting,561989.125
 472.000,1989/8/18,Waiting,561989.125
 473.000,1989/8/19,Waiting,561989.125
 474.000,1989/8/21,Waiting,561989.125
 475.000,1989/8/22,Waiting,561989.125
 476.000,1989/8/23,Waiting,561989.125
 477.000,1989/8/24,Waiting,561989.125
 478.000,1989/8/25,Waiting,561989.125
 479.000,1989/8/26,Waiting,561989.125
 480.000,1989/8/28,Waiting,561989.125
 481.000,1989/8/29,Buy,561989.125
 482.000,1989/8/30,Holding,507864.188
 483.000,1989/8/31,Holding,514803.281
 484.000,1989/9/1,Holding,521048.500
 485.000,1989/9/2,Holding,507864.188
 486.000,1989/9/4,Holding,514803.281
 487.000,1989/9/5,Holding,493986.063
 488.000,1989/9/6,Holding,500925.063
 489.000,1989/9/7,Holding,521048.500
 490.000,1989/9/8,Holding,568928.250
 491.000,1989/9/9,Holding,548110.875
 492.000,1989/9/11,Holding,534926.688
 493.000,1989/9/13,Holding,595990.625
 494.000,1989/9/15,Holding,629992.188
 495.000,1989/9/16,Holding,602929.750
 496.000,1989/9/18,Holding,616114.063
 497.000,1989/9/19,Holding,602929.750
 498.000,1989/9/20,Holding,575867.250
 499.000,1989/9/21,Holding,568928.250
 500.000,1989/9/22,Holding,568928.250
 501.000,1989/9/23,Holding,575867.250
 502.000,1989/9/25,Holding,595990.625
 503.000,1989/9/26,Holding,575867.250
 504.000,1989/9/27,Holding,561989.125
 505.000,1989/9/29,Holding,534926.688
 506.000,1989/9/30,Holding,527987.625
 507.000,1989/10/2,Holding,493986.063
 508.000,1989/10/3,Sell,514803.281
 509.000,1989/10/4,Waiting,514803.281
 510.000,1989/10/5,Waiting,514803.281
 511.000,1989/10/6,Waiting,514803.281
 512.000,1989/10/7,Waiting,514803.281
 513.000,1989/10/9,Waiting,514803.281
 514.000,1989/10/11,Waiting,514803.281
 515.000,1989/10/12,Waiting,514803.281
 516.000,1989/10/13,Buy,514803.281
 517.000,1989/10/14,Holding,474215.906
 518.000,1989/10/16,Sell,434316.438
 519.000,1989/10/17,Waiting,434316.438
 520.000,1989/10/18,Waiting,434316.438
 521.000,1989/10/19,Waiting,434316.438
 522.000,1989/10/20,Waiting,434316.438
 523.000,1989/10/21,Waiting,434316.438
 524.000,1989/10/23,Waiting,434316.438
 525.000,1989/10/24,Waiting,434316.438
 526.000,1989/10/26,Waiting,434316.438
 527.000,1989/10/27,Waiting,434316.438
 528.000,1989/10/28,Waiting,434316.438
 529.000,1989/10/30,Waiting,434316.438
 530.000,1989/11/1,Waiting,434316.438
 531.000,1989/11/2,Waiting,434316.438
 532.000,1989/11/3,Waiting,434316.438
 533.000,1989/11/4,Waiting,434316.438
 534.000,1989/11/6,Waiting,434316.438
 535.000,1989/11/7,Waiting,434316.438
 536.000,1989/11/8,Waiting,434316.438
 537.000,1989/11/9,Waiting,434316.438
 538.000,1989/11/10,Waiting,434316.438
 539.000,1989/11/11,Waiting,434316.438
 540.000,1989/11/14,Waiting,434316.438
 541.000,1989/11/15,Buy,434316.438
 542.000,1989/11/16,Holding,403491.219
 543.000,1989/11/17,Holding,403491.219
 544.000,1989/11/18,Holding,434316.438
 545.000,1989/11/20,Holding,422363.875
 546.000,1989/11/21,Holding,385247.781
 547.000,1989/11/22,Sell,360713.344
 548.000,1989/11/23,Waiting,360713.344
 549.000,1989/11/24,Waiting,360713.344
 550.000,1989/11/25,Waiting,360713.344
 551.000,1989/11/27,Waiting,360713.344
 552.000,1989/11/28,Waiting,360713.344
 553.000,1989/11/29,Waiting,360713.344
 554.000,1989/11/30,Waiting,360713.344
 555.000,1989/12/1,Waiting,360713.344
 556.000,1989/12/4,Waiting,360713.344
 557.000,1989/12/5,Waiting,360713.344
 558.000,1989/12/6,Waiting,360713.344
 559.000,1989/12/7,Waiting,360713.344
 560.000,1989/12/8,Waiting,360713.344
 561.000,1989/12/9,Waiting,360713.344
 562.000,1989/12/11,Waiting,360713.344
 563.000,1989/12/12,Waiting,360713.344
 564.000,1989/12/13,Waiting,360713.344
 565.000,1989/12/14,Waiting,360713.344
 566.000,1989/12/15,Waiting,360713.344
 567.000,1989/12/16,Waiting,360713.344
 568.000,1989/12/18,Waiting,360713.344
 569.000,1989/12/19,Waiting,360713.344
 570.000,1989/12/20,Waiting,360713.344
 571.000,1989/12/21,Waiting,360713.344
 572.000,1989/12/22,Waiting,360713.344
 573.000,1989/12/23,Waiting,360713.344
 574.000,1989/12/26,Waiting,360713.344
 575.000,1989/12/27,Buy,360713.344
 576.000,1989/12/28,Holding,421271.875
 577.000,1990/1/4,Holding,518289.125
 578.000,1990/1/5,Holding,560309.375
 579.000,1990/1/6,Holding,536209.563
 580.000,1990/1/8,Holding,523850.625
 581.000,1990/1/9,Holding,493571.375
 582.000,1990/1/10,Holding,523850.625
 583.000,1990/1/11,Holding,584409.125
 584.000,1990/1/12,Holding,693167.375
 585.000,1990/1/13,Holding,644967.750
 586.000,1990/1/15,Holding,729626.063
 587.000,1990/1/16,Holding,711705.750
 588.000,1990/1/17,Holding,681426.375
 589.000,1990/1/18,Holding,711705.750
 590.000,1990/1/19,Holding,753725.875
 591.000,1990/1/22,Holding,814284.500
 592.000,1990/1/23,Holding,759905.375
 593.000,1990/1/31,Holding,753725.875
 594.000,1990/2/1,Holding,772264.250
 595.000,1990/2/2,Holding,784005.250
 596.000,1990/2/3,Holding,717885.125
 597.000,1990/2/5,Holding,741985.000
 598.000,1990/2/6,Holding,735805.500
 599.000,1990/2/7,Holding,711705.750
 600.000,1990/2/8,Holding,699346.813
 601.000,1990/2/9,Holding,753725.875
 602.000,1990/2/10,Holding,723446.625
 603.000,1990/2/12,Holding,723446.625
 604.000,1990/2/13,Holding,717885.125
 605.000,1990/2/14,Holding,741985.000
 606.000,1990/2/15,Holding,711705.750
 607.000,1990/2/16,Holding,651147.125
 608.000,1990/2/17,Holding,662888.125
 609.000,1990/2/19,Holding,657326.563
 610.000,1990/2/20,Holding,735805.500
 611.000,1990/2/21,Holding,687605.875
 612.000,1990/2/22,Holding,662888.125
 613.000,1990/2/23,Holding,669067.563
 614.000,1990/2/24,Holding,638788.250
 615.000,1990/2/26,Holding,560309.375
 616.000,1990/2/27,Holding,602947.500
 617.000,1990/2/28,Sell,627047.313
 618.000,1990/3/1,Waiting,627047.313
 619.000,1990/3/2,Waiting,627047.313
 620.000,1990/3/3,Waiting,627047.313
 621.000,1990/3/5,Waiting,627047.313
 622.000,1990/3/6,Waiting,627047.313
 623.000,1990/3/7,Waiting,627047.313
 624.000,1990/3/8,Waiting,627047.313
 625.000,1990/3/9,Waiting,627047.313
 626.000,1990/3/10,Waiting,627047.313
 627.000,1990/3/12,Waiting,627047.313
 628.000,1990/3/13,Waiting,627047.313
 629.000,1990/3/14,Waiting,627047.313
 630.000,1990/3/15,Waiting,627047.313
 631.000,1990/3/16,Waiting,627047.313
 632.000,1990/3/17,Waiting,627047.313
 633.000,1990/3/19,Waiting,627047.313
 634.000,1990/3/20,Waiting,627047.313
 635.000,1990/3/21,Waiting,627047.313
 636.000,1990/3/22,Waiting,627047.313
 637.000,1990/3/23,Waiting,627047.313
 638.000,1990/3/24,Waiting,627047.313
 639.000,1990/3/26,Waiting,627047.313
 640.000,1990/3/27,Waiting,627047.313
 641.000,1990/3/28,Waiting,627047.313
 642.000,1990/3/30,Waiting,627047.313
 643.000,1990/3/31,Waiting,627047.313
 644.000,1990/4/2,Waiting,627047.313
 645.000,1990/4/3,Waiting,627047.313
 646.000,1990/4/4,Waiting,627047.313
 647.000,1990/4/6,Waiting,627047.313
 648.000,1990/4/7,Waiting,627047.313
 649.000,1990/4/9,Waiting,627047.313
 650.000,1990/4/10,Waiting,627047.313
 651.000,1990/4/11,Waiting,627047.313
 652.000,1990/4/12,Waiting,627047.313
 653.000,1990/4/13,Waiting,627047.313
 654.000,1990/4/14,Waiting,627047.313
 655.000,1990/4/16,Waiting,627047.313
 656.000,1990/4/17,Waiting,627047.313
 657.000,1990/4/18,Waiting,627047.313
 658.000,1990/4/19,Waiting,627047.313
 659.000,1990/4/20,Waiting,627047.313
 660.000,1990/4/21,Waiting,627047.313
 661.000,1990/4/23,Waiting,627047.313
 662.000,1990/4/24,Waiting,627047.313
 663.000,1990/4/25,Waiting,627047.313
 664.000,1990/4/26,Waiting,627047.313
 665.000,1990/4/27,Waiting,627047.313
 666.000,1990/4/28,Waiting,627047.313
 667.000,1990/4/30,Waiting,627047.313
 668.000,1990/5/1,Waiting,627047.313
 669.000,1990/5/2,Waiting,627047.313
 670.000,1990/5/3,Waiting,627047.313
 671.000,1990/5/4,Waiting,627047.313
 672.000,1990/5/5,Waiting,627047.313
 673.000,1990/5/7,Waiting,627047.313
 674.000,1990/5/8,Waiting,627047.313
 675.000,1990/5/9,Waiting,627047.313
 676.000,1990/5/10,Waiting,627047.313
 677.000,1990/5/11,Waiting,627047.313
 678.000,1990/5/12,Waiting,627047.313
 679.000,1990/5/14,Waiting,627047.313
 680.000,1990/5/15,Waiting,627047.313
 681.000,1990/5/16,Waiting,627047.313
 682.000,1990/5/17,Waiting,627047.313
 683.000,1990/5/18,Waiting,627047.313
 684.000,1990/5/21,Waiting,627047.313
 685.000,1990/5/22,Waiting,627047.313
 686.000,1990/5/23,Waiting,627047.313
 687.000,1990/5/24,Waiting,627047.313
 688.000,1990/5/25,Waiting,627047.313
 689.000,1990/5/26,Waiting,627047.313
 690.000,1990/5/29,Waiting,627047.313
 691.000,1990/5/30,Waiting,627047.313
 692.000,1990/5/31,Waiting,627047.313
 693.000,1990/6/1,Waiting,627047.313
 694.000,1990/6/2,Waiting,627047.313
 695.000,1990/6/4,Waiting,627047.313
 696.000,1990/6/5,Waiting,627047.313
 697.000,1990/6/6,Waiting,627047.313
 698.000,1990/6/7,Waiting,627047.313
 699.000,1990/6/8,Waiting,627047.313
 700.000,1990/6/9,Waiting,627047.313
 701.000,1990/6/11,Waiting,627047.313
 702.000,1990/6/12,Waiting,627047.313
 703.000,1990/6/13,Waiting,627047.313
 704.000,1990/6/14,Waiting,627047.313
 705.000,1990/6/15,Waiting,627047.313
 706.000,1990/6/18,Waiting,627047.313
 707.000,1990/6/19,Waiting,627047.313
 708.000,1990/6/20,Waiting,627047.313
 709.000,1990/6/21,Waiting,627047.313
 710.000,1990/6/22,Waiting,627047.313
 711.000,1990/6/25,Waiting,627047.313
 712.000,1990/6/26,Waiting,627047.313
 713.000,1990/6/27,Waiting,627047.313
 714.000,1990/6/29,Waiting,627047.313
 715.000,1990/6/30,Waiting,627047.313
 716.000,1990/7/3,Waiting,627047.313
 717.000,1990/7/4,Waiting,627047.313
 718.000,1990/7/5,Waiting,627047.313
 719.000,1990/7/6,Waiting,627047.313
 720.000,1990/7/7,Waiting,627047.313
 721.000,1990/7/9,Waiting,627047.313
 722.000,1990/7/10,Waiting,627047.313
 723.000,1990/7/11,Waiting,627047.313
 724.000,1990/7/12,Waiting,627047.313
 725.000,1990/7/13,Waiting,627047.313
 726.000,1990/7/14,Waiting,627047.313
 727.000,1990/7/16,Waiting,627047.313
 728.000,1990/7/17,Waiting,627047.313
 729.000,1990/7/18,Waiting,627047.313
 730.000,1990/7/19,Waiting,627047.313
 731.000,1990/7/20,Waiting,627047.313
 732.000,1990/7/21,Waiting,627047.313
 733.000,1990/7/23,Waiting,627047.313
 734.000,1990/7/24,Waiting,627047.313
 735.000,1990/7/25,Waiting,627047.313
 736.000,1990/7/26,Waiting,627047.313
 737.000,1990/7/27,Waiting,627047.313
 738.000,1990/7/28,Waiting,627047.313
 739.000,1990/7/30,Waiting,627047.313
 740.000,1990/7/31,Waiting,627047.313
 741.000,1990/8/1,Waiting,627047.313
 742.000,1990/8/2,Waiting,627047.313
 743.000,1990/8/3,Waiting,627047.313
 744.000,1990/8/4,Waiting,627047.313
 745.000,1990/8/6,Waiting,627047.313
 746.000,1990/8/7,Waiting,627047.313
 747.000,1990/8/8,Waiting,627047.313
 748.000,1990/8/9,Waiting,627047.313
 749.000,1990/8/10,Waiting,627047.313
 750.000,1990/8/11,Waiting,627047.313
 751.000,1990/8/13,Waiting,627047.313
 752.000,1990/8/14,Waiting,627047.313
 753.000,1990/8/15,Waiting,627047.313
 754.000,1990/8/16,Waiting,627047.313
 755.000,1990/8/17,Waiting,627047.313
 756.000,1990/8/18,Waiting,627047.313
 757.000,1990/8/20,Waiting,627047.313
 758.000,1990/8/21,Waiting,627047.313
 759.000,1990/8/22,Waiting,627047.313
 760.000,1990/8/23,Waiting,627047.313
 761.000,1990/8/24,Waiting,627047.313
 762.000,1990/8/25,Waiting,627047.313
 763.000,1990/8/27,Waiting,627047.313
 764.000,1990/8/28,Waiting,627047.313
 765.000,1990/8/29,Waiting,627047.313
 766.000,1990/8/31,Waiting,627047.313
 767.000,1990/9/1,Waiting,627047.313
 768.000,1990/9/3,Waiting,627047.313
 769.000,1990/9/4,Waiting,627047.313
 770.000,1990/9/5,Waiting,627047.313
 771.000,1990/9/6,Waiting,627047.313
 772.000,1990/9/10,Waiting,627047.313
 773.000,1990/9/11,Waiting,627047.313
 774.000,1990/9/12,Waiting,627047.313
 775.000,1990/9/13,Waiting,627047.313
 776.000,1990/9/14,Waiting,627047.313
 777.000,1990/9/15,Waiting,627047.313
 778.000,1990/9/17,Waiting,627047.313
 779.000,1990/9/18,Waiting,627047.313
 780.000,1990/9/19,Waiting,627047.313
 781.000,1990/9/20,Waiting,627047.313
 782.000,1990/9/21,Waiting,627047.313
 783.000,1990/9/22,Waiting,627047.313
 784.000,1990/9/24,Waiting,627047.313
 785.000,1990/9/25,Waiting,627047.313
 786.000,1990/9/26,Waiting,627047.313
 787.000,1990/9/27,Waiting,627047.313
 788.000,1990/10/1,Waiting,627047.313
 789.000,1990/10/2,Waiting,627047.313
 790.000,1990/10/4,Waiting,627047.313
 791.000,1990/10/5,Waiting,627047.313
 792.000,1990/10/6,Waiting,627047.313
 793.000,1990/10/8,Waiting,627047.313
 794.000,1990/10/9,Waiting,627047.313
 795.000,1990/10/11,Waiting,627047.313
 796.000,1990/10/12,Waiting,627047.313
 797.000,1990/10/13,Waiting,627047.313
 798.000,1990/10/15,Waiting,627047.313
 799.000,1990/10/16,Waiting,627047.313
 800.000,1990/10/17,Waiting,627047.313
 801.000,1990/10/18,Waiting,627047.313
 802.000,1990/10/19,Waiting,627047.313
 803.000,1990/10/20,Waiting,627047.313
 804.000,1990/10/22,Waiting,627047.313
 805.000,1990/10/23,Waiting,627047.313
 806.000,1990/10/24,Waiting,627047.313
 807.000,1990/10/26,Waiting,627047.313
 808.000,1990/10/27,Waiting,627047.313
 809.000,1990/10/29,Waiting,627047.313
 810.000,1990/10/30,Waiting,627047.313
 811.000,1990/11/1,Waiting,627047.313
 812.000,1990/11/2,Waiting,627047.313
 813.000,1990/11/3,Waiting,627047.313
 814.000,1990/11/5,Waiting,627047.313
 815.000,1990/11/6,Waiting,627047.313
 816.000,1990/11/7,Waiting,627047.313
 817.000,1990/11/8,Waiting,627047.313
 818.000,1990/11/9,Waiting,627047.313
 819.000,1990/11/10,Waiting,627047.313
 820.000,1990/11/13,Waiting,627047.313
 821.000,1990/11/14,Waiting,627047.313
 822.000,1990/11/15,Waiting,627047.313
 823.000,1990/11/16,Waiting,627047.313
 824.000,1990/11/17,Waiting,627047.313
 825.000,1990/11/19,Waiting,627047.313
 826.000,1990/11/20,Waiting,627047.313
 827.000,1990/11/21,Waiting,627047.313
 828.000,1990/11/22,Waiting,627047.313
 829.000,1990/11/23,Waiting,627047.313
 830.000,1990/11/24,Waiting,627047.313
 831.000,1990/11/26,Waiting,627047.313
 832.000,1990/11/27,Waiting,627047.313
 833.000,1990/11/28,Waiting,627047.313
 834.000,1990/11/29,Waiting,627047.313
 835.000,1990/11/30,Waiting,627047.313
 836.000,1990/12/1,Buy,627047.313
 837.000,1990/12/3,Holding,579286.625
 838.000,1990/12/4,Holding,504461.469
 839.000,1990/12/5,Holding,588838.625
 840.000,1990/12/6,Holding,485357.219
 841.000,1990/12/7,Holding,560182.313
 842.000,1990/12/8,Holding,466252.938
 843.000,1990/12/10,Holding,439188.563
 844.000,1990/12/11,Sell,439188.563
 845.000,1990/12/12,Waiting,439188.563
 846.000,1990/12/13,Waiting,439188.563
 847.000,1990/12/14,Waiting,439188.563
 848.000,1990/12/15,Waiting,439188.563
 849.000,1990/12/17,Waiting,439188.563
 850.000,1990/12/18,Waiting,439188.563
 851.000,1990/12/19,Waiting,439188.563
 852.000,1990/12/20,Waiting,439188.563
 853.000,1990/12/21,Waiting,439188.563
 854.000,1990/12/22,Waiting,439188.563
 855.000,1990/12/24,Waiting,439188.563
 856.000,1990/12/26,Waiting,439188.563
 857.000,1990/12/27,Waiting,439188.563
 858.000,1991/1/3,Waiting,439188.563
 859.000,1991/1/4,Waiting,439188.563
 860.000,1991/1/5,Waiting,439188.563
 861.000,1991/1/7,Waiting,439188.563
 862.000,1991/1/8,Waiting,439188.563
 863.000,1991/1/9,Waiting,439188.563
 864.000,1991/1/10,Waiting,439188.563
 865.000,1991/1/11,Waiting,439188.563
 866.000,1991/1/12,Waiting,439188.563
 867.000,1991/1/14,Waiting,439188.563
 868.000,1991/1/15,Waiting,439188.563
 869.000,1991/1/16,Waiting,439188.563
 870.000,1991/1/17,Waiting,439188.563
 871.000,1991/1/18,Waiting,439188.563
 872.000,1991/1/19,Waiting,439188.563
 873.000,1991/1/21,Waiting,439188.563
 874.000,1991/1/22,Waiting,439188.563
 875.000,1991/1/23,Waiting,439188.563
 876.000,1991/1/24,Waiting,439188.563
 877.000,1991/1/25,Waiting,439188.563
 878.000,1991/1/26,Waiting,439188.563
 879.000,1991/1/28,Waiting,439188.563
 880.000,1991/1/29,Waiting,439188.563
 881.000,1991/1/30,Waiting,439188.563
 882.000,1991/1/31,Waiting,439188.563
 883.000,1991/2/1,Waiting,439188.563
 884.000,1991/2/2,Waiting,439188.563
 885.000,1991/2/4,Waiting,439188.563
 886.000,1991/2/5,Waiting,439188.563
 887.000,1991/2/6,Waiting,439188.563
 888.000,1991/2/7,Waiting,439188.563
 889.000,1991/2/8,Waiting,439188.563
 890.000,1991/2/9,Waiting,439188.563
 891.000,1991/2/11,Waiting,439188.563
 892.000,1991/2/19,Buy,439188.563
 893.000,1991/2/20,Holding,397432.563
 894.000,1991/2/21,Holding,487903.781
 895.000,1991/2/22,Holding,397432.563
 896.000,1991/2/23,Holding,487903.781
 897.000,1991/2/25,Holding,504606.281
 898.000,1991/2/26,Holding,454499.031
 899.000,1991/2/27,Holding,496255.031
 900.000,1991/2/28,Holding,538011.000
 901.000,1991/3/1,Holding,496255.031
 902.000,1991/3/2,Holding,397432.563
 903.000,1991/3/4,Holding,357068.500
 904.000,1991/3/5,Holding,332014.875
 905.000,1991/3/6,Holding,315312.500
 906.000,1991/3/7,Holding,357068.500
 907.000,1991/3/8,Holding,364027.844
 908.000,1991/3/9,Holding,414134.938
 909.000,1991/3/11,Holding,439188.563
 910.000,1991/3/12,Holding,430837.313
 911.000,1991/3/13,Holding,405783.813
 912.000,1991/3/14,Holding,397432.563
 913.000,1991/3/15,Holding,430837.313
 914.000,1991/3/16,Holding,422486.188
 915.000,1991/3/18,Holding,380730.219
 916.000,1991/3/19,Holding,380730.219
 917.000,1991/3/20,Holding,364027.844
 918.000,1991/3/21,Holding,357068.500
 919.000,1991/3/22,Holding,364027.844
 920.000,1991/3/23,Holding,348717.250
 921.000,1991/3/25,Holding,364027.844
 922.000,1991/3/26,Holding,364027.844
 923.000,1991/3/27,Holding,397432.563
 924.000,1991/3/28,Holding,454499.031
 925.000,1991/4/1,Holding,479552.656
 926.000,1991/4/2,Holding,405783.813
 927.000,1991/4/3,Holding,439188.563
 928.000,1991/4/8,Holding,462850.281
 929.000,1991/4/9,Holding,454499.031
 930.000,1991/4/10,Holding,462850.281
 931.000,1991/4/11,Holding,529659.750
 932.000,1991/4/12,Holding,496255.031
 933.000,1991/4/13,Holding,504606.281
 934.000,1991/4/15,Holding,544970.375
 935.000,1991/4/16,Holding,439188.563
 936.000,1991/4/17,Holding,471201.406
 937.000,1991/4/18,Holding,521308.625
 938.000,1991/4/19,Holding,512957.375
 939.000,1991/4/20,Holding,538011.000
 940.000,1991/4/22,Holding,544970.375
 941.000,1991/4/23,Holding,544970.375
 942.000,1991/4/24,Holding,529659.750
 943.000,1991/4/25,Holding,538011.000
 944.000,1991/4/26,Holding,544970.375
 945.000,1991/4/27,Holding,628482.188
 946.000,1991/4/29,Holding,660495.188
 947.000,1991/4/30,Holding,776020.000
 948.000,1991/5/1,Holding,693899.875
 949.000,1991/5/2,Holding,668846.250
 950.000,1991/5/3,Holding,660495.188
 951.000,1991/5/4,Holding,703642.875
 952.000,1991/5/6,Holding,787154.875
 953.000,1991/5/7,Holding,753750.125
 954.000,1991/5/8,Holding,770452.500
 955.000,1991/5/9,Holding,853964.375
 956.000,1991/5/10,Holding,853964.375
 957.000,1991/5/11,Holding,803857.250
 958.000,1991/5/13,Holding,770452.500
 959.000,1991/5/14,Holding,778803.625
 960.000,1991/5/15,Holding,661886.938
 961.000,1991/5/16,Holding,686940.563
 962.000,1991/5/17,Holding,737047.625
 963.000,1991/5/18,Holding,695291.813
 964.000,1991/5/20,Holding,728696.500
 965.000,1991/5/21,Holding,745398.875
 966.000,1991/5/22,Holding,745398.875
 967.000,1991/5/23,Holding,737047.625
 968.000,1991/5/24,Holding,737047.625
 969.000,1991/5/25,Holding,703642.875
 970.000,1991/5/27,Holding,686940.563
 971.000,1991/5/28,Holding,703642.875
 972.000,1991/5/29,Holding,603428.750
 973.000,1991/5/30,Holding,603428.750
 974.000,1991/5/31,Holding,620131.063
 975.000,1991/6/1,Holding,645184.563
 976.000,1991/6/3,Holding,695291.813
 977.000,1991/6/4,Holding,636833.438
 978.000,1991/6/5,Holding,695291.813
 979.000,1991/6/6,Holding,686940.563
 980.000,1991/6/7,Holding,720345.250
 981.000,1991/6/8,Holding,728696.500
 982.000,1991/6/10,Holding,695291.813
 983.000,1991/6/11,Holding,745398.875
 984.000,1991/6/12,Holding,720345.250
 985.000,1991/6/13,Holding,720345.250
 986.000,1991/6/14,Holding,745398.875
 987.000,1991/6/15,Holding,787154.875
 988.000,1991/6/18,Holding,770452.500
 989.000,1991/6/19,Holding,778803.625
 990.000,1991/6/20,Holding,770452.500
 991.000,1991/6/21,Holding,770452.500
 992.000,1991/6/22,Holding,770452.500
 993.000,1991/6/24,Holding,778803.625
 994.000,1991/6/25,Holding,703642.875
 995.000,1991/6/26,Holding,737047.625
 996.000,1991/6/27,Holding,720345.250
 997.000,1991/6/28,Holding,737047.625
 998.000,1991/6/29,Holding,703642.875
 999.000,1991/7/2,Sell,670238.188
1000.000,1991/7/3,Waiting,670238.188
1001.000,1991/7/4,Waiting,670238.188
1002.000,1991/7/5,Waiting,670238.188
1003.000,1991/7/6,Waiting,670238.188
1004.000,1991/7/8,Waiting,670238.188
1005.000,1991/7/9,Waiting,670238.188
1006.000,1991/7/10,Waiting,670238.188
1007.000,1991/7/11,Waiting,670238.188
1008.000,1991/7/12,Waiting,670238.188
1009.000,1991/7/13,Waiting,670238.188
1010.000,1991/7/15,Waiting,670238.188
1011.000,1991/7/16,Waiting,670238.188
1012.000,1991/7/17,Waiting,670238.188
1013.000,1991/7/18,Waiting,670238.188
1014.000,1991/7/20,Waiting,670238.188
1015.000,1991/7/22,Waiting,670238.188
1016.000,1991/7/23,Waiting,670238.188
1017.000,1991/7/24,Waiting,670238.188
1018.000,1991/7/25,Waiting,670238.188
1019.000,1991/7/26,Waiting,670238.188
1020.000,1991/7/27,Waiting,670238.188
1021.000,1991/7/29,Waiting,670238.188
1022.000,1991/7/30,Waiting,670238.188
1023.000,1991/7/31,Waiting,670238.188
1024.000,1991/8/1,Waiting,670238.188
1025.000,1991/8/2,Waiting,670238.188
1026.000,1991/8/3,Waiting,670238.188
1027.000,1991/8/5,Waiting,670238.188
1028.000,1991/8/6,Waiting,670238.188
1029.000,1991/8/7,Waiting,670238.188
1030.000,1991/8/8,Waiting,670238.188
1031.000,1991/8/9,Waiting,670238.188
1032.000,1991/8/10,Waiting,670238.188
1033.000,1991/8/12,Waiting,670238.188
1034.000,1991/8/13,Waiting,670238.188
1035.000,1991/8/14,Waiting,670238.188
1036.000,1991/8/15,Waiting,670238.188
1037.000,1991/8/16,Waiting,670238.188
1038.000,1991/8/17,Waiting,670238.188
1039.000,1991/8/19,Waiting,670238.188
1040.000,1991/8/20,Waiting,670238.188
1041.000,1991/8/21,Waiting,670238.188
1042.000,1991/8/22,Waiting,670238.188
1043.000,1991/8/23,Waiting,670238.188
1044.000,1991/8/24,Waiting,670238.188
1045.000,1991/8/26,Waiting,670238.188
1046.000,1991/8/27,Waiting,670238.188
1047.000,1991/8/28,Waiting,670238.188
1048.000,1991/8/29,Waiting,670238.188
1049.000,1991/8/30,Waiting,670238.188
1050.000,1991/8/31,Waiting,670238.188
1051.000,1991/9/2,Waiting,670238.188
1052.000,1991/9/3,Waiting,670238.188
1053.000,1991/9/4,Waiting,670238.188
1054.000,1991/9/5,Waiting,670238.188
1055.000,1991/9/6,Waiting,670238.188
1056.000,1991/9/7,Waiting,670238.188
1057.000,1991/9/9,Waiting,670238.188
1058.000,1991/9/10,Waiting,670238.188
1059.000,1991/9/11,Waiting,670238.188
1060.000,1991/9/12,Waiting,670238.188
1061.000,1991/9/13,Waiting,670238.188
1062.000,1991/9/14,Waiting,670238.188
1063.000,1991/9/16,Waiting,670238.188
1064.000,1991/9/17,Waiting,670238.188
1065.000,1991/9/18,Waiting,670238.188
1066.000,1991/9/19,Waiting,670238.188
1067.000,1991/9/20,Waiting,670238.188
1068.000,1991/9/21,Waiting,670238.188
1069.000,1991/9/24,Waiting,670238.188
1070.000,1991/9/25,Waiting,670238.188
1071.000,1991/9/26,Waiting,670238.188
1072.000,1991/9/27,Waiting,670238.188
1073.000,1991/9/30,Waiting,670238.188
1074.000,1991/10/1,Waiting,670238.188
1075.000,1991/10/2,Waiting,670238.188
1076.000,1991/10/3,Waiting,670238.188
1077.000,1991/10/4,Waiting,670238.188
1078.000,1991/10/5,Waiting,670238.188
1079.000,1991/10/7,Waiting,670238.188
1080.000,1991/10/8,Waiting,670238.188
1081.000,1991/10/9,Waiting,670238.188
1082.000,1991/10/11,Waiting,670238.188
1083.000,1991/10/12,Waiting,670238.188
1084.000,1991/10/14,Waiting,670238.188
1085.000,1991/10/15,Waiting,670238.188
1086.000,1991/10/16,Waiting,670238.188
1087.000,1991/10/17,Waiting,670238.188
1088.000,1991/10/18,Waiting,670238.188
1089.000,1991/10/19,Waiting,670238.188
1090.000,1991/10/21,Waiting,670238.188
1091.000,1991/10/22,Waiting,670238.188
1092.000,1991/10/23,Waiting,670238.188
1093.000,1991/10/24,Waiting,670238.188
1094.000,1991/10/28,Waiting,670238.188
1095.000,1991/10/29,Waiting,670238.188
1096.000,1991/10/30,Waiting,670238.188
1097.000,1991/11/1,Waiting,670238.188
1098.000,1991/11/2,Waiting,670238.188
1099.000,1991/11/4,Waiting,670238.188
1100.000,1991/11/5,Waiting,670238.188
1101.000,1991/11/6,Waiting,670238.188
1102.000,1991/11/7,Waiting,670238.188
1103.000,1991/11/8,Waiting,670238.188
1104.000,1991/11/9,Waiting,670238.188
1105.000,1991/11/11,Waiting,670238.188
1106.000,1991/11/13,Waiting,670238.188
1107.000,1991/11/14,Waiting,670238.188
1108.000,1991/11/15,Waiting,670238.188
1109.000,1991/11/16,Waiting,670238.188
1110.000,1991/11/18,Waiting,670238.188
1111.000,1991/11/19,Waiting,670238.188
1112.000,1991/11/20,Waiting,670238.188
1113.000,1991/11/21,Waiting,670238.188
1114.000,1991/11/22,Waiting,670238.188
1115.000,1991/11/23,Waiting,670238.188
1116.000,1991/11/25,Waiting,670238.188
1117.000,1991/11/26,Waiting,670238.188
1118.000,1991/11/27,Waiting,670238.188
1119.000,1991/11/28,Waiting,670238.188
1120.000,1991/11/29,Waiting,670238.188
1121.000,1991/11/30,Waiting,670238.188
1122.000,1991/12/2,Waiting,670238.188
1123.000,1991/12/3,Waiting,670238.188
1124.000,1991/12/4,Waiting,670238.188
1125.000,1991/12/5,Waiting,670238.188
1126.000,1991/12/6,Waiting,670238.188
1127.000,1991/12/7,Waiting,670238.188
1128.000,1991/12/9,Waiting,670238.188
1129.000,1991/12/10,Waiting,670238.188
1130.000,1991/12/11,Waiting,670238.188
1131.000,1991/12/12,Waiting,670238.188
1132.000,1991/12/13,Waiting,670238.188
1133.000,1991/12/14,Waiting,670238.188
1134.000,1991/12/16,Waiting,670238.188
1135.000,1991/12/17,Waiting,670238.188
1136.000,1991/12/18,Waiting,670238.188
1137.000,1991/12/19,Waiting,670238.188
1138.000,1991/12/20,Waiting,670238.188
1139.000,1991/12/23,Waiting,670238.188
1140.000,1991/12/24,Waiting,670238.188
1141.000,1991/12/26,Waiting,670238.188
1142.000,1991/12/27,Waiting,670238.188
1143.000,1991/12/28,Waiting,670238.188
1144.000,1992/1/4,Waiting,670238.188
1145.000,1992/1/6,Waiting,670238.188
1146.000,1992/1/7,Waiting,670238.188
1147.000,1992/1/8,Waiting,670238.188
1148.000,1992/1/9,Buy,670238.188
1149.000,1992/1/10,Holding,670238.188
1150.000,1992/1/11,Holding,682083.813
1151.000,1992/1/13,Holding,705775.188
1152.000,1992/1/14,Holding,693929.563
1153.000,1992/1/15,Holding,741312.188
1154.000,1992/1/16,Holding,741312.188
1155.000,1992/1/17,Holding,729466.563
1156.000,1992/1/18,Holding,693929.563
1157.000,1992/1/20,Holding,741312.188
1158.000,1992/1/21,Holding,729466.563
1159.000,1992/1/22,Holding,741312.188
1160.000,1992/1/23,Holding,717620.813
1161.000,1992/1/24,Holding,741312.188
1162.000,1992/1/25,Holding,765003.563
1163.000,1992/1/27,Holding,810693.875
1164.000,1992/1/28,Holding,788694.750
1165.000,1992/1/29,Holding,776849.188
1166.000,1992/1/30,Holding,788694.750
1167.000,1992/2/7,Holding,729466.563
1168.000,1992/2/8,Holding,717620.813
1169.000,1992/2/10,Holding,717620.813
1170.000,1992/2/11,Holding,693929.563
1171.000,1992/2/12,Holding,682083.813
1172.000,1992/2/13,Holding,693929.563
1173.000,1992/2/14,Holding,670238.188
1174.000,1992/2/15,Holding,658392.563
1175.000,1992/2/17,Sell,622855.563
1176.000,1992/2/18,Waiting,622855.563
1177.000,1992/2/19,Waiting,622855.563
1178.000,1992/2/20,Waiting,622855.563
1179.000,1992/2/21,Waiting,622855.563
1180.000,1992/2/22,Waiting,622855.563
1181.000,1992/2/24,Waiting,622855.563
1182.000,1992/2/25,Waiting,622855.563
1183.000,1992/2/26,Waiting,622855.563
1184.000,1992/2/27,Waiting,622855.563
1185.000,1992/2/28,Waiting,622855.563
1186.000,1992/2/29,Waiting,622855.563
1187.000,1992/3/2,Waiting,622855.563
1188.000,1992/3/3,Waiting,622855.563
1189.000,1992/3/4,Waiting,622855.563
1190.000,1992/3/5,Waiting,622855.563
1191.000,1992/3/6,Waiting,622855.563
1192.000,1992/3/7,Waiting,622855.563
1193.000,1992/3/9,Waiting,622855.563
1194.000,1992/3/10,Waiting,622855.563
1195.000,1992/3/11,Waiting,622855.563
1196.000,1992/3/12,Waiting,622855.563
1197.000,1992/3/13,Waiting,622855.563
1198.000,1992/3/14,Waiting,622855.563
1199.000,1992/3/16,Waiting,622855.563
1200.000,1992/3/17,Waiting,622855.563
1201.000,1992/3/18,Waiting,622855.563
1202.000,1992/3/19,Waiting,622855.563
1203.000,1992/3/20,Waiting,622855.563
1204.000,1992/3/21,Waiting,622855.563
1205.000,1992/3/23,Waiting,622855.563
1206.000,1992/3/24,Waiting,622855.563
1207.000,1992/3/25,Waiting,622855.563
1208.000,1992/3/26,Waiting,622855.563
1209.000,1992/3/27,Waiting,622855.563
1210.000,1992/3/28,Waiting,622855.563
1211.000,1992/3/31,Waiting,622855.563
1212.000,1992/4/1,Waiting,622855.563
1213.000,1992/4/2,Waiting,622855.563
1214.000,1992/4/6,Waiting,622855.563
1215.000,1992/4/7,Waiting,622855.563
1216.000,1992/4/8,Waiting,622855.563
1217.000,1992/4/9,Waiting,622855.563
1218.000,1992/4/10,Waiting,622855.563
1219.000,1992/4/11,Waiting,622855.563
1220.000,1992/4/13,Waiting,622855.563
1221.000,1992/4/14,Waiting,622855.563
1222.000,1992/4/15,Waiting,622855.563
1223.000,1992/4/16,Waiting,622855.563
1224.000,1992/4/17,Waiting,622855.563
1225.000,1992/4/18,Waiting,622855.563
1226.000,1992/4/20,Waiting,622855.563
1227.000,1992/4/21,Waiting,622855.563
1228.000,1992/4/22,Waiting,622855.563
1229.000,1992/4/23,Waiting,622855.563
1230.000,1992/4/24,Waiting,622855.563
1231.000,1992/4/25,Waiting,622855.563
1232.000,1992/4/27,Waiting,622855.563
1233.000,1992/4/28,Waiting,622855.563
1234.000,1992/4/29,Waiting,622855.563
1235.000,1992/4/30,Waiting,622855.563
1236.000,1992/5/1,Waiting,622855.563
1237.000,1992/5/2,Waiting,622855.563
1238.000,1992/5/4,Waiting,622855.563
1239.000,1992/5/5,Waiting,622855.563
1240.000,1992/5/6,Waiting,622855.563
1241.000,1992/5/7,Waiting,622855.563
1242.000,1992/5/8,Waiting,622855.563
1243.000,1992/5/9,Waiting,622855.563
1244.000,1992/5/11,Waiting,622855.563
1245.000,1992/5/12,Waiting,622855.563
1246.000,1992/5/13,Waiting,622855.563
1247.000,1992/5/14,Waiting,622855.563
1248.000,1992/5/15,Waiting,622855.563
1249.000,1992/5/16,Waiting,622855.563
1250.000,1992/5/18,Waiting,622855.563
1251.000,1992/5/19,Waiting,622855.563
1252.000,1992/5/20,Waiting,622855.563
1253.000,1992/5/21,Waiting,622855.563
1254.000,1992/5/22,Waiting,622855.563
1255.000,1992/5/23,Waiting,622855.563
1256.000,1992/5/25,Waiting,622855.563
1257.000,1992/5/26,Waiting,622855.563
1258.000,1992/5/27,Waiting,622855.563
1259.000,1992/5/28,Waiting,622855.563
1260.000,1992/5/29,Waiting,622855.563
1261.000,1992/5/30,Waiting,622855.563
1262.000,1992/6/1,Waiting,622855.563
1263.000,1992/6/2,Waiting,622855.563
1264.000,1992/6/3,Waiting,622855.563
1265.000,1992/6/4,Waiting,622855.563
1266.000,1992/6/8,Waiting,622855.563
1267.000,1992/6/9,Waiting,622855.563
1268.000,1992/6/10,Waiting,622855.563
1269.000,1992/6/11,Waiting,622855.563
1270.000,1992/6/12,Waiting,622855.563
1271.000,1992/6/13,Waiting,622855.563
1272.000,1992/6/15,Waiting,622855.563
1273.000,1992/6/16,Waiting,622855.563
1274.000,1992/6/17,Waiting,622855.563
1275.000,1992/6/18,Waiting,622855.563
1276.000,1992/6/19,Waiting,622855.563
1277.000,1992/6/20,Waiting,622855.563
1278.000,1992/6/22,Waiting,622855.563
1279.000,1992/6/23,Waiting,622855.563
1280.000,1992/6/24,Waiting,622855.563
1281.000,1992/6/25,Waiting,622855.563
1282.000,1992/6/26,Waiting,622855.563
1283.000,1992/6/27,Waiting,622855.563
1284.000,1992/6/29,Waiting,622855.563
1285.000,1992/6/30,Waiting,622855.563
1286.000,1992/7/2,Waiting,622855.563
1287.000,1992/7/3,Waiting,622855.563
1288.000,1992/7/4,Waiting,622855.563
1289.000,1992/7/6,Waiting,622855.563
1290.000,1992/7/7,Waiting,622855.563
1291.000,1992/7/8,Waiting,622855.563
1292.000,1992/7/9,Waiting,622855.563
1293.000,1992/7/10,Waiting,622855.563
1294.000,1992/7/11,Waiting,622855.563
1295.000,1992/7/13,Waiting,622855.563
1296.000,1992/7/14,Waiting,622855.563
1297.000,1992/7/15,Waiting,622855.563
1298.000,1992/7/16,Waiting,622855.563
1299.000,1992/7/17,Waiting,622855.563
1300.000,1992/7/18,Waiting,622855.563
1301.000,1992/7/20,Waiting,622855.563
1302.000,1992/7/21,Waiting,622855.563
1303.000,1992/7/22,Waiting,622855.563
1304.000,1992/7/23,Waiting,622855.563
1305.000,1992/7/24,Waiting,622855.563
1306.000,1992/7/25,Waiting,622855.563
1307.000,1992/7/27,Waiting,622855.563
1308.000,1992/7/28,Waiting,622855.563
1309.000,1992/7/29,Waiting,622855.563
1310.000,1992/7/30,Waiting,622855.563
1311.000,1992/7/31,Waiting,622855.563
1312.000,1992/8/1,Waiting,622855.563
1313.000,1992/8/3,Waiting,622855.563
1314.000,1992/8/4,Waiting,622855.563
1315.000,1992/8/5,Waiting,622855.563
1316.000,1992/8/6,Waiting,622855.563
1317.000,1992/8/7,Waiting,622855.563
1318.000,1992/8/8,Waiting,622855.563
1319.000,1992/8/10,Waiting,622855.563
1320.000,1992/8/11,Waiting,622855.563
1321.000,1992/8/12,Waiting,622855.563
1322.000,1992/8/13,Waiting,622855.563
1323.000,1992/8/14,Waiting,622855.563
1324.000,1992/8/15,Waiting,622855.563
1325.000,1992/8/17,Waiting,622855.563
1326.000,1992/8/18,Waiting,622855.563
1327.000,1992/8/19,Waiting,622855.563
1328.000,1992/8/20,Waiting,622855.563
1329.000,1992/8/21,Waiting,622855.563
1330.000,1992/8/22,Waiting,622855.563
1331.000,1992/8/24,Waiting,622855.563
1332.000,1992/8/25,Waiting,622855.563
1333.000,1992/8/26,Waiting,622855.563
1334.000,1992/8/27,Waiting,622855.563
1335.000,1992/8/28,Waiting,622855.563
1336.000,1992/8/31,Waiting,622855.563
1337.000,1992/9/1,Waiting,622855.563
1338.000,1992/9/2,Waiting,622855.563
1339.000,1992/9/3,Waiting,622855.563
1340.000,1992/9/7,Waiting,622855.563
1341.000,1992/9/8,Waiting,622855.563
1342.000,1992/9/9,Waiting,622855.563
1343.000,1992/9/10,Waiting,622855.563
1344.000,1992/9/14,Waiting,622855.563
1345.000,1992/9/15,Waiting,622855.563
1346.000,1992/9/16,Waiting,622855.563
1347.000,1992/9/17,Waiting,622855.563
1348.000,1992/9/18,Waiting,622855.563
1349.000,1992/9/19,Waiting,622855.563
1350.000,1992/9/21,Waiting,622855.563
1351.000,1992/9/22,Waiting,622855.563
1352.000,1992/9/23,Waiting,622855.563
1353.000,1992/9/24,Waiting,622855.563
1354.000,1992/9/25,Waiting,622855.563
1355.000,1992/9/26,Waiting,622855.563
1356.000,1992/9/29,Waiting,622855.563
1357.000,1992/9/30,Waiting,622855.563
1358.000,1992/10/1,Waiting,622855.563
1359.000,1992/10/2,Waiting,622855.563
1360.000,1992/10/3,Waiting,622855.563
1361.000,1992/10/5,Waiting,622855.563
1362.000,1992/10/6,Waiting,622855.563
1363.000,1992/10/7,Waiting,622855.563
1364.000,1992/10/8,Waiting,622855.563
1365.000,1992/10/9,Waiting,622855.563
1366.000,1992/10/12,Waiting,622855.563
1367.000,1992/10/13,Waiting,622855.563
1368.000,1992/10/14,Waiting,622855.563
1369.000,1992/10/15,Waiting,622855.563
1370.000,1992/10/16,Waiting,622855.563
1371.000,1992/10/17,Waiting,622855.563
1372.000,1992/10/19,Waiting,622855.563
1373.000,1992/10/20,Waiting,622855.563
1374.000,1992/10/21,Waiting,622855.563
1375.000,1992/10/22,Waiting,622855.563
1376.000,1992/10/23,Waiting,622855.563
1377.000,1992/10/24,Waiting,622855.563
1378.000,1992/10/27,Waiting,622855.563
1379.000,1992/10/28,Waiting,622855.563
1380.000,1992/10/29,Waiting,622855.563
1381.000,1992/10/30,Waiting,622855.563
1382.000,1992/11/2,Waiting,622855.563
1383.000,1992/11/3,Waiting,622855.563
1384.000,1992/11/4,Waiting,622855.563
1385.000,1992/11/5,Waiting,622855.563
1386.000,1992/11/6,Waiting,622855.563
1387.000,1992/11/7,Waiting,622855.563
1388.000,1992/11/9,Waiting,622855.563
1389.000,1992/11/10,Waiting,622855.563
1390.000,1992/11/11,Waiting,622855.563
1391.000,1992/11/13,Waiting,622855.563
1392.000,1992/11/14,Waiting,622855.563
1393.000,1992/11/16,Waiting,622855.563
1394.000,1992/11/17,Waiting,622855.563
1395.000,1992/11/18,Waiting,622855.563
1396.000,1992/11/19,Waiting,622855.563
1397.000,1992/11/20,Waiting,622855.563
1398.000,1992/11/21,Waiting,622855.563
1399.000,1992/11/23,Waiting,622855.563
1400.000,1992/11/24,Waiting,622855.563
1401.000,1992/11/25,Waiting,622855.563
1402.000,1992/11/26,Waiting,622855.563
1403.000,1992/11/27,Buy,622855.563
1404.000,1992/11/28,Holding,607436.500
1405.000,1992/11/30,Holding,592017.500
1406.000,1992/12/1,Holding,607436.500
1407.000,1992/12/2,Holding,607436.500
1408.000,1992/12/3,Holding,592017.500
1409.000,1992/12/4,Holding,607436.500
1410.000,1992/12/5,Holding,638274.625
1411.000,1992/12/7,Holding,686459.188
1412.000,1992/12/8,Holding,686459.188
1413.000,1992/12/9,Holding,701878.188
1414.000,1992/12/10,Holding,686459.188
1415.000,1992/12/11,Holding,717297.250
1416.000,1992/12/12,Holding,748135.313
1417.000,1992/12/14,Holding,686459.188
1418.000,1992/12/15,Holding,686459.188
1419.000,1992/12/16,Holding,671040.125
1420.000,1992/12/17,Holding,686459.188
1421.000,1992/12/18,Holding,671040.125
1422.000,1992/12/21,Holding,638274.625
1423.000,1992/12/22,Holding,638274.625
1424.000,1992/12/23,Holding,592017.500
1425.000,1992/12/24,Sell,592017.500
1426.000,1992/12/28,Waiting,592017.500
1427.000,1992/12/29,Waiting,592017.500
1428.000,1993/1/5,Waiting,592017.500
1429.000,1993/1/6,Waiting,592017.500
1430.000,1993/1/7,Waiting,592017.500
1431.000,1993/1/8,Waiting,592017.500
1432.000,1993/1/9,Waiting,592017.500
1433.000,1993/1/11,Waiting,592017.500
1434.000,1993/1/12,Waiting,592017.500
1435.000,1993/1/13,Waiting,592017.500
1436.000,1993/1/14,Waiting,592017.500
1437.000,1993/1/15,Waiting,592017.500
1438.000,1993/1/16,Waiting,592017.500
1439.000,1993/1/18,Waiting,592017.500
1440.000,1993/1/19,Waiting,592017.500
1441.000,1993/1/27,Waiting,592017.500
1442.000,1993/1/28,Waiting,592017.500
1443.000,1993/1/29,Waiting,592017.500
1444.000,1993/1/30,Waiting,592017.500
1445.000,1993/2/1,Waiting,592017.500
1446.000,1993/2/2,Waiting,592017.500
1447.000,1993/2/3,Buy,592017.500
1448.000,1993/2/4,Holding,575491.313
1449.000,1993/2/5,Holding,592017.500
1450.000,1993/2/6,Holding,606707.375
1451.000,1993/2/8,Holding,621397.250
1452.000,1993/2/9,Holding,592017.500
1453.000,1993/2/10,Holding,560801.438
1454.000,1993/2/11,Holding,592017.500
1455.000,1993/2/12,Holding,681993.063
1456.000,1993/2/13,Holding,681993.063
1457.000,1993/2/15,Holding,757278.750
1458.000,1993/2/16,Holding,711372.875
1459.000,1993/2/17,Holding,816038.500
1460.000,1993/2/18,Holding,771968.625
1461.000,1993/2/19,Holding,740752.625
1462.000,1993/2/20,Holding,771968.625
1463.000,1993/2/22,Holding,740752.625
1464.000,1993/2/23,Holding,740752.625
1465.000,1993/2/24,Holding,771968.625
1466.000,1993/2/25,Holding,861944.375
1467.000,1993/2/26,Holding,920703.938
1468.000,1993/2/27,Holding,906014.063
1469.000,1993/3/1,Holding,906014.063
1470.000,1993/3/2,Holding,861944.375
1471.000,1993/3/3,Holding,920703.938
1472.000,1993/3/4,Holding,1041895.563
1473.000,1993/3/5,Holding,981299.750
1474.000,1993/3/6,Holding,920703.938
1475.000,1993/3/8,Holding,891324.188
1476.000,1993/3/9,Holding,876634.313
1477.000,1993/3/10,Holding,861944.375
1478.000,1993/3/11,Holding,906014.063
1479.000,1993/3/12,Holding,891324.188
1480.000,1993/3/13,Holding,861944.375
1481.000,1993/3/15,Holding,847254.500
1482.000,1993/3/16,Holding,861944.375
1483.000,1993/3/17,Holding,830728.375
1484.000,1993/3/18,Holding,876634.313
1485.000,1993/3/19,Holding,847254.500
1486.000,1993/3/20,Holding,847254.500
1487.000,1993/3/22,Holding,861944.375
1488.000,1993/3/23,Holding,876634.313
1489.000,1993/3/24,Holding,861944.375
1490.000,1993/3/25,Holding,891324.188
1491.000,1993/3/26,Holding,847254.500
1492.000,1993/3/27,Holding,847254.500
1493.000,1993/3/30,Holding,861944.375
1494.000,1993/3/31,Holding,906014.063
1495.000,1993/4/1,Holding,876634.313
1496.000,1993/4/2,Holding,920703.938
1497.000,1993/4/3,Holding,920703.938
1498.000,1993/4/7,Holding,920703.938
1499.000,1993/4/8,Holding,920703.938
1500.000,1993/4/9,Holding,876634.313
1501.000,1993/4/10,Holding,847254.500
1502.000,1993/4/12,Holding,847254.500
1503.000,1993/4/13,Holding,816038.500
1504.000,1993/4/14,Holding,830728.375
1505.000,1993/4/15,Holding,847254.500
1506.000,1993/4/16,Holding,786658.563
1507.000,1993/4/17,Sell,771968.625
1508.000,1993/4/19,Waiting,771968.625
1509.000,1993/4/20,Waiting,771968.625
1510.000,1993/4/21,Waiting,771968.625
1511.000,1993/4/22,Waiting,771968.625
1512.000,1993/4/23,Waiting,771968.625
1513.000,1993/4/24,Waiting,771968.625
1514.000,1993/4/26,Waiting,771968.625
1515.000,1993/4/27,Waiting,771968.625
1516.000,1993/4/28,Waiting,771968.625
1517.000,1993/4/29,Waiting,771968.625
1518.000,1993/4/30,Waiting,771968.625
1519.000,1993/5/1,Waiting,771968.625
1520.000,1993/5/3,Waiting,771968.625
1521.000,1993/5/4,Waiting,771968.625
1522.000,1993/5/5,Waiting,771968.625
1523.000,1993/5/6,Waiting,771968.625
1524.000,1993/5/7,Waiting,771968.625
1525.000,1993/5/8,Waiting,771968.625
1526.000,1993/5/10,Waiting,771968.625
1527.000,1993/5/11,Waiting,771968.625
1528.000,1993/5/12,Waiting,771968.625
1529.000,1993/5/13,Waiting,771968.625
1530.000,1993/5/14,Buy,771968.625
1531.000,1993/5/15,Holding,742579.875
1532.000,1993/5/17,Holding,727021.063
1533.000,1993/5/18,Sell,742579.875
1534.000,1993/5/19,Waiting,742579.875
1535.000,1993/5/20,Waiting,742579.875
1536.000,1993/5/21,Waiting,742579.875
1537.000,1993/5/22,Waiting,742579.875
1538.000,1993/5/24,Waiting,742579.875
1539.000,1993/5/25,Waiting,742579.875
1540.000,1993/5/26,Waiting,742579.875
1541.000,1993/5/27,Waiting,742579.875
1542.000,1993/5/28,Waiting,742579.875
1543.000,1993/5/29,Waiting,742579.875
1544.000,1993/5/31,Waiting,742579.875
1545.000,1993/6/1,Waiting,742579.875
1546.000,1993/6/2,Waiting,742579.875
1547.000,1993/6/3,Waiting,742579.875
1548.000,1993/6/4,Waiting,742579.875
1549.000,1993/6/5,Waiting,742579.875
1550.000,1993/6/7,Waiting,742579.875
1551.000,1993/6/8,Waiting,742579.875
1552.000,1993/6/9,Waiting,742579.875
1553.000,1993/6/10,Waiting,742579.875
1554.000,1993/6/11,Waiting,742579.875
1555.000,1993/6/12,Waiting,742579.875
1556.000,1993/6/14,Waiting,742579.875
1557.000,1993/6/15,Waiting,742579.875
1558.000,1993/6/16,Waiting,742579.875
1559.000,1993/6/17,Waiting,742579.875
1560.000,1993/6/18,Waiting,742579.875
1561.000,1993/6/19,Waiting,742579.875
1562.000,1993/6/21,Waiting,742579.875
1563.000,1993/6/22,Waiting,742579.875
1564.000,1993/6/23,Waiting,742579.875
1565.000,1993/6/25,Waiting,742579.875
1566.000,1993/6/26,Waiting,742579.875
1567.000,1993/6/28,Waiting,742579.875
1568.000,1993/6/29,Waiting,742579.875
1569.000,1993/6/30,Waiting,742579.875
1570.000,1993/7/2,Waiting,742579.875
1571.000,1993/7/3,Waiting,742579.875
1572.000,1993/7/5,Waiting,742579.875
1573.000,1993/7/6,Waiting,742579.875
1574.000,1993/7/7,Waiting,742579.875
1575.000,1993/7/8,Waiting,742579.875
1576.000,1993/7/9,Waiting,742579.875
1577.000,1993/7/10,Waiting,742579.875
1578.000,1993/7/12,Waiting,742579.875
1579.000,1993/7/13,Waiting,742579.875
1580.000,1993/7/14,Waiting,742579.875
1581.000,1993/7/15,Waiting,742579.875
1582.000,1993/7/16,Waiting,742579.875
1583.000,1993/7/17,Waiting,742579.875
1584.000,1993/7/19,Waiting,742579.875
1585.000,1993/7/20,Waiting,742579.875
1586.000,1993/7/21,Waiting,742579.875
1587.000,1993/7/22,Waiting,742579.875
1588.000,1993/7/23,Waiting,742579.875
1589.000,1993/7/24,Waiting,742579.875
1590.000,1993/7/26,Waiting,742579.875
1591.000,1993/7/27,Waiting,742579.875
1592.000,1993/7/28,Waiting,742579.875
1593.000,1993/7/29,Waiting,742579.875
1594.000,1993/7/30,Waiting,742579.875
1595.000,1993/7/31,Waiting,742579.875
1596.000,1993/8/2,Waiting,742579.875
1597.000,1993/8/3,Waiting,742579.875
1598.000,1993/8/4,Waiting,742579.875
1599.000,1993/8/5,Waiting,742579.875
1600.000,1993/8/6,Waiting,742579.875
1601.000,1993/8/7,Waiting,742579.875
1602.000,1993/8/9,Waiting,742579.875
1603.000,1993/8/10,Waiting,742579.875
1604.000,1993/8/11,Waiting,742579.875
1605.000,1993/8/12,Waiting,742579.875
1606.000,1993/8/13,Waiting,742579.875
1607.000,1993/8/14,Waiting,742579.875
1608.000,1993/8/16,Waiting,742579.875
1609.000,1993/8/17,Waiting,742579.875
1610.000,1993/8/18,Waiting,742579.875
1611.000,1993/8/19,Waiting,742579.875
1612.000,1993/8/20,Waiting,742579.875
1613.000,1993/8/21,Waiting,742579.875
1614.000,1993/8/23,Waiting,742579.875
1615.000,1993/8/24,Waiting,742579.875
1616.000,1993/8/25,Waiting,742579.875
1617.000,1993/8/26,Waiting,742579.875
1618.000,1993/8/27,Waiting,742579.875
1619.000,1993/8/28,Waiting,742579.875
1620.000,1993/8/30,Waiting,742579.875
1621.000,1993/8/31,Waiting,742579.875
1622.000,1993/9/1,Waiting,742579.875
1623.000,1993/9/2,Waiting,742579.875
1624.000,1993/9/3,Waiting,742579.875
1625.000,1993/9/4,Waiting,742579.875
1626.000,1993/9/6,Waiting,742579.875
1627.000,1993/9/7,Waiting,742579.875
1628.000,1993/9/8,Waiting,742579.875
1629.000,1993/9/9,Waiting,742579.875
1630.000,1993/9/10,Waiting,742579.875
1631.000,1993/9/11,Waiting,742579.875
1632.000,1993/9/13,Waiting,742579.875
1633.000,1993/9/14,Waiting,742579.875
1634.000,1993/9/15,Waiting,742579.875
1635.000,1993/9/16,Waiting,742579.875
1636.000,1993/9/17,Waiting,742579.875
1637.000,1993/9/18,Buy,742579.875
1638.000,1993/9/20,Holding,760750.563
1639.000,1993/9/21,Holding,742579.875
1640.000,1993/9/22,Holding,742579.875
1641.000,1993/9/23,Holding,742579.875
1642.000,1993/9/24,Holding,726226.125
1643.000,1993/9/25,Sell,742579.875
1644.000,1993/9/27,Waiting,742579.875
1645.000,1993/9/29,Waiting,742579.875
1646.000,1993/10/1,Waiting,742579.875
1647.000,1993/10/2,Waiting,742579.875
1648.000,1993/10/4,Waiting,742579.875
1649.000,1993/10/5,Waiting,742579.875
1650.000,1993/10/6,Waiting,742579.875
1651.000,1993/10/7,Waiting,742579.875
1652.000,1993/10/8,Waiting,742579.875
1653.000,1993/10/9,Waiting,742579.875
1654.000,1993/10/12,Buy,742579.875
1655.000,1993/10/13,Holding,758615.938
1656.000,1993/10/14,Holding,776433.750
1657.000,1993/10/15,Holding,776433.750
1658.000,1993/10/16,Holding,808505.688
1659.000,1993/10/18,Holding,826323.563
1660.000,1993/10/19,Holding,776433.750
1661.000,1993/10/20,Holding,758615.938
1662.000,1993/10/21,Holding,758615.938
1663.000,1993/10/22,Holding,792469.813
1664.000,1993/10/23,Holding,792469.813
1665.000,1993/10/26,Holding,792469.813
1666.000,1993/10/27,Holding,792469.813
1667.000,1993/10/28,Holding,776433.750
1668.000,1993/10/29,Holding,776433.750
1669.000,1993/10/30,Holding,792469.813
1670.000,1993/11/2,Holding,826323.563
1671.000,1993/11/3,Holding,858395.625
1672.000,1993/11/4,Holding,826323.563
1673.000,1993/11/5,Holding,826323.563
1674.000,1993/11/6,Holding,808505.688
1675.000,1993/11/8,Holding,808505.688
1676.000,1993/11/9,Holding,826323.563
1677.000,1993/11/10,Holding,826323.563
1678.000,1993/11/11,Holding,858395.625
1679.000,1993/11/15,Holding,942139.125
1680.000,1993/11/16,Holding,926103.250
1681.000,1993/11/17,Holding,908285.375
1682.000,1993/11/18,Holding,926103.250
1683.000,1993/11/19,Holding,908285.375
1684.000,1993/11/20,Holding,892249.375
1685.000,1993/11/22,Holding,892249.375
1686.000,1993/11/23,Holding,892249.375
1687.000,1993/11/24,Holding,876213.313
1688.000,1993/11/25,Holding,876213.313
1689.000,1993/11/26,Holding,892249.375
1690.000,1993/11/29,Holding,975993.063
1691.000,1993/11/30,Holding,958175.188
1692.000,1993/12/1,Holding,1008065.125
1693.000,1993/12/2,Holding,1057954.875
1694.000,1993/12/3,Holding,1024101.000
1695.000,1993/12/4,Holding,1041918.875
1696.000,1993/12/6,Holding,1073991.000
1697.000,1993/12/7,Holding,1041918.875
1698.000,1993/12/8,Holding,1024101.000
1699.000,1993/12/9,Holding,1008065.125
1700.000,1993/12/10,Holding,1024101.000
1701.000,1993/12/11,Holding,1057954.875
1702.000,1993/12/13,Holding,1157734.500
1703.000,1993/12/14,Holding,1223660.250
1704.000,1993/12/15,Holding,1223660.250
1705.000,1993/12/16,Holding,1357293.750
1706.000,1993/12/17,Holding,1307404.000
1707.000,1993/12/18,Holding,1241478.125
1708.000,1993/12/20,Holding,1241478.125
1709.000,1993/12/21,Holding,1241478.125
1710.000,1993/12/22,Holding,1323440.000
1711.000,1993/12/23,Holding,1241478.125
1712.000,1993/12/24,Holding,1257514.250
1713.000,1993/12/27,Holding,1307404.000
1714.000,1993/12/28,Holding,1257514.250
1715.000,1993/12/29,Holding,1241478.125
1716.000,1993/12/30,Holding,1373329.750
1717.000,1993/12/31,Holding,1439255.500
1718.000,1994/1/5,Holding,1506963.250
1719.000,1994/1/6,Holding,1473109.500
1720.000,1994/1/7,Holding,1389365.750
1721.000,1994/1/8,Holding,1389365.750
1722.000,1994/1/10,Holding,1389365.750
1723.000,1994/1/11,Holding,1323440.000
1724.000,1994/1/12,Holding,1291368.000
1725.000,1994/1/13,Holding,1173770.500
1726.000,1994/1/14,Holding,1241478.125
1727.000,1994/1/15,Holding,1339476.000
1728.000,1994/1/17,Holding,1273550.250
1729.000,1994/1/18,Holding,1223660.250
1730.000,1994/1/19,Holding,1241478.125
1731.000,1994/1/20,Holding,1223660.250
1732.000,1994/1/21,Holding,1241478.125
1733.000,1994/1/22,Holding,1241478.125
1734.000,1994/1/24,Holding,1223660.250
1735.000,1994/1/25,Holding,1207624.375
1736.000,1994/1/26,Holding,1191588.375
1737.000,1994/1/27,Holding,1223660.250
1738.000,1994/1/28,Sell,1223660.250
1739.000,1994/1/31,Waiting,1223660.250
1740.000,1994/2/1,Waiting,1223660.250
1741.000,1994/2/2,Buy,1223660.250
1742.000,1994/2/3,Holding,1238787.250
1743.000,1994/2/4,Holding,1270722.000
1744.000,1994/2/5,Holding,1253914.250
1745.000,1994/2/14,Holding,1161471.750
1746.000,1994/2/15,Holding,1161471.750
1747.000,1994/2/16,Holding,1129537.125
1748.000,1994/2/17,Holding,1129537.125
1749.000,1994/2/18,Holding,1144664.125
1750.000,1994/2/19,Holding,1129537.125
1751.000,1994/2/21,Holding,1114410.125
1752.000,1994/2/22,Sell,1097602.375
1753.000,1994/2/23,Waiting,1097602.375
1754.000,1994/2/24,Waiting,1097602.375
1755.000,1994/2/25,Waiting,1097602.375
1756.000,1994/2/26,Waiting,1097602.375
1757.000,1994/2/28,Waiting,1097602.375
1758.000,1994/3/1,Waiting,1097602.375
1759.000,1994/3/2,Waiting,1097602.375
1760.000,1994/3/3,Waiting,1097602.375
1761.000,1994/3/4,Waiting,1097602.375
1762.000,1994/3/5,Waiting,1097602.375
1763.000,1994/3/7,Waiting,1097602.375
1764.000,1994/3/8,Waiting,1097602.375
1765.000,1994/3/9,Waiting,1097602.375
1766.000,1994/3/10,Waiting,1097602.375
1767.000,1994/3/11,Waiting,1097602.375
1768.000,1994/3/12,Waiting,1097602.375
1769.000,1994/3/14,Waiting,1097602.375
1770.000,1994/3/15,Waiting,1097602.375
1771.000,1994/3/16,Waiting,1097602.375
1772.000,1994/3/17,Waiting,1097602.375
1773.000,1994/3/18,Waiting,1097602.375
1774.000,1994/3/19,Waiting,1097602.375
1775.000,1994/3/21,Waiting,1097602.375
1776.000,1994/3/22,Waiting,1097602.375
1777.000,1994/3/23,Waiting,1097602.375
1778.000,1994/3/24,Waiting,1097602.375
1779.000,1994/3/25,Waiting,1097602.375
1780.000,1994/3/26,Waiting,1097602.375
1781.000,1994/3/28,Waiting,1097602.375
1782.000,1994/3/30,Waiting,1097602.375
1783.000,1994/3/31,Waiting,1097602.375
1784.000,1994/4/1,Waiting,1097602.375
1785.000,1994/4/2,Waiting,1097602.375
1786.000,1994/4/6,Waiting,1097602.375
1787.000,1994/4/7,Waiting,1097602.375
1788.000,1994/4/8,Waiting,1097602.375
1789.000,1994/4/9,Waiting,1097602.375
1790.000,1994/4/11,Waiting,1097602.375
1791.000,1994/4/12,Waiting,1097602.375
1792.000,1994/4/13,Waiting,1097602.375
1793.000,1994/4/14,Waiting,1097602.375
1794.000,1994/4/15,Waiting,1097602.375
1795.000,1994/4/16,Waiting,1097602.375
1796.000,1994/4/18,Waiting,1097602.375
1797.000,1994/4/19,Waiting,1097602.375
1798.000,1994/4/20,Waiting,1097602.375
1799.000,1994/4/21,Waiting,1097602.375
1800.000,1994/4/22,Waiting,1097602.375
1801.000,1994/4/23,Waiting,1097602.375
1802.000,1994/4/25,Waiting,1097602.375
1803.000,1994/4/26,Waiting,1097602.375
1804.000,1994/4/27,Waiting,1097602.375
1805.000,1994/4/28,Waiting,1097602.375
1806.000,1994/4/29,Waiting,1097602.375
1807.000,1994/4/30,Waiting,1097602.375
1808.000,1994/5/2,Waiting,1097602.375
1809.000,1994/5/3,Waiting,1097602.375
1810.000,1994/5/4,Waiting,1097602.375
1811.000,1994/5/5,Waiting,1097602.375
1812.000,1994/5/6,Waiting,1097602.375
1813.000,1994/5/7,Waiting,1097602.375
1814.000,1994/5/9,Waiting,1097602.375
1815.000,1994/5/10,Waiting,1097602.375
1816.000,1994/5/11,Waiting,1097602.375
1817.000,1994/5/12,Waiting,1097602.375
1818.000,1994/5/13,Waiting,1097602.375
1819.000,1994/5/14,Waiting,1097602.375
1820.000,1994/5/16,Waiting,1097602.375
1821.000,1994/5/17,Waiting,1097602.375
1822.000,1994/5/18,Waiting,1097602.375
1823.000,1994/5/19,Waiting,1097602.375
1824.000,1994/5/20,Waiting,1097602.375
1825.000,1994/5/21,Waiting,1097602.375
1826.000,1994/5/23,Waiting,1097602.375
1827.000,1994/5/24,Waiting,1097602.375
1828.000,1994/5/25,Waiting,1097602.375
1829.000,1994/5/26,Waiting,1097602.375
1830.000,1994/5/27,Waiting,1097602.375
1831.000,1994/5/28,Waiting,1097602.375
1832.000,1994/5/30,Waiting,1097602.375
1833.000,1994/5/31,Waiting,1097602.375
1834.000,1994/6/1,Waiting,1097602.375
1835.000,1994/6/2,Waiting,1097602.375
1836.000,1994/6/3,Waiting,1097602.375
1837.000,1994/6/4,Waiting,1097602.375
1838.000,1994/6/6,Waiting,1097602.375
1839.000,1994/6/7,Waiting,1097602.375
1840.000,1994/6/8,Waiting,1097602.375
1841.000,1994/6/9,Waiting,1097602.375
1842.000,1994/6/10,Waiting,1097602.375
1843.000,1994/6/11,Waiting,1097602.375
1844.000,1994/6/14,Waiting,1097602.375
1845.000,1994/6/15,Waiting,1097602.375
1846.000,1994/6/16,Waiting,1097602.375
1847.000,1994/6/17,Waiting,1097602.375
1848.000,1994/6/20,Waiting,1097602.375
1849.000,1994/6/21,Waiting,1097602.375
1850.000,1994/6/22,Waiting,1097602.375
1851.000,1994/6/23,Waiting,1097602.375
1852.000,1994/6/24,Waiting,1097602.375
1853.000,1994/6/25,Waiting,1097602.375
1854.000,1994/6/27,Waiting,1097602.375
1855.000,1994/6/28,Waiting,1097602.375
1856.000,1994/6/29,Waiting,1097602.375
1857.000,1994/6/30,Waiting,1097602.375
1858.000,1994/7/2,Waiting,1097602.375
1859.000,1994/7/4,Waiting,1097602.375
1860.000,1994/7/5,Waiting,1097602.375
1861.000,1994/7/6,Waiting,1097602.375
1862.000,1994/7/7,Waiting,1097602.375
1863.000,1994/7/8,Waiting,1097602.375
1864.000,1994/7/9,Waiting,1097602.375
1865.000,1994/7/11,Waiting,1097602.375
1866.000,1994/7/12,Waiting,1097602.375
1867.000,1994/7/13,Waiting,1097602.375
1868.000,1994/7/14,Waiting,1097602.375
1869.000,1994/7/15,Waiting,1097602.375
1870.000,1994/7/18,Waiting,1097602.375
1871.000,1994/7/19,Waiting,1097602.375
1872.000,1994/7/20,Waiting,1097602.375
1873.000,1994/7/21,Waiting,1097602.375
1874.000,1994/7/22,Waiting,1097602.375
1875.000,1994/7/23,Waiting,1097602.375
1876.000,1994/7/25,Waiting,1097602.375
1877.000,1994/7/26,Waiting,1097602.375
1878.000,1994/7/27,Waiting,1097602.375
1879.000,1994/7/28,Waiting,1097602.375
1880.000,1994/7/29,Waiting,1097602.375
1881.000,1994/7/30,Waiting,1097602.375
1882.000,1994/8/1,Waiting,1097602.375
1883.000,1994/8/2,Waiting,1097602.375
1884.000,1994/8/3,Waiting,1097602.375
1885.000,1994/8/4,Waiting,1097602.375
1886.000,1994/8/5,Waiting,1097602.375
1887.000,1994/8/6,Waiting,1097602.375
1888.000,1994/8/9,Waiting,1097602.375
1889.000,1994/8/10,Waiting,1097602.375
1890.000,1994/8/11,Waiting,1097602.375
1891.000,1994/8/12,Waiting,1097602.375
1892.000,1994/8/13,Waiting,1097602.375
1893.000,1994/8/15,Waiting,1097602.375
1894.000,1994/8/16,Waiting,1097602.375
1895.000,1994/8/17,Waiting,1097602.375
1896.000,1994/8/18,Waiting,1097602.375
1897.000,1994/8/19,Waiting,1097602.375
1898.000,1994/8/20,Waiting,1097602.375
1899.000,1994/8/22,Waiting,1097602.375
1900.000,1994/8/23,Waiting,1097602.375
1901.000,1994/8/24,Waiting,1097602.375
1902.000,1994/8/25,Waiting,1097602.375
1903.000,1994/8/26,Waiting,1097602.375
1904.000,1994/8/27,Waiting,1097602.375
1905.000,1994/8/29,Waiting,1097602.375
1906.000,1994/8/30,Waiting,1097602.375
1907.000,1994/8/31,Waiting,1097602.375
1908.000,1994/9/1,Waiting,1097602.375
1909.000,1994/9/2,Waiting,1097602.375
1910.000,1994/9/3,Waiting,1097602.375
1911.000,1994/9/5,Waiting,1097602.375
1912.000,1994/9/6,Waiting,1097602.375
1913.000,1994/9/7,Waiting,1097602.375
1914.000,1994/9/8,Waiting,1097602.375
1915.000,1994/9/9,Waiting,1097602.375
1916.000,1994/9/10,Waiting,1097602.375
1917.000,1994/9/12,Waiting,1097602.375
1918.000,1994/9/13,Waiting,1097602.375
1919.000,1994/9/14,Waiting,1097602.375
1920.000,1994/9/15,Waiting,1097602.375
1921.000,1994/9/16,Waiting,1097602.375
1922.000,1994/9/17,Waiting,1097602.375
1923.000,1994/9/21,Waiting,1097602.375
1924.000,1994/9/22,Waiting,1097602.375
1925.000,1994/9/23,Waiting,1097602.375
1926.000,1994/9/24,Waiting,1097602.375
1927.000,1994/9/26,Waiting,1097602.375
1928.000,1994/9/27,Waiting,1097602.375
1929.000,1994/9/29,Waiting,1097602.375
1930.000,1994/9/30,Buy,1097602.375
1931.000,1994/10/1,Holding,1078627.375
1932.000,1994/10/3,Holding,1078627.375
1933.000,1994/10/4,Holding,1078627.375
1934.000,1994/10/5,Holding,1021702.375
1935.000,1994/10/6,Holding,947527.188
1936.000,1994/10/7,Sell,928552.250
1937.000,1994/10/8,Waiting,928552.250
1938.000,1994/10/11,Waiting,928552.250
1939.000,1994/10/12,Waiting,928552.250
1940.000,1994/10/13,Waiting,928552.250
1941.000,1994/10/14,Waiting,928552.250
1942.000,1994/10/15,Waiting,928552.250
1943.000,1994/10/17,Waiting,928552.250
1944.000,1994/10/18,Waiting,928552.250
1945.000,1994/10/19,Waiting,928552.250
1946.000,1994/10/20,Waiting,928552.250
1947.000,1994/10/21,Waiting,928552.250
1948.000,1994/10/22,Waiting,928552.250
1949.000,1994/10/24,Waiting,928552.250
1950.000,1994/10/26,Waiting,928552.250
1951.000,1994/10/27,Waiting,928552.250
1952.000,1994/10/28,Waiting,928552.250
1953.000,1994/10/29,Waiting,928552.250
1954.000,1994/11/1,Waiting,928552.250
1955.000,1994/11/2,Waiting,928552.250
1956.000,1994/11/3,Waiting,928552.250
1957.000,1994/11/4,Waiting,928552.250
1958.000,1994/11/5,Waiting,928552.250
1959.000,1994/11/7,Waiting,928552.250
1960.000,1994/11/8,Waiting,928552.250
1961.000,1994/11/9,Waiting,928552.250
1962.000,1994/11/10,Waiting,928552.250
1963.000,1994/11/11,Waiting,928552.250
1964.000,1994/11/14,Waiting,928552.250
1965.000,1994/11/15,Waiting,928552.250
1966.000,1994/11/16,Waiting,928552.250
1967.000,1994/11/17,Waiting,928552.250
1968.000,1994/11/18,Waiting,928552.250
1969.000,1994/11/19,Waiting,928552.250
1970.000,1994/11/21,Waiting,928552.250
1971.000,1994/11/22,Waiting,928552.250
1972.000,1994/11/23,Waiting,928552.250
1973.000,1994/11/24,Waiting,928552.250
1974.000,1994/11/25,Waiting,928552.250
1975.000,1994/11/26,Waiting,928552.250
1976.000,1994/11/28,Waiting,928552.250
1977.000,1994/11/29,Waiting,928552.250
1978.000,1994/11/30,Waiting,928552.250
1979.000,1994/12/1,Waiting,928552.250
1980.000,1994/12/2,Waiting,928552.250
1981.000,1994/12/5,Waiting,928552.250
1982.000,1994/12/6,Waiting,928552.250
1983.000,1994/12/7,Waiting,928552.250
1984.000,1994/12/8,Waiting,928552.250
1985.000,1994/12/9,Waiting,928552.250
1986.000,1994/12/10,Waiting,928552.250
1987.000,1994/12/12,Waiting,928552.250
1988.000,1994/12/13,Waiting,928552.250
1989.000,1994/12/14,Waiting,928552.250
1990.000,1994/12/15,Waiting,928552.250
1991.000,1994/12/16,Waiting,928552.250
1992.000,1994/12/17,Waiting,928552.250
1993.000,1994/12/19,Waiting,928552.250
1994.000,1994/12/20,Waiting,928552.250
1995.000,1994/12/21,Waiting,928552.250
1996.000,1994/12/22,Buy,928552.250
1997.000,1994/12/23,Holding,928552.250
1998.000,1994/12/24,Holding,909388.750
1999.000,1994/12/27,Holding,909388.750
2000.000,1994/12/28,Holding,928552.250
2001.000,1994/12/29,Holding,909388.750
2002.000,1994/12/30,Holding,947715.938
2003.000,1994/12/31,Holding,986042.938
2004.000,1995/1/5,Holding,1041791.688
2005.000,1995/1/6,Holding,1005206.625
2006.000,1995/1/7,Holding,1041791.688
2007.000,1995/1/9,Holding,1041791.688
2008.000,1995/1/10,Holding,966879.438
2009.000,1995/1/11,Holding,986042.938
2010.000,1995/1/12,Holding,947715.938
2011.000,1995/1/13,Holding,928552.250
2012.000,1995/1/14,Holding,891967.250
2013.000,1995/1/16,Holding,986042.938
2014.000,1995/1/17,Holding,1024370.188
2015.000,1995/1/18,Holding,1156773.125
2016.000,1995/1/19,Holding,1118445.875
2017.000,1995/1/20,Holding,1005206.625
2018.000,1995/1/21,Holding,1024370.188
2019.000,1995/1/23,Holding,1005206.625
2020.000,1995/1/24,Holding,947715.938
2021.000,1995/1/25,Holding,986042.938
2022.000,1995/1/26,Holding,986042.938
2023.000,1995/2/4,Holding,1005206.625
2024.000,1995/2/6,Holding,1024370.188
2025.000,1995/2/7,Holding,1041791.688
2026.000,1995/2/8,Holding,1041791.688
2027.000,1995/2/9,Holding,1099282.375
2028.000,1995/2/10,Holding,1080118.750
2029.000,1995/2/11,Holding,1080118.750
2030.000,1995/2/13,Holding,1041791.688
2031.000,1995/2/14,Holding,1024370.188
2032.000,1995/2/15,Holding,1041791.688
2033.000,1995/2/16,Holding,1060955.125
2034.000,1995/2/17,Holding,1024370.188
2035.000,1995/2/18,Holding,1080118.750
2036.000,1995/2/20,Holding,1060955.125
2037.000,1995/2/21,Holding,1099282.375
2038.000,1995/2/22,Holding,1099282.375
2039.000,1995/2/23,Holding,1099282.375
2040.000,1995/2/24,Holding,1118445.875
2041.000,1995/2/25,Holding,1156773.125
2042.000,1995/2/27,Holding,1099282.375
2043.000,1995/2/28,Holding,1099282.375
2044.000,1995/3/1,Holding,1041791.688
2045.000,1995/3/2,Holding,1060955.125
2046.000,1995/3/3,Holding,1099282.375
2047.000,1995/3/4,Holding,1099282.375
2048.000,1995/3/6,Holding,1080118.750
2049.000,1995/3/7,Holding,1060955.125
2050.000,1995/3/8,Holding,1041791.688
2051.000,1995/3/9,Holding,1041791.688
2052.000,1995/3/10,Holding,1041791.688
2053.000,1995/3/11,Holding,1041791.688
2054.000,1995/3/13,Holding,1041791.688
2055.000,1995/3/14,Holding,1041791.688
2056.000,1995/3/15,Holding,1041791.688
2057.000,1995/3/16,Holding,1060955.125
2058.000,1995/3/17,Holding,1080118.750
2059.000,1995/3/18,Holding,1060955.125
2060.000,1995/3/20,Holding,1041791.688
2061.000,1995/3/21,Holding,1041791.688
2062.000,1995/3/22,Sell,1024370.188
2063.000,1995/3/23,Waiting,1024370.188
2064.000,1995/3/24,Waiting,1024370.188
2065.000,1995/3/25,Waiting,1024370.188
2066.000,1995/3/27,Waiting,1024370.188
2067.000,1995/3/28,Waiting,1024370.188
2068.000,1995/3/30,Waiting,1024370.188
2069.000,1995/3/31,Waiting,1024370.188
2070.000,1995/4/1,Waiting,1024370.188
2071.000,1995/4/6,Waiting,1024370.188
2072.000,1995/4/7,Waiting,1024370.188
2073.000,1995/4/8,Waiting,1024370.188
2074.000,1995/4/10,Waiting,1024370.188
2075.000,1995/4/11,Waiting,1024370.188
2076.000,1995/4/12,Waiting,1024370.188
2077.000,1995/4/13,Waiting,1024370.188
2078.000,1995/4/14,Waiting,1024370.188
2079.000,1995/4/15,Waiting,1024370.188
2080.000,1995/4/17,Waiting,1024370.188
2081.000,1995/4/18,Waiting,1024370.188
2082.000,1995/4/19,Waiting,1024370.188
2083.000,1995/4/20,Waiting,1024370.188
2084.000,1995/4/21,Waiting,1024370.188
2085.000,1995/4/22,Waiting,1024370.188
2086.000,1995/4/24,Waiting,1024370.188
2087.000,1995/4/25,Waiting,1024370.188
2088.000,1995/4/26,Waiting,1024370.188
2089.000,1995/4/27,Waiting,1024370.188
2090.000,1995/4/28,Waiting,1024370.188
2091.000,1995/4/29,Waiting,1024370.188
2092.000,1995/5/1,Waiting,1024370.188
2093.000,1995/5/2,Waiting,1024370.188
2094.000,1995/5/3,Waiting,1024370.188
2095.000,1995/5/4,Waiting,1024370.188
2096.000,1995/5/5,Waiting,1024370.188
2097.000,1995/5/6,Waiting,1024370.188
2098.000,1995/5/8,Waiting,1024370.188
2099.000,1995/5/9,Waiting,1024370.188
2100.000,1995/5/10,Waiting,1024370.188
2101.000,1995/5/11,Waiting,1024370.188
2102.000,1995/5/12,Waiting,1024370.188
2103.000,1995/5/13,Waiting,1024370.188
2104.000,1995/5/15,Waiting,1024370.188
2105.000,1995/5/16,Waiting,1024370.188
2106.000,1995/5/17,Waiting,1024370.188
2107.000,1995/5/18,Waiting,1024370.188
2108.000,1995/5/19,Waiting,1024370.188
2109.000,1995/5/20,Waiting,1024370.188
2110.000,1995/5/22,Waiting,1024370.188
2111.000,1995/5/23,Waiting,1024370.188
2112.000,1995/5/24,Waiting,1024370.188
2113.000,1995/5/25,Waiting,1024370.188
2114.000,1995/5/26,Waiting,1024370.188
2115.000,1995/5/27,Waiting,1024370.188
2116.000,1995/5/29,Waiting,1024370.188
2117.000,1995/5/30,Waiting,1024370.188
2118.000,1995/5/31,Waiting,1024370.188
2119.000,1995/6/1,Waiting,1024370.188
2120.000,1995/6/5,Waiting,1024370.188
2121.000,1995/6/6,Waiting,1024370.188
2122.000,1995/6/7,Waiting,1024370.188
2123.000,1995/6/8,Waiting,1024370.188
2124.000,1995/6/9,Waiting,1024370.188
2125.000,1995/6/10,Waiting,1024370.188
2126.000,1995/6/12,Waiting,1024370.188
2127.000,1995/6/13,Waiting,1024370.188
2128.000,1995/6/14,Waiting,1024370.188
2129.000,1995/6/15,Waiting,1024370.188
2130.000,1995/6/16,Waiting,1024370.188
2131.000,1995/6/17,Waiting,1024370.188
2132.000,1995/6/19,Waiting,1024370.188
2133.000,1995/6/20,Waiting,1024370.188
2134.000,1995/6/21,Waiting,1024370.188
2135.000,1995/6/22,Waiting,1024370.188
2136.000,1995/6/23,Waiting,1024370.188
2137.000,1995/6/24,Waiting,1024370.188
2138.000,1995/6/26,Waiting,1024370.188
2139.000,1995/6/27,Waiting,1024370.188
2140.000,1995/6/28,Waiting,1024370.188
2141.000,1995/6/29,Waiting,1024370.188
2142.000,1995/6/30,Waiting,1024370.188
2143.000,1995/7/3,Waiting,1024370.188
2144.000,1995/7/4,Waiting,1024370.188
2145.000,1995/7/5,Waiting,1024370.188
2146.000,1995/7/6,Waiting,1024370.188
2147.000,1995/7/7,Waiting,1024370.188
2148.000,1995/7/8,Waiting,1024370.188
2149.000,1995/7/10,Waiting,1024370.188
2150.000,1995/7/11,Waiting,1024370.188
2151.000,1995/7/12,Waiting,1024370.188
2152.000,1995/7/13,Waiting,1024370.188
2153.000,1995/7/14,Waiting,1024370.188
2154.000,1995/7/15,Waiting,1024370.188
2155.000,1995/7/17,Waiting,1024370.188
2156.000,1995/7/18,Waiting,1024370.188
2157.000,1995/7/19,Waiting,1024370.188
2158.000,1995/7/20,Waiting,1024370.188
2159.000,1995/7/21,Waiting,1024370.188
2160.000,1995/7/22,Waiting,1024370.188
2161.000,1995/7/24,Waiting,1024370.188
2162.000,1995/7/25,Waiting,1024370.188
2163.000,1995/7/26,Waiting,1024370.188
2164.000,1995/7/27,Waiting,1024370.188
2165.000,1995/7/28,Waiting,1024370.188
2166.000,1995/7/29,Waiting,1024370.188
2167.000,1995/7/31,Waiting,1024370.188
2168.000,1995/8/1,Waiting,1024370.188
2169.000,1995/8/2,Waiting,1024370.188
2170.000,1995/8/3,Waiting,1024370.188
2171.000,1995/8/4,Waiting,1024370.188
2172.000,1995/8/5,Waiting,1024370.188
2173.000,1995/8/7,Waiting,1024370.188
2174.000,1995/8/8,Waiting,1024370.188
2175.000,1995/8/9,Waiting,1024370.188
2176.000,1995/8/10,Waiting,1024370.188
2177.000,1995/8/11,Waiting,1024370.188
2178.000,1995/8/12,Waiting,1024370.188
2179.000,1995/8/14,Waiting,1024370.188
2180.000,1995/8/15,Waiting,1024370.188
2181.000,1995/8/16,Waiting,1024370.188
2182.000,1995/8/17,Waiting,1024370.188
2183.000,1995/8/18,Waiting,1024370.188
2184.000,1995/8/19,Waiting,1024370.188
2185.000,1995/8/21,Waiting,1024370.188
2186.000,1995/8/22,Waiting,1024370.188
2187.000,1995/8/23,Waiting,1024370.188
2188.000,1995/8/24,Waiting,1024370.188
2189.000,1995/8/25,Waiting,1024370.188
2190.000,1995/8/26,Waiting,1024370.188
2191.000,1995/8/28,Waiting,1024370.188
2192.000,1995/8/29,Waiting,1024370.188
2193.000,1995/8/30,Waiting,1024370.188
2194.000,1995/8/31,Waiting,1024370.188
2195.000,1995/9/1,Waiting,1024370.188
2196.000,1995/9/2,Waiting,1024370.188
2197.000,1995/9/4,Waiting,1024370.188
2198.000,1995/9/5,Waiting,1024370.188
2199.000,1995/9/6,Waiting,1024370.188
2200.000,1995/9/7,Waiting,1024370.188
2201.000,1995/9/8,Waiting,1024370.188
2202.000,1995/9/11,Waiting,1024370.188
2203.000,1995/9/12,Waiting,1024370.188
2204.000,1995/9/13,Waiting,1024370.188
2205.000,1995/9/14,Waiting,1024370.188
2206.000,1995/9/15,Waiting,1024370.188
2207.000,1995/9/16,Waiting,1024370.188
2208.000,1995/9/18,Waiting,1024370.188
2209.000,1995/9/19,Waiting,1024370.188
2210.000,1995/9/20,Waiting,1024370.188
2211.000,1995/9/21,Waiting,1024370.188
2212.000,1995/9/23,Waiting,1024370.188
2213.000,1995/9/25,Waiting,1024370.188
2214.000,1995/9/26,Waiting,1024370.188
2215.000,1995/9/27,Waiting,1024370.188
2216.000,1995/9/29,Waiting,1024370.188
2217.000,1995/9/30,Waiting,1024370.188
2218.000,1995/10/2,Waiting,1024370.188
2219.000,1995/10/3,Waiting,1024370.188
2220.000,1995/10/4,Waiting,1024370.188
2221.000,1995/10/5,Waiting,1024370.188
2222.000,1995/10/6,Waiting,1024370.188
2223.000,1995/10/7,Waiting,1024370.188
2224.000,1995/10/9,Waiting,1024370.188
2225.000,1995/10/11,Waiting,1024370.188
2226.000,1995/10/12,Waiting,1024370.188
2227.000,1995/10/13,Waiting,1024370.188
2228.000,1995/10/14,Waiting,1024370.188
2229.000,1995/10/16,Waiting,1024370.188
2230.000,1995/10/17,Waiting,1024370.188
2231.000,1995/10/18,Waiting,1024370.188
2232.000,1995/10/19,Waiting,1024370.188
2233.000,1995/10/20,Waiting,1024370.188
2234.000,1995/10/21,Waiting,1024370.188
2235.000,1995/10/23,Waiting,1024370.188
2236.000,1995/10/24,Waiting,1024370.188
2237.000,1995/10/26,Waiting,1024370.188
2238.000,1995/10/27,Waiting,1024370.188
2239.000,1995/10/28,Waiting,1024370.188
2240.000,1995/10/30,Waiting,1024370.188
2241.000,1995/11/1,Waiting,1024370.188
2242.000,1995/11/2,Waiting,1024370.188
2243.000,1995/11/3,Waiting,1024370.188
2244.000,1995/11/4,Waiting,1024370.188
2245.000,1995/11/6,Waiting,1024370.188
2246.000,1995/11/7,Waiting,1024370.188
2247.000,1995/11/8,Waiting,1024370.188
2248.000,1995/11/9,Waiting,1024370.188
2249.000,1995/11/10,Waiting,1024370.188
2250.000,1995/11/11,Waiting,1024370.188
2251.000,1995/11/14,Waiting,1024370.188
2252.000,1995/11/15,Waiting,1024370.188
2253.000,1995/11/16,Waiting,1024370.188
2254.000,1995/11/17,Waiting,1024370.188
2255.000,1995/11/18,Waiting,1024370.188
2256.000,1995/11/20,Waiting,1024370.188
2257.000,1995/11/21,Waiting,1024370.188
2258.000,1995/11/22,Waiting,1024370.188
2259.000,1995/11/23,Waiting,1024370.188
2260.000,1995/11/24,Waiting,1024370.188
2261.000,1995/11/25,Waiting,1024370.188
2262.000,1995/11/27,Waiting,1024370.188
2263.000,1995/11/28,Waiting,1024370.188
2264.000,1995/11/29,Waiting,1024370.188
2265.000,1995/11/30,Waiting,1024370.188
2266.000,1995/12/1,Waiting,1024370.188
2267.000,1995/12/4,Waiting,1024370.188
2268.000,1995/12/5,Waiting,1024370.188
2269.000,1995/12/6,Waiting,1024370.188
2270.000,1995/12/7,Waiting,1024370.188
2271.000,1995/12/8,Waiting,1024370.188
2272.000,1995/12/9,Waiting,1024370.188
2273.000,1995/12/11,Waiting,1024370.188
2274.000,1995/12/12,Waiting,1024370.188
2275.000,1995/12/13,Waiting,1024370.188
2276.000,1995/12/14,Waiting,1024370.188
2277.000,1995/12/15,Waiting,1024370.188
2278.000,1995/12/16,Waiting,1024370.188
2279.000,1995/12/18,Waiting,1024370.188
2280.000,1995/12/19,Waiting,1024370.188
2281.000,1995/12/20,Waiting,1024370.188
2282.000,1995/12/21,Waiting,1024370.188
2283.000,1995/12/22,Waiting,1024370.188
2284.000,1995/12/23,Waiting,1024370.188
2285.000,1995/12/26,Waiting,1024370.188
2286.000,1995/12/27,Waiting,1024370.188
2287.000,1995/12/28,Waiting,1024370.188
2288.000,1995/12/29,Waiting,1024370.188
2289.000,1995/12/30,Waiting,1024370.188
2290.000,1996/1/4,Waiting,1024370.188
2291.000,1996/1/5,Waiting,1024370.188
2292.000,1996/1/6,Waiting,1024370.188
2293.000,1996/1/8,Waiting,1024370.188
2294.000,1996/1/9,Waiting,1024370.188
2295.000,1996/1/10,Waiting,1024370.188
2296.000,1996/1/11,Waiting,1024370.188
2297.000,1996/1/12,Waiting,1024370.188
2298.000,1996/1/13,Waiting,1024370.188
2299.000,1996/1/15,Waiting,1024370.188
2300.000,1996/1/16,Waiting,1024370.188
2301.000,1996/1/17,Waiting,1024370.188
2302.000,1996/1/18,Waiting,1024370.188
2303.000,1996/1/19,Buy,1024370.188
2304.000,1996/1/20,Holding,1024370.188
2305.000,1996/1/22,Holding,1019866.688
2306.000,1996/1/23,Holding,1013111.125
2307.000,1996/1/24,Holding,1069406.250
2308.000,1996/1/25,Holding,1035629.250
2309.000,1996/1/26,Holding,1046888.313
2310.000,1996/1/27,Holding,1008607.625
2311.000,1996/1/29,Holding,963571.625
2312.000,1996/1/30,Holding,997348.563
2313.000,1996/1/31,Holding,968075.125
2314.000,1996/2/1,Holding,986089.500
2315.000,1996/2/2,Holding,974830.688
2316.000,1996/2/3,Holding,986089.500
2317.000,1996/2/5,Holding,986089.500
2318.000,1996/2/6,Holding,968075.125
2319.000,1996/2/7,Holding,990593.250
2320.000,1996/2/8,Holding,1001852.313
2321.000,1996/2/9,Holding,1013111.125
2322.000,1996/2/10,Holding,1058147.375
2323.000,1996/2/12,Holding,1073909.875
2324.000,1996/2/13,Holding,1103183.375
2325.000,1996/2/14,Holding,1107686.875
2326.000,1996/2/15,Holding,1103183.375
2327.000,1996/2/23,Holding,1130205.000
2328.000,1996/2/24,Holding,1096428.000
2329.000,1996/2/26,Holding,1069406.250
2330.000,1996/2/27,Holding,1073909.875
2331.000,1996/2/28,Holding,1085169.000
2332.000,1996/2/29,Holding,1114442.375
2333.000,1996/3/1,Holding,1141464.000
2334.000,1996/3/2,Holding,1136960.250
2335.000,1996/3/4,Holding,1125701.250
2336.000,1996/3/5,Holding,1114442.375
2337.000,1996/3/6,Holding,1069406.250
2338.000,1996/3/7,Holding,1091924.250
2339.000,1996/3/8,Holding,1118945.875
2340.000,1996/3/9,Holding,1130205.000
2341.000,1996/3/11,Holding,1103183.375
2342.000,1996/3/12,Holding,1114442.375
2343.000,1996/3/13,Holding,1107686.875
2344.000,1996/3/14,Holding,1114442.375
2345.000,1996/3/15,Holding,1130205.000
2346.000,1996/3/16,Holding,1159478.375
2347.000,1996/3/18,Holding,1136960.250
2348.000,1996/3/19,Holding,1152723.125
2349.000,1996/3/20,Holding,1181996.250
2350.000,1996/3/21,Holding,1170737.500
2351.000,1996/3/22,Holding,1202262.625
2352.000,1996/3/25,Holding,1220277.000
2353.000,1996/3/26,Holding,1247298.625
2354.000,1996/3/27,Holding,1231536.000
2355.000,1996/3/28,Holding,1202262.625
2356.000,1996/4/1,Holding,1254054.125
2357.000,1996/4/2,Holding,1269816.750
2358.000,1996/4/5,Holding,1359888.750
2359.000,1996/4/6,Holding,1522018.500
2360.000,1996/4/8,Holding,1488241.625
2361.000,1996/4/9,Holding,1488241.625
2362.000,1996/4/10,Holding,1661630.250
2363.000,1996/4/11,Holding,1627853.250
2364.000,1996/4/12,Holding,1796738.500
2365.000,1996/4/13,Holding,1823760.125
2366.000,1996/4/15,Holding,1722429.000
2367.000,1996/4/16,Holding,1650371.500
2368.000,1996/4/17,Holding,1774220.375
2369.000,1996/4/18,Holding,1702162.750
2370.000,1996/4/19,Holding,1796738.500
2371.000,1996/4/20,Holding,1785479.500
2372.000,1996/4/22,Holding,1880055.250
2373.000,1996/4/23,Holding,1796738.500
2374.000,1996/4/24,Holding,1823760.125
2375.000,1996/4/25,Holding,1789983.250
2376.000,1996/4/26,Holding,1880055.250
2377.000,1996/4/27,Holding,1880055.250
2378.000,1996/4/29,Holding,1880055.250
2379.000,1996/4/30,Holding,1853033.500
2380.000,1996/5/1,Holding,1796738.500
2381.000,1996/5/2,Holding,1767465.000
2382.000,1996/5/3,Holding,1796738.500
2383.000,1996/5/4,Holding,1796738.500
2384.000,1996/5/6,Holding,1744947.000
2385.000,1996/5/7,Holding,1722429.000
2386.000,1996/5/8,Holding,1756206.000
2387.000,1996/5/9,Holding,1767465.000
2388.000,1996/5/10,Holding,1853033.500
2389.000,1996/5/11,Holding,1880055.250
2390.000,1996/5/13,Holding,1909328.625
2391.000,1996/5/14,Holding,1880055.250
2392.000,1996/5/15,Holding,1853033.500
2393.000,1996/5/16,Holding,1880055.250
2394.000,1996/5/17,Holding,1853033.500
2395.000,1996/5/18,Holding,1880055.250
2396.000,1996/5/20,Holding,1751702.500
2397.000,1996/5/21,Holding,1774220.375
2398.000,1996/5/22,Holding,1801242.000
2399.000,1996/5/23,Holding,1880055.250
2400.000,1996/5/24,Holding,2051192.250
2401.000,1996/5/25,Holding,1994897.250
2402.000,1996/5/27,Holding,1994897.250
2403.000,1996/5/28,Holding,1936350.250
2404.000,1996/5/29,Holding,1965623.750
2405.000,1996/5/30,Holding,1994897.250
2406.000,1996/5/31,Holding,2078213.750
2407.000,1996/6/1,Holding,2107487.250
2408.000,1996/6/3,Holding,2134509.000
2409.000,1996/6/4,Holding,2107487.250
2410.000,1996/6/5,Holding,2078213.750
2411.000,1996/6/6,Holding,2134509.000
2412.000,1996/6/7,Holding,2190804.000
2413.000,1996/6/8,Holding,2134509.000
2414.000,1996/6/10,Holding,2134509.000
2415.000,1996/6/11,Holding,2163782.250
2416.000,1996/6/12,Holding,2332667.500
2417.000,1996/6/13,Holding,2388962.500
2418.000,1996/6/14,Holding,2305646.000
2419.000,1996/6/15,Holding,2388962.500
2420.000,1996/6/17,Holding,2501552.750
2421.000,1996/6/18,Holding,2388962.500
2422.000,1996/6/19,Holding,2445257.750
2423.000,1996/6/21,Holding,2501552.750
2424.000,1996/6/22,Holding,2697459.500
2425.000,1996/6/24,Holding,2697459.500
2426.000,1996/6/25,Holding,2760510.250
2427.000,1996/6/26,Holding,2789783.500
2428.000,1996/6/27,Holding,2976683.000
2429.000,1996/6/28,Holding,2976683.000
2430.000,1996/6/29,Holding,3195107.750
2431.000,1996/7/2,Holding,2945157.750
2432.000,1996/7/3,Holding,2821308.500
2433.000,1996/7/4,Holding,2728984.500
2434.000,1996/7/5,Holding,2728984.500
2435.000,1996/7/6,Holding,2634409.000
2436.000,1996/7/8,Holding,2697459.500
2437.000,1996/7/9,Holding,2665934.500
2438.000,1996/7/10,Holding,2479034.500
2439.000,1996/7/11,Holding,2573610.250
2440.000,1996/7/12,Holding,2634409.000
2441.000,1996/7/13,Holding,2634409.000
2442.000,1996/7/15,Holding,2573610.250
2443.000,1996/7/16,Holding,2542085.000
2444.000,1996/7/17,Holding,2634409.000
2445.000,1996/7/18,Holding,2634409.000
2446.000,1996/7/19,Holding,2634409.000
2447.000,1996/7/20,Holding,2634409.000
2448.000,1996/7/22,Holding,2605135.750
2449.000,1996/7/23,Holding,2542085.000
2450.000,1996/7/24,Holding,2542085.000
2451.000,1996/7/25,Holding,2479034.500
2452.000,1996/7/26,Holding,2510560.000
2453.000,1996/7/27,Holding,2573610.250
2454.000,1996/7/29,Holding,2510560.000
2455.000,1996/7/30,Holding,2449761.250
2456.000,1996/8/2,Holding,2479034.500
2457.000,1996/8/3,Holding,2386710.750
2458.000,1996/8/5,Sell,2294386.750
2459.000,1996/8/6,Waiting,2294386.750
2460.000,1996/8/7,Waiting,2294386.750
2461.000,1996/8/8,Waiting,2294386.750
2462.000,1996/8/9,Waiting,2294386.750
2463.000,1996/8/10,Waiting,2294386.750
2464.000,1996/8/12,Waiting,2294386.750
2465.000,1996/8/13,Waiting,2294386.750
2466.000,1996/8/14,Waiting,2294386.750
2467.000,1996/8/15,Waiting,2294386.750
2468.000,1996/8/16,Waiting,2294386.750
2469.000,1996/8/17,Waiting,2294386.750
2470.000,1996/8/19,Waiting,2294386.750
2471.000,1996/8/20,Waiting,2294386.750
2472.000,1996/8/21,Waiting,2294386.750
2473.000,1996/8/22,Waiting,2294386.750
2474.000,1996/8/23,Waiting,2294386.750
2475.000,1996/8/24,Waiting,2294386.750
2476.000,1996/8/26,Waiting,2294386.750
2477.000,1996/8/27,Waiting,2294386.750
2478.000,1996/8/28,Waiting,2294386.750
2479.000,1996/8/29,Waiting,2294386.750
2480.000,1996/8/30,Waiting,2294386.750
2481.000,1996/8/31,Waiting,2294386.750
2482.000,1996/9/2,Waiting,2294386.750
2483.000,1996/9/3,Waiting,2294386.750
2484.000,1996/9/4,Waiting,2294386.750
2485.000,1996/9/5,Waiting,2294386.750
2486.000,1996/9/6,Waiting,2294386.750
2487.000,1996/9/7,Waiting,2294386.750
2488.000,1996/9/9,Waiting,2294386.750
2489.000,1996/9/10,Waiting,2294386.750
2490.000,1996/9/11,Waiting,2294386.750
2491.000,1996/9/12,Waiting,2294386.750
2492.000,1996/9/13,Waiting,2294386.750
2493.000,1996/9/14,Waiting,2294386.750
2494.000,1996/9/16,Waiting,2294386.750
2495.000,1996/9/17,Waiting,2294386.750
2496.000,1996/9/18,Waiting,2294386.750
2497.000,1996/9/19,Waiting,2294386.750
2498.000,1996/9/20,Waiting,2294386.750
2499.000,1996/9/21,Waiting,2294386.750
2500.000,1996/9/23,Waiting,2294386.750
2501.000,1996/9/24,Waiting,2294386.750
2502.000,1996/9/25,Waiting,2294386.750
2503.000,1996/9/26,Waiting,2294386.750
2504.000,1996/9/30,Waiting,2294386.750
2505.000,1996/10/1,Waiting,2294386.750
2506.000,1996/10/2,Waiting,2294386.750
2507.000,1996/10/3,Waiting,2294386.750
2508.000,1996/10/4,Buy,2294386.750
2509.000,1996/10/5,Holding,2294386.750
2510.000,1996/10/7,Holding,2236770.750
2511.000,1996/10/8,Holding,2207963.000
2512.000,1996/10/9,Holding,2265578.750
2513.000,1996/10/11,Holding,2294386.750
2514.000,1996/10/12,Holding,2436368.500
2515.000,1996/10/14,Holding,2436368.500
2516.000,1996/10/15,Holding,2436368.500
2517.000,1996/10/16,Holding,2436368.500
2518.000,1996/10/17,Holding,2349945.000
2519.000,1996/10/18,Holding,2349945.000
2520.000,1996/10/19,Holding,2321136.750
2521.000,1996/10/21,Holding,2349945.000
2522.000,1996/10/22,Holding,2349945.000
2523.000,1996/10/23,Holding,2321136.750
2524.000,1996/10/24,Holding,2378752.750
2525.000,1996/10/28,Holding,2321136.750
2526.000,1996/10/29,Holding,2321136.750
2527.000,1996/10/30,Holding,2378752.750
2528.000,1996/11/1,Holding,2321136.750
2529.000,1996/11/2,Holding,2407560.500
2530.000,1996/11/4,Holding,2378752.750
2531.000,1996/11/5,Holding,2349945.000
2532.000,1996/11/6,Holding,2378752.750
2533.000,1996/11/7,Holding,2436368.500
2534.000,1996/11/8,Holding,2407560.500
2535.000,1996/11/9,Holding,2349945.000
2536.000,1996/11/11,Holding,2349945.000
2537.000,1996/11/13,Holding,2349945.000
2538.000,1996/11/14,Holding,2407560.500
2539.000,1996/11/15,Holding,2378752.750
2540.000,1996/11/16,Holding,2407560.500
2541.000,1996/11/18,Holding,2463118.500
2542.000,1996/11/19,Holding,2578350.000
2543.000,1996/11/20,Holding,2578350.000
2544.000,1996/11/21,Holding,2491926.250
2545.000,1996/11/22,Holding,2520734.500
2546.000,1996/11/23,Holding,2605100.500
2547.000,1996/11/25,Holding,2578350.000
2548.000,1996/11/26,Holding,2605100.500
2549.000,1996/11/27,Holding,2578350.000
2550.000,1996/11/28,Holding,2491926.250
2551.000,1996/11/29,Holding,2491926.250
2552.000,1996/11/30,Holding,2520734.500
2553.000,1996/12/2,Holding,2605100.500
2554.000,1996/12/3,Holding,2605100.500
2555.000,1996/12/4,Holding,2605100.500
2556.000,1996/12/5,Holding,2578350.000
2557.000,1996/12/6,Holding,2463118.500
2558.000,1996/12/7,Holding,2491926.250
2559.000,1996/12/9,Holding,2463118.500
2560.000,1996/12/10,Holding,2491926.250
2561.000,1996/12/11,Holding,2463118.500
2562.000,1996/12/12,Holding,2463118.500
2563.000,1996/12/13,Holding,2436368.500
2564.000,1996/12/14,Holding,2463118.500
2565.000,1996/12/16,Holding,2463118.500
2566.000,1996/12/17,Holding,2436368.500
2567.000,1996/12/18,Holding,2436368.500
2568.000,1996/12/19,Holding,2407560.500
2569.000,1996/12/20,Sell,2436368.500
2570.000,1996/12/21,Waiting,2436368.500
2571.000,1996/12/23,Waiting,2436368.500
2572.000,1996/12/24,Waiting,2436368.500
2573.000,1996/12/26,Waiting,2436368.500
2574.000,1996/12/27,Waiting,2436368.500
2575.000,1996/12/28,Waiting,2436368.500
2576.000,1996/12/30,Waiting,2436368.500
2577.000,1996/12/31,Waiting,2436368.500
2578.000,1997/1/4,Waiting,2436368.500
2579.000,1997/1/6,Waiting,2436368.500
2580.000,1997/1/7,Waiting,2436368.500
2581.000,1997/1/8,Waiting,2436368.500
2582.000,1997/1/9,Waiting,2436368.500
2583.000,1997/1/10,Waiting,2436368.500
2584.000,1997/1/11,Waiting,2436368.500
2585.000,1997/1/13,Waiting,2436368.500
2586.000,1997/1/14,Waiting,2436368.500
2587.000,1997/1/15,Waiting,2436368.500
2588.000,1997/1/16,Waiting,2436368.500
2589.000,1997/1/17,Waiting,2436368.500
2590.000,1997/1/18,Waiting,2436368.500
2591.000,1997/1/20,Waiting,2436368.500
2592.000,1997/1/21,Waiting,2436368.500
2593.000,1997/1/22,Waiting,2436368.500
2594.000,1997/1/23,Waiting,2436368.500
2595.000,1997/1/24,Waiting,2436368.500
2596.000,1997/1/25,Waiting,2436368.500
2597.000,1997/1/27,Waiting,2436368.500
2598.000,1997/1/28,Waiting,2436368.500
2599.000,1997/1/29,Waiting,2436368.500
2600.000,1997/1/30,Waiting,2436368.500
2601.000,1997/1/31,Waiting,2436368.500
2602.000,1997/2/1,Waiting,2436368.500
2603.000,1997/2/3,Waiting,2436368.500
2604.000,1997/2/11,Waiting,2436368.500
2605.000,1997/2/12,Waiting,2436368.500
2606.000,1997/2/13,Waiting,2436368.500
2607.000,1997/2/14,Waiting,2436368.500
2608.000,1997/2/15,Waiting,2436368.500
2609.000,1997/2/17,Waiting,2436368.500
2610.000,1997/2/18,Waiting,2436368.500
2611.000,1997/2/19,Waiting,2436368.500
2612.000,1997/2/20,Waiting,2436368.500
2613.000,1997/2/21,Waiting,2436368.500
2614.000,1997/2/22,Waiting,2436368.500
2615.000,1997/2/24,Waiting,2436368.500
2616.000,1997/2/25,Buy,2436368.500
2617.000,1997/2/26,Holding,2381694.750
2618.000,1997/2/27,Holding,2381694.750
2619.000,1997/2/28,Holding,2436368.500
2620.000,1997/3/1,Holding,2464718.250
2621.000,1997/3/3,Holding,2464718.250
2622.000,1997/3/4,Holding,2493067.750
2623.000,1997/3/5,Holding,2547742.000
2624.000,1997/3/6,Holding,2547742.000
2625.000,1997/3/7,Holding,2547742.000
2626.000,1997/3/8,Holding,2521417.000
2627.000,1997/3/10,Holding,2521417.000
2628.000,1997/3/11,Holding,2521417.000
2629.000,1997/3/12,Holding,2547742.000
2630.000,1997/3/13,Holding,2547742.000
2631.000,1997/3/14,Holding,2547742.000
2632.000,1997/3/15,Holding,2521417.000
2633.000,1997/3/17,Holding,2521417.000
2634.000,1997/3/18,Holding,2547742.000
2635.000,1997/3/19,Holding,2521417.000
2636.000,1997/3/20,Holding,2493067.750
2637.000,1997/3/21,Holding,2493067.750
2638.000,1997/3/22,Holding,2464718.250
2639.000,1997/3/24,Holding,2381694.750
2640.000,1997/3/25,Sell,2268296.250
2641.000,1997/3/26,Waiting,2268296.250
2642.000,1997/3/27,Waiting,2268296.250
2643.000,1997/3/28,Waiting,2268296.250
2644.000,1997/3/31,Waiting,2268296.250
2645.000,1997/4/1,Waiting,2268296.250
2646.000,1997/4/2,Waiting,2268296.250
2647.000,1997/4/3,Waiting,2268296.250
2648.000,1997/4/7,Waiting,2268296.250
2649.000,1997/4/8,Waiting,2268296.250
2650.000,1997/4/9,Waiting,2268296.250
2651.000,1997/4/10,Waiting,2268296.250
2652.000,1997/4/11,Waiting,2268296.250
2653.000,1997/4/12,Waiting,2268296.250
2654.000,1997/4/14,Waiting,2268296.250
2655.000,1997/4/15,Waiting,2268296.250
2656.000,1997/4/16,Waiting,2268296.250
2657.000,1997/4/17,Waiting,2268296.250
2658.000,1997/4/18,Waiting,2268296.250
2659.000,1997/4/19,Waiting,2268296.250
2660.000,1997/4/21,Waiting,2268296.250
2661.000,1997/4/22,Waiting,2268296.250
2662.000,1997/4/23,Waiting,2268296.250
2663.000,1997/4/24,Waiting,2268296.250
2664.000,1997/4/25,Waiting,2268296.250
2665.000,1997/4/26,Waiting,2268296.250
2666.000,1997/4/28,Waiting,2268296.250
2667.000,1997/4/29,Waiting,2268296.250
2668.000,1997/4/30,Waiting,2268296.250
2669.000,1997/5/2,Waiting,2268296.250
2670.000,1997/5/3,Waiting,2268296.250
2671.000,1997/5/5,Waiting,2268296.250
2672.000,1997/5/6,Waiting,2268296.250
2673.000,1997/5/7,Waiting,2268296.250
2674.000,1997/5/8,Waiting,2268296.250
2675.000,1997/5/9,Waiting,2268296.250
2676.000,1997/5/10,Waiting,2268296.250
2677.000,1997/5/12,Waiting,2268296.250
2678.000,1997/5/13,Waiting,2268296.250
2679.000,1997/5/14,Waiting,2268296.250
2680.000,1997/5/15,Waiting,2268296.250
2681.000,1997/5/16,Waiting,2268296.250
2682.000,1997/5/17,Waiting,2268296.250
2683.000,1997/5/19,Waiting,2268296.250
2684.000,1997/5/20,Waiting,2268296.250
2685.000,1997/5/21,Waiting,2268296.250
2686.000,1997/5/22,Waiting,2268296.250
2687.000,1997/5/23,Waiting,2268296.250
2688.000,1997/5/24,Waiting,2268296.250
2689.000,1997/5/26,Waiting,2268296.250
2690.000,1997/5/27,Waiting,2268296.250
2691.000,1997/5/28,Waiting,2268296.250
2692.000,1997/5/29,Waiting,2268296.250
2693.000,1997/5/30,Waiting,2268296.250
2694.000,1997/5/31,Waiting,2268296.250
2695.000,1997/6/2,Waiting,2268296.250
2696.000,1997/6/3,Waiting,2268296.250
2697.000,1997/6/4,Waiting,2268296.250
2698.000,1997/6/5,Waiting,2268296.250
2699.000,1997/6/6,Waiting,2268296.250
2700.000,1997/6/7,Waiting,2268296.250
2701.000,1997/6/10,Waiting,2268296.250
2702.000,1997/6/11,Waiting,2268296.250
2703.000,1997/6/12,Waiting,2268296.250
2704.000,1997/6/13,Waiting,2268296.250
2705.000,1997/6/14,Waiting,2268296.250
2706.000,1997/6/16,Waiting,2268296.250
2707.000,1997/6/17,Waiting,2268296.250
2708.000,1997/6/18,Waiting,2268296.250
2709.000,1997/6/19,Waiting,2268296.250
2710.000,1997/6/20,Waiting,2268296.250
2711.000,1997/6/21,Waiting,2268296.250
2712.000,1997/6/23,Waiting,2268296.250
2713.000,1997/6/24,Waiting,2268296.250
2714.000,1997/6/25,Waiting,2268296.250
2715.000,1997/6/26,Waiting,2268296.250
2716.000,1997/6/27,Waiting,2268296.250
2717.000,1997/6/28,Waiting,2268296.250
2718.000,1997/6/30,Waiting,2268296.250
2719.000,1997/7/2,Waiting,2268296.250
2720.000,1997/7/3,Waiting,2268296.250
2721.000,1997/7/4,Waiting,2268296.250
2722.000,1997/7/5,Waiting,2268296.250
2723.000,1997/7/7,Waiting,2268296.250
2724.000,1997/7/8,Waiting,2268296.250
2725.000,1997/7/9,Waiting,2268296.250
2726.000,1997/7/10,Waiting,2268296.250
2727.000,1997/7/11,Waiting,2268296.250
2728.000,1997/7/12,Waiting,2268296.250
2729.000,1997/7/14,Waiting,2268296.250
2730.000,1997/7/15,Waiting,2268296.250
2731.000,1997/7/16,Waiting,2268296.250
2732.000,1997/7/17,Waiting,2268296.250
2733.000,1997/7/18,Waiting,2268296.250
2734.000,1997/7/19,Waiting,2268296.250
2735.000,1997/7/21,Waiting,2268296.250
2736.000,1997/7/22,Waiting,2268296.250
2737.000,1997/7/23,Waiting,2268296.250
2738.000,1997/7/24,Waiting,2268296.250
2739.000,1997/7/25,Waiting,2268296.250
2740.000,1997/7/26,Waiting,2268296.250
2741.000,1997/7/28,Waiting,2268296.250
2742.000,1997/7/29,Waiting,2268296.250
2743.000,1997/7/30,Waiting,2268296.250
2744.000,1997/7/31,Waiting,2268296.250
2745.000,1997/8/1,Waiting,2268296.250
2746.000,1997/8/2,Waiting,2268296.250
2747.000,1997/8/4,Waiting,2268296.250
2748.000,1997/8/5,Waiting,2268296.250
2749.000,1997/8/6,Waiting,2268296.250
2750.000,1997/8/7,Waiting,2268296.250
2751.000,1997/8/8,Waiting,2268296.250
2752.000,1997/8/9,Waiting,2268296.250
2753.000,1997/8/11,Waiting,2268296.250
2754.000,1997/8/12,Waiting,2268296.250
2755.000,1997/8/13,Waiting,2268296.250
2756.000,1997/8/14,Waiting,2268296.250
2757.000,1997/8/15,Waiting,2268296.250
2758.000,1997/8/16,Waiting,2268296.250
2759.000,1997/8/19,Waiting,2268296.250
2760.000,1997/8/20,Waiting,2268296.250
2761.000,1997/8/21,Waiting,2268296.250
2762.000,1997/8/22,Waiting,2268296.250
2763.000,1997/8/23,Waiting,2268296.250
2764.000,1997/8/25,Waiting,2268296.250
2765.000,1997/8/26,Waiting,2268296.250
2766.000,1997/8/27,Waiting,2268296.250
2767.000,1997/8/28,Waiting,2268296.250
2768.000,1997/8/30,Waiting,2268296.250
2769.000,1997/9/1,Waiting,2268296.250
2770.000,1997/9/2,Waiting,2268296.250
2771.000,1997/9/3,Waiting,2268296.250
2772.000,1997/9/4,Waiting,2268296.250
2773.000,1997/9/5,Waiting,2268296.250
2774.000,1997/9/6,Waiting,2268296.250
2775.000,1997/9/8,Waiting,2268296.250
2776.000,1997/9/9,Waiting,2268296.250
2777.000,1997/9/10,Waiting,2268296.250
2778.000,1997/9/11,Waiting,2268296.250
2779.000,1997/9/12,Waiting,2268296.250
2780.000,1997/9/13,Waiting,2268296.250
2781.000,1997/9/15,Waiting,2268296.250
2782.000,1997/9/17,Waiting,2268296.250
2783.000,1997/9/18,Waiting,2268296.250
2784.000,1997/9/19,Waiting,2268296.250
2785.000,1997/9/20,Waiting,2268296.250
2786.000,1997/9/22,Waiting,2268296.250
2787.000,1997/9/23,Waiting,2268296.250
2788.000,1997/9/24,Waiting,2268296.250
2789.000,1997/9/25,Waiting,2268296.250
2790.000,1997/9/26,Waiting,2268296.250
2791.000,1997/9/27,Waiting,2268296.250
2792.000,1997/9/30,Waiting,2268296.250
2793.000,1997/10/1,Waiting,2268296.250
2794.000,1997/10/2,Waiting,2268296.250
2795.000,1997/10/3,Waiting,2268296.250
2796.000,1997/10/4,Waiting,2268296.250
2797.000,1997/10/6,Waiting,2268296.250
2798.000,1997/10/7,Waiting,2268296.250
2799.000,1997/10/8,Waiting,2268296.250
2800.000,1997/10/9,Waiting,2268296.250
2801.000,1997/10/13,Waiting,2268296.250
2802.000,1997/10/14,Waiting,2268296.250
2803.000,1997/10/15,Waiting,2268296.250
2804.000,1997/10/16,Waiting,2268296.250
2805.000,1997/10/17,Waiting,2268296.250
2806.000,1997/10/18,Waiting,2268296.250
2807.000,1997/10/20,Waiting,2268296.250
2808.000,1997/10/21,Waiting,2268296.250
2809.000,1997/10/22,Waiting,2268296.250
2810.000,1997/10/23,Waiting,2268296.250
2811.000,1997/10/24,Waiting,2268296.250
2812.000,1997/10/27,Waiting,2268296.250
2813.000,1997/10/28,Waiting,2268296.250
2814.000,1997/10/29,Waiting,2268296.250
2815.000,1997/10/30,Waiting,2268296.250
2816.000,1997/11/3,Waiting,2268296.250
2817.000,1997/11/4,Waiting,2268296.250
2818.000,1997/11/5,Waiting,2268296.250
2819.000,1997/11/6,Waiting,2268296.250
2820.000,1997/11/7,Waiting,2268296.250
2821.000,1997/11/8,Waiting,2268296.250
2822.000,1997/11/10,Waiting,2268296.250
2823.000,1997/11/11,Waiting,2268296.250
2824.000,1997/11/13,Waiting,2268296.250
2825.000,1997/11/14,Waiting,2268296.250
2826.000,1997/11/15,Waiting,2268296.250
2827.000,1997/11/17,Waiting,2268296.250
2828.000,1997/11/18,Waiting,2268296.250
2829.000,1997/11/19,Waiting,2268296.250
2830.000,1997/11/20,Waiting,2268296.250
2831.000,1997/11/21,Waiting,2268296.250
2832.000,1997/11/22,Waiting,2268296.250
2833.000,1997/11/24,Waiting,2268296.250
2834.000,1997/11/25,Waiting,2268296.250
2835.000,1997/11/26,Waiting,2268296.250
2836.000,1997/11/27,Waiting,2268296.250
2837.000,1997/11/28,Waiting,2268296.250
2838.000,1997/12/1,Waiting,2268296.250
2839.000,1997/12/2,Waiting,2268296.250
2840.000,1997/12/3,Buy,2268296.250
2841.000,1997/12/4,Holding,2303439.250
2842.000,1997/12/5,Holding,2352098.500
2843.000,1997/12/6,Holding,2276406.000
2844.000,1997/12/8,Holding,2252076.250
2845.000,1997/12/9,Holding,2187197.000
2846.000,1997/12/10,Holding,2268296.250
2847.000,1997/12/11,Holding,2227746.500
2848.000,1997/12/12,Holding,2252076.250
2849.000,1997/12/13,Holding,2252076.250
2850.000,1997/12/15,Holding,2195307.000
2851.000,1997/12/16,Holding,2179087.250
2852.000,1997/12/17,Holding,2219636.750
2853.000,1997/12/18,Holding,2252076.250
2854.000,1997/12/19,Holding,2227746.500
2855.000,1997/12/20,Holding,2211526.750
2856.000,1997/12/22,Holding,2243966.500
2857.000,1997/12/23,Holding,2195307.000
2858.000,1997/12/24,Holding,2179087.250
2859.000,1997/12/26,Holding,2227746.500
2860.000,1997/12/27,Holding,2227746.500
2861.000,1997/12/29,Holding,2195307.000
2862.000,1997/12/30,Holding,2195307.000
2863.000,1997/12/31,Holding,2203417.000
2864.000,1998/1/3,Holding,2143944.250
2865.000,1998/1/5,Holding,2103394.500
2866.000,1998/1/6,Holding,2054735.125
2867.000,1998/1/7,Holding,1995262.250
2868.000,1998/1/8,Sell,1962822.750
2869.000,1998/1/9,Waiting,1962822.750
2870.000,1998/1/12,Waiting,1962822.750
2871.000,1998/1/13,Waiting,1962822.750
2872.000,1998/1/14,Waiting,1962822.750
2873.000,1998/1/15,Waiting,1962822.750
2874.000,1998/1/16,Waiting,1962822.750
2875.000,1998/1/17,Waiting,1962822.750
2876.000,1998/1/19,Waiting,1962822.750
2877.000,1998/1/20,Waiting,1962822.750
2878.000,1998/1/21,Waiting,1962822.750
2879.000,1998/1/22,Waiting,1962822.750
2880.000,1998/2/2,Waiting,1962822.750
2881.000,1998/2/3,Waiting,1962822.750
2882.000,1998/2/4,Waiting,1962822.750
2883.000,1998/2/5,Waiting,1962822.750
2884.000,1998/2/6,Waiting,1962822.750
2885.000,1998/2/7,Waiting,1962822.750
2886.000,1998/2/9,Waiting,1962822.750
2887.000,1998/2/10,Waiting,1962822.750
2888.000,1998/2/11,Waiting,1962822.750
2889.000,1998/2/12,Waiting,1962822.750
2890.000,1998/2/13,Waiting,1962822.750
2891.000,1998/2/16,Waiting,1962822.750
2892.000,1998/2/17,Waiting,1962822.750
2893.000,1998/2/18,Waiting,1962822.750
2894.000,1998/2/19,Waiting,1962822.750
2895.000,1998/2/20,Waiting,1962822.750
2896.000,1998/2/21,Waiting,1962822.750
2897.000,1998/2/23,Waiting,1962822.750
2898.000,1998/2/24,Waiting,1962822.750
2899.000,1998/2/25,Waiting,1962822.750
2900.000,1998/2/26,Waiting,1962822.750
2901.000,1998/2/27,Waiting,1962822.750
2902.000,1998/3/2,Waiting,1962822.750
2903.000,1998/3/3,Waiting,1962822.750
2904.000,1998/3/4,Waiting,1962822.750
2905.000,1998/3/5,Waiting,1962822.750
2906.000,1998/3/6,Waiting,1962822.750
2907.000,1998/3/7,Waiting,1962822.750
2908.000,1998/3/9,Waiting,1962822.750
2909.000,1998/3/10,Buy,1962822.750
2910.000,1998/3/11,Holding,1970465.375
2911.000,1998/3/12,Holding,2003583.875
2912.000,1998/3/13,Holding,1988298.250
2913.000,1998/3/16,Holding,1932252.000
2914.000,1998/3/17,Holding,1894038.250
2915.000,1998/3/18,Holding,1855824.875
2916.000,1998/3/19,Holding,1815063.750
2917.000,1998/3/20,Holding,1837991.875
2918.000,1998/3/21,Holding,1830349.000
2919.000,1998/3/23,Holding,1815063.750
2920.000,1998/3/24,Holding,1807421.125
2921.000,1998/3/25,Holding,1871110.375
2922.000,1998/3/26,Holding,1863467.500
2923.000,1998/3/27,Holding,1955180.125
2924.000,1998/3/30,Holding,1894038.250
2925.000,1998/3/31,Holding,1980655.625
2926.000,1998/4/1,Holding,1932252.000
2927.000,1998/4/2,Holding,1988298.250
2928.000,1998/4/3,Holding,2057082.750
2929.000,1998/4/4,Holding,2034154.625
2930.000,1998/4/7,Holding,2105486.500
2931.000,1998/4/8,Holding,2049440.125
2932.000,1998/4/9,Holding,1962822.750
2933.000,1998/4/10,Holding,2003583.875
2934.000,1998/4/13,Holding,1955180.125
2935.000,1998/4/14,Holding,1909323.750
2936.000,1998/4/15,Holding,1894038.250
2937.000,1998/4/16,Holding,1894038.250
2938.000,1998/4/17,Holding,1830349.000
2939.000,1998/4/18,Sell,1845634.500
2940.000,1998/4/20,Waiting,1845634.500
2941.000,1998/4/21,Waiting,1845634.500
2942.000,1998/4/22,Waiting,1845634.500
2943.000,1998/4/23,Waiting,1845634.500
2944.000,1998/4/24,Waiting,1845634.500
2945.000,1998/4/27,Waiting,1845634.500
2946.000,1998/4/28,Waiting,1845634.500
2947.000,1998/4/29,Waiting,1845634.500
2948.000,1998/4/30,Waiting,1845634.500
2949.000,1998/5/2,Waiting,1845634.500
2950.000,1998/5/4,Waiting,1845634.500
2951.000,1998/5/5,Waiting,1845634.500
2952.000,1998/5/6,Waiting,1845634.500
2953.000,1998/5/7,Waiting,1845634.500
2954.000,1998/5/8,Waiting,1845634.500
2955.000,1998/5/11,Waiting,1845634.500
2956.000,1998/5/12,Waiting,1845634.500
2957.000,1998/5/13,Waiting,1845634.500
2958.000,1998/5/14,Waiting,1845634.500
2959.000,1998/5/15,Waiting,1845634.500
2960.000,1998/5/16,Waiting,1845634.500
2961.000,1998/5/18,Waiting,1845634.500
2962.000,1998/5/19,Waiting,1845634.500
2963.000,1998/5/20,Waiting,1845634.500
2964.000,1998/5/21,Waiting,1845634.500
2965.000,1998/5/22,Waiting,1845634.500
2966.000,1998/5/25,Waiting,1845634.500
2967.000,1998/5/26,Waiting,1845634.500
2968.000,1998/5/27,Waiting,1845634.500
2969.000,1998/5/28,Waiting,1845634.500
2970.000,1998/5/29,Waiting,1845634.500
2971.000,1998/6/1,Waiting,1845634.500
2972.000,1998/6/2,Waiting,1845634.500
2973.000,1998/6/3,Waiting,1845634.500
2974.000,1998/6/4,Waiting,1845634.500
2975.000,1998/6/5,Waiting,1845634.500
2976.000,1998/6/6,Waiting,1845634.500
2977.000,1998/6/8,Waiting,1845634.500
2978.000,1998/6/9,Waiting,1845634.500
2979.000,1998/6/10,Waiting,1845634.500
2980.000,1998/6/11,Waiting,1845634.500
2981.000,1998/6/12,Waiting,1845634.500
2982.000,1998/6/15,Waiting,1845634.500
2983.000,1998/6/16,Waiting,1845634.500
2984.000,1998/6/17,Waiting,1845634.500
2985.000,1998/6/18,Waiting,1845634.500
2986.000,1998/6/19,Waiting,1845634.500
2987.000,1998/6/20,Waiting,1845634.500
2988.000,1998/6/22,Waiting,1845634.500
2989.000,1998/6/23,Waiting,1845634.500
2990.000,1998/6/24,Waiting,1845634.500
2991.000,1998/6/25,Waiting,1845634.500
2992.000,1998/6/26,Waiting,1845634.500
2993.000,1998/6/29,Waiting,1845634.500
2994.000,1998/6/30,Waiting,1845634.500
2995.000,1998/7/2,Waiting,1845634.500
2996.000,1998/7/3,Waiting,1845634.500
2997.000,1998/7/4,Waiting,1845634.500
2998.000,1998/7/6,Waiting,1845634.500
2999.000,1998/7/7,Buy,1845634.500
3000.000,1998/7/8,Holding,2035850.750
3001.000,1998/7/9,Holding,2028241.875
3002.000,1998/7/10,Holding,1924257.125
3003.000,1998/7/13,Holding,1835489.625
3004.000,1998/7/14,Holding,1749258.250
3005.000,1998/7/15,Holding,1784765.125
3006.000,1998/7/16,Holding,1723896.000
3007.000,1998/7/17,Holding,1802518.750
3008.000,1998/7/18,Holding,1749258.250
3009.000,1998/7/20,Holding,1774620.250
3010.000,1998/7/21,Holding,1706142.500
3011.000,1998/7/22,Holding,1645273.375
3012.000,1998/7/23,Holding,1655418.250
3013.000,1998/7/24,Holding,1637664.625
3014.000,1998/7/27,Holding,1619911.125
3015.000,1998/7/28,Holding,1602157.750
3016.000,1998/7/29,Holding,1523534.875
3017.000,1998/7/30,Sell,1505781.500
3018.000,1998/7/31,Waiting,1505781.500
3019.000,1998/8/1,Waiting,1505781.500
3020.000,1998/8/3,Waiting,1505781.500
3021.000,1998/8/4,Waiting,1505781.500
3022.000,1998/8/5,Waiting,1505781.500
3023.000,1998/8/6,Waiting,1505781.500
3024.000,1998/8/7,Waiting,1505781.500
3025.000,1998/8/10,Waiting,1505781.500
3026.000,1998/8/11,Waiting,1505781.500
3027.000,1998/8/12,Waiting,1505781.500
3028.000,1998/8/13,Waiting,1505781.500
3029.000,1998/8/14,Waiting,1505781.500
3030.000,1998/8/15,Waiting,1505781.500
3031.000,1998/8/17,Waiting,1505781.500
3032.000,1998/8/18,Waiting,1505781.500
3033.000,1998/8/19,Waiting,1505781.500
3034.000,1998/8/20,Waiting,1505781.500
3035.000,1998/8/21,Waiting,1505781.500
3036.000,1998/8/24,Waiting,1505781.500
3037.000,1998/8/25,Waiting,1505781.500
3038.000,1998/8/26,Waiting,1505781.500
3039.000,1998/8/27,Waiting,1505781.500
3040.000,1998/8/28,Waiting,1505781.500
3041.000,1998/8/29,Waiting,1505781.500
3042.000,1998/8/31,Waiting,1505781.500
3043.000,1998/9/1,Waiting,1505781.500
3044.000,1998/9/2,Waiting,1505781.500
3045.000,1998/9/3,Waiting,1505781.500
3046.000,1998/9/4,Waiting,1505781.500
3047.000,1998/9/5,Waiting,1505781.500
3048.000,1998/9/7,Waiting,1505781.500
3049.000,1998/9/8,Waiting,1505781.500
3050.000,1998/9/9,Waiting,1505781.500
3051.000,1998/9/10,Waiting,1505781.500
3052.000,1998/9/11,Waiting,1505781.500
3053.000,1998/9/14,Waiting,1505781.500
3054.000,1998/9/15,Waiting,1505781.500
3055.000,1998/9/16,Waiting,1505781.500
3056.000,1998/9/17,Waiting,1505781.500
3057.000,1998/9/18,Waiting,1505781.500
3058.000,1998/9/19,Waiting,1505781.500
3059.000,1998/9/21,Waiting,1505781.500
3060.000,1998/9/22,Waiting,1505781.500
3061.000,1998/9/23,Waiting,1505781.500
3062.000,1998/9/24,Waiting,1505781.500
3063.000,1998/9/25,Waiting,1505781.500
3064.000,1998/9/28,Waiting,1505781.500
3065.000,1998/9/29,Waiting,1505781.500
3066.000,1998/9/30,Waiting,1505781.500
3067.000,1998/10/1,Waiting,1505781.500
3068.000,1998/10/2,Waiting,1505781.500
3069.000,1998/10/3,Waiting,1505781.500
3070.000,1998/10/6,Waiting,1505781.500
3071.000,1998/10/7,Waiting,1505781.500
3072.000,1998/10/8,Waiting,1505781.500
3073.000,1998/10/9,Buy,1505781.500
3074.000,1998/10/12,Holding,1472371.000
3075.000,1998/10/13,Holding,1448506.500
3076.000,1998/10/14,Holding,1398390.875
3077.000,1998/10/15,Holding,1367366.875
3078.000,1998/10/17,Sell,1407936.750
3079.000,1998/10/19,Waiting,1407936.750
3080.000,1998/10/20,Waiting,1407936.750
3081.000,1998/10/21,Waiting,1407936.750
3082.000,1998/10/22,Waiting,1407936.750
3083.000,1998/10/23,Waiting,1407936.750
3084.000,1998/10/26,Waiting,1407936.750
3085.000,1998/10/27,Waiting,1407936.750
3086.000,1998/10/28,Waiting,1407936.750
3087.000,1998/10/29,Waiting,1407936.750
3088.000,1998/10/30,Waiting,1407936.750
3089.000,1998/10/31,Waiting,1407936.750
3090.000,1998/11/2,Waiting,1407936.750
3091.000,1998/11/3,Waiting,1407936.750
3092.000,1998/11/4,Waiting,1407936.750
3093.000,1998/11/5,Waiting,1407936.750
3094.000,1998/11/6,Waiting,1407936.750
3095.000,1998/11/7,Waiting,1407936.750
3096.000,1998/11/9,Waiting,1407936.750
3097.000,1998/11/10,Waiting,1407936.750
3098.000,1998/11/11,Waiting,1407936.750
3099.000,1998/11/13,Waiting,1407936.750
3100.000,1998/11/16,Waiting,1407936.750
3101.000,1998/11/17,Waiting,1407936.750
3102.000,1998/11/18,Waiting,1407936.750
3103.000,1998/11/19,Waiting,1407936.750
3104.000,1998/11/20,Waiting,1407936.750
3105.000,1998/11/21,Buy,1407936.750
3106.000,1998/11/23,Holding,1384626.500
3107.000,1998/11/24,Holding,1414929.750
3108.000,1998/11/25,Holding,1328682.250
3109.000,1998/11/26,Sell,1487191.250
3110.000,1998/11/27,Buy,1487191.250
3111.000,1998/11/30,Holding,1375302.500
3112.000,1998/12/1,Holding,1398612.750
3113.000,1998/12/2,Holding,1414929.750
3114.000,1998/12/3,Holding,1414929.750
3115.000,1998/12/4,Holding,1414929.750
3116.000,1998/12/7,Holding,1536142.500
3117.000,1998/12/8,Holding,1463881.000
3118.000,1998/12/9,Holding,1414929.750
3119.000,1998/12/10,Holding,1384626.500
3120.000,1998/12/11,Holding,1351992.500
3121.000,1998/12/14,Sell,1368309.500
3122.000,1998/12/15,Waiting,1368309.500
3123.000,1998/12/16,Waiting,1368309.500
3124.000,1998/12/17,Waiting,1368309.500
3125.000,1998/12/18,Waiting,1368309.500
3126.000,1998/12/19,Waiting,1368309.500
3127.000,1998/12/21,Waiting,1368309.500
3128.000,1998/12/22,Waiting,1368309.500
3129.000,1998/12/23,Waiting,1368309.500
3130.000,1998/12/24,Waiting,1368309.500
3131.000,1998/12/28,Waiting,1368309.500
3132.000,1998/12/29,Waiting,1368309.500
3133.000,1998/12/30,Waiting,1368309.500
3134.000,1998/12/31,Waiting,1368309.500
3135.000,1999/1/5,Waiting,1368309.500
3136.000,1999/1/6,Waiting,1368309.500
3137.000,1999/1/7,Waiting,1368309.500
3138.000,1999/1/8,Waiting,1368309.500
3139.000,1999/1/11,Waiting,1368309.500
3140.000,1999/1/12,Waiting,1368309.500
3141.000,1999/1/13,Waiting,1368309.500
3142.000,1999/1/14,Waiting,1368309.500
3143.000,1999/1/15,Waiting,1368309.500
3144.000,1999/1/16,Waiting,1368309.500
3145.000,1999/1/18,Waiting,1368309.500
3146.000,1999/1/19,Waiting,1368309.500
3147.000,1999/1/20,Waiting,1368309.500
3148.000,1999/1/21,Waiting,1368309.500
3149.000,1999/1/22,Waiting,1368309.500
3150.000,1999/1/25,Waiting,1368309.500
3151.000,1999/1/26,Waiting,1368309.500
3152.000,1999/1/27,Waiting,1368309.500
3153.000,1999/1/28,Waiting,1368309.500
3154.000,1999/1/29,Waiting,1368309.500
3155.000,1999/1/30,Waiting,1368309.500
3156.000,1999/2/1,Waiting,1368309.500
3157.000,1999/2/2,Waiting,1368309.500
3158.000,1999/2/3,Waiting,1368309.500
3159.000,1999/2/4,Waiting,1368309.500
3160.000,1999/2/5,Waiting,1368309.500
3161.000,1999/2/6,Waiting,1368309.500
3162.000,1999/2/8,Waiting,1368309.500
3163.000,1999/2/9,Waiting,1368309.500
3164.000,1999/2/10,Waiting,1368309.500
3165.000,1999/2/20,Waiting,1368309.500
3166.000,1999/2/22,Waiting,1368309.500
3167.000,1999/2/23,Waiting,1368309.500
3168.000,1999/2/24,Waiting,1368309.500
3169.000,1999/2/25,Waiting,1368309.500
3170.000,1999/2/26,Waiting,1368309.500
3171.000,1999/3/1,Waiting,1368309.500
3172.000,1999/3/2,Waiting,1368309.500
3173.000,1999/3/3,Waiting,1368309.500
3174.000,1999/3/4,Waiting,1368309.500
3175.000,1999/3/5,Waiting,1368309.500
3176.000,1999/3/6,Waiting,1368309.500
3177.000,1999/3/8,Waiting,1368309.500
3178.000,1999/3/9,Waiting,1368309.500
3179.000,1999/3/10,Waiting,1368309.500
3180.000,1999/3/11,Waiting,1368309.500
3181.000,1999/3/12,Waiting,1368309.500
3182.000,1999/3/15,Waiting,1368309.500
3183.000,1999/3/16,Waiting,1368309.500
3184.000,1999/3/17,Waiting,1368309.500
3185.000,1999/3/18,Waiting,1368309.500
3186.000,1999/3/19,Waiting,1368309.500
3187.000,1999/3/20,Waiting,1368309.500
3188.000,1999/3/22,Waiting,1368309.500
3189.000,1999/3/23,Waiting,1368309.500
3190.000,1999/3/24,Waiting,1368309.500
3191.000,1999/3/25,Waiting,1368309.500
3192.000,1999/3/26,Waiting,1368309.500
3193.000,1999/3/29,Waiting,1368309.500
3194.000,1999/3/30,Waiting,1368309.500
3195.000,1999/3/31,Waiting,1368309.500
3196.000,1999/4/1,Waiting,1368309.500
3197.000,1999/4/2,Waiting,1368309.500
3198.000,1999/4/3,Waiting,1368309.500
3199.000,1999/4/6,Waiting,1368309.500
3200.000,1999/4/7,Waiting,1368309.500
3201.000,1999/4/8,Waiting,1368309.500
3202.000,1999/4/9,Waiting,1368309.500
3203.000,1999/4/12,Waiting,1368309.500
3204.000,1999/4/13,Waiting,1368309.500
3205.000,1999/4/14,Waiting,1368309.500
3206.000,1999/4/15,Waiting,1368309.500
3207.000,1999/4/16,Waiting,1368309.500
3208.000,1999/4/17,Waiting,1368309.500
3209.000,1999/4/19,Waiting,1368309.500
3210.000,1999/4/20,Waiting,1368309.500
3211.000,1999/4/21,Waiting,1368309.500
3212.000,1999/4/22,Waiting,1368309.500
3213.000,1999/4/23,Waiting,1368309.500
3214.000,1999/4/26,Waiting,1368309.500
3215.000,1999/4/27,Waiting,1368309.500
3216.000,1999/4/28,Waiting,1368309.500
3217.000,1999/4/29,Waiting,1368309.500
3218.000,1999/4/30,Waiting,1368309.500
3219.000,1999/5/3,Buy,1368309.500
3220.000,1999/5/4,Holding,1430091.375
3221.000,1999/5/5,Holding,1430091.375
3222.000,1999/5/6,Holding,1386329.375
3223.000,1999/5/7,Holding,1368309.500
3224.000,1999/5/10,Holding,1394052.125
3225.000,1999/5/11,Holding,1376032.125
3226.000,1999/5/12,Holding,1350289.875
3227.000,1999/5/13,Holding,1332270.125
3228.000,1999/5/14,Holding,1350289.875
3229.000,1999/5/15,Holding,1332270.125
3230.000,1999/5/17,Holding,1350289.875
3231.000,1999/5/18,Holding,1350289.875
3232.000,1999/5/19,Holding,1324547.250
3233.000,1999/5/20,Holding,1342567.125
3234.000,1999/5/21,Holding,1324547.250
3235.000,1999/5/24,Holding,1255042.625
3236.000,1999/5/25,Sell,1200983.375
3237.000,1999/5/26,Waiting,1200983.375
3238.000,1999/5/27,Waiting,1200983.375
3239.000,1999/5/28,Waiting,1200983.375
3240.000,1999/5/29,Waiting,1200983.375
3241.000,1999/5/31,Waiting,1200983.375
3242.000,1999/6/1,Waiting,1200983.375
3243.000,1999/6/2,Waiting,1200983.375
3244.000,1999/6/3,Waiting,1200983.375
3245.000,1999/6/4,Waiting,1200983.375
3246.000,1999/6/5,Waiting,1200983.375
3247.000,1999/6/7,Waiting,1200983.375
3248.000,1999/6/8,Waiting,1200983.375
3249.000,1999/6/9,Waiting,1200983.375
3250.000,1999/6/10,Waiting,1200983.375
3251.000,1999/6/11,Waiting,1200983.375
3252.000,1999/6/14,Waiting,1200983.375
3253.000,1999/6/15,Waiting,1200983.375
3254.000,1999/6/16,Waiting,1200983.375
3255.000,1999/6/17,Waiting,1200983.375
3256.000,1999/6/21,Waiting,1200983.375
3257.000,1999/6/22,Waiting,1200983.375
3258.000,1999/6/23,Waiting,1200983.375
3259.000,1999/6/24,Waiting,1200983.375
3260.000,1999/6/25,Waiting,1200983.375
3261.000,1999/6/28,Waiting,1200983.375
3262.000,1999/6/29,Waiting,1200983.375
3263.000,1999/6/30,Waiting,1200983.375
3264.000,1999/7/2,Waiting,1200983.375
3265.000,1999/7/3,Waiting,1200983.375
3266.000,1999/7/5,Waiting,1200983.375
3267.000,1999/7/6,Waiting,1200983.375
3268.000,1999/7/7,Waiting,1200983.375
3269.000,1999/7/8,Waiting,1200983.375
3270.000,1999/7/9,Waiting,1200983.375
3271.000,1999/7/12,Waiting,1200983.375
3272.000,1999/7/13,Waiting,1200983.375
3273.000,1999/7/14,Waiting,1200983.375
3274.000,1999/7/15,Waiting,1200983.375
3275.000,1999/7/16,Waiting,1200983.375
3276.000,1999/7/17,Waiting,1200983.375
3277.000,1999/7/19,Waiting,1200983.375
3278.000,1999/7/20,Waiting,1200983.375
3279.000,1999/7/21,Waiting,1200983.375
3280.000,1999/7/22,Waiting,1200983.375
3281.000,1999/7/23,Waiting,1200983.375
3282.000,1999/7/26,Waiting,1200983.375
3283.000,1999/7/27,Waiting,1200983.375
3284.000,1999/7/28,Waiting,1200983.375
3285.000,1999/7/29,Waiting,1200983.375
3286.000,1999/7/30,Waiting,1200983.375
3287.000,1999/7/31,Waiting,1200983.375
3288.000,1999/8/2,Waiting,1200983.375
3289.000,1999/8/3,Waiting,1200983.375
3290.000,1999/8/4,Waiting,1200983.375
3291.000,1999/8/5,Waiting,1200983.375
3292.000,1999/8/6,Waiting,1200983.375
3293.000,1999/8/7,Waiting,1200983.375
3294.000,1999/8/9,Waiting,1200983.375
3295.000,1999/8/10,Waiting,1200983.375
3296.000,1999/8/11,Waiting,1200983.375
3297.000,1999/8/12,Waiting,1200983.375
3298.000,1999/8/13,Waiting,1200983.375
3299.000,1999/8/16,Waiting,1200983.375
3300.000,1999/8/17,Waiting,1200983.375
3301.000,1999/8/18,Waiting,1200983.375
3302.000,1999/8/19,Waiting,1200983.375
3303.000,1999/8/20,Waiting,1200983.375
3304.000,1999/8/21,Waiting,1200983.375
3305.000,1999/8/23,Waiting,1200983.375
3306.000,1999/8/24,Waiting,1200983.375
3307.000,1999/8/25,Waiting,1200983.375
3308.000,1999/8/26,Waiting,1200983.375
3309.000,1999/8/27,Waiting,1200983.375
3310.000,1999/8/30,Waiting,1200983.375
3311.000,1999/8/31,Waiting,1200983.375
3312.000,1999/9/1,Waiting,1200983.375
3313.000,1999/9/2,Waiting,1200983.375
3314.000,1999/9/3,Waiting,1200983.375
3315.000,1999/9/4,Waiting,1200983.375
3316.000,1999/9/6,Waiting,1200983.375
3317.000,1999/9/7,Waiting,1200983.375
3318.000,1999/9/8,Waiting,1200983.375
3319.000,1999/9/9,Waiting,1200983.375
3320.000,1999/9/10,Waiting,1200983.375
3321.000,1999/9/13,Waiting,1200983.375
3322.000,1999/9/14,Waiting,1200983.375
3323.000,1999/9/15,Waiting,1200983.375
3324.000,1999/9/16,Waiting,1200983.375
3325.000,1999/9/17,Waiting,1200983.375
3326.000,1999/9/18,Waiting,1200983.375
3327.000,1999/9/20,Waiting,1200983.375
3328.000,1999/9/27,Waiting,1200983.375
3329.000,1999/9/28,Waiting,1200983.375
3330.000,1999/9/29,Buy,1200983.375
3331.000,1999/9/30,Holding,1211161.375
3332.000,1999/10/1,Holding,1356197.375
3333.000,1999/10/2,Holding,1511411.250
3334.000,1999/10/4,Holding,1600468.375
3335.000,1999/10/5,Holding,1511411.250
3336.000,1999/10/6,Holding,1424898.500
3337.000,1999/10/7,Holding,1346019.500
3338.000,1999/10/8,Holding,1318029.875
3339.000,1999/10/11,Holding,1267140.125
3340.000,1999/10/12,Holding,1297674.000
3341.000,1999/10/13,Holding,1267140.125
3342.000,1999/10/14,Holding,1277318.125
3343.000,1999/10/15,Holding,1239150.875
3344.000,1999/10/16,Holding,1211161.375
3345.000,1999/10/18,Holding,1170449.500
3346.000,1999/10/19,Holding,1142460.250
3347.000,1999/10/20,Holding,1142460.250
3348.000,1999/10/21,Holding,1170449.500
3349.000,1999/10/22,Holding,1239150.875
3350.000,1999/10/25,Holding,1180627.500
3351.000,1999/10/26,Holding,1142460.250
3352.000,1999/10/27,Holding,1142460.250
3353.000,1999/10/28,Holding,1101748.375
3354.000,1999/10/29,Holding,1094114.750
3355.000,1999/10/30,Holding,1043225.063
3356.000,1999/11/1,Sell,1043225.063
3357.000,1999/11/2,Waiting,1043225.063
3358.000,1999/11/3,Waiting,1043225.063
3359.000,1999/11/4,Waiting,1043225.063
3360.000,1999/11/5,Waiting,1043225.063
3361.000,1999/11/6,Waiting,1043225.063
3362.000,1999/11/8,Waiting,1043225.063
3363.000,1999/11/9,Waiting,1043225.063
3364.000,1999/11/10,Waiting,1043225.063
3365.000,1999/11/11,Waiting,1043225.063
3366.000,1999/11/15,Waiting,1043225.063
3367.000,1999/11/16,Waiting,1043225.063
3368.000,1999/11/17,Waiting,1043225.063
3369.000,1999/11/18,Waiting,1043225.063
3370.000,1999/11/19,Waiting,1043225.063
3371.000,1999/11/20,Waiting,1043225.063
3372.000,1999/11/22,Waiting,1043225.063
3373.000,1999/11/23,Waiting,1043225.063
3374.000,1999/11/24,Waiting,1043225.063
3375.000,1999/11/25,Waiting,1043225.063
3376.000,1999/11/26,Waiting,1043225.063
3377.000,1999/11/29,Waiting,1043225.063
3378.000,1999/11/30,Waiting,1043225.063
3379.000,1999/12/1,Waiting,1043225.063
3380.000,1999/12/2,Waiting,1043225.063
3381.000,1999/12/3,Waiting,1043225.063
3382.000,1999/12/4,Waiting,1043225.063
3383.000,1999/12/6,Waiting,1043225.063
3384.000,1999/12/7,Buy,1043225.063
3385.000,1999/12/8,Holding,1060953.625
3386.000,1999/12/9,Holding,1204998.750
3387.000,1999/12/10,Holding,1247104.375
3388.000,1999/12/13,Holding,1400013.750
3389.000,1999/12/14,Holding,1373420.750
3390.000,1999/12/15,Holding,1535194.500
3391.000,1999/12/16,Holding,1364556.500
3392.000,1999/12/17,Holding,1364556.500
3393.000,1999/12/18,Holding,1391149.500
3394.000,1999/12/20,Holding,1408878.000
3395.000,1999/12/21,Holding,1391149.500
3396.000,1999/12/22,Holding,1298074.125
3397.000,1999/12/23,Holding,1373420.750
3398.000,1999/12/24,Holding,1535194.500
3399.000,1999/12/27,Holding,1705832.750
3400.000,1999/12/28,Holding,1747938.125
3401.000,2000/1/4,Holding,1934088.750
3402.000,2000/1/5,Holding,2009435.500
3403.000,2000/1/6,Holding,1883119.000
3404.000,2000/1/7,Holding,1874254.750
3405.000,2000/1/10,Holding,1967330.125
3406.000,2000/1/11,Holding,1883119.000
3407.000,2000/1/12,Holding,1805556.250
3408.000,2000/1/13,Holding,1891983.375
3409.000,2000/1/14,Holding,1832149.125
3410.000,2000/1/15,Holding,1856526.125
3411.000,2000/1/17,Holding,1934088.750
3412.000,2000/1/18,Holding,1856526.125
3413.000,2000/1/19,Holding,1865390.500
3414.000,2000/1/20,Holding,2060405.500
3415.000,2000/1/21,Holding,2204450.500
3416.000,2000/1/24,Holding,2366224.250
3417.000,2000/1/25,Holding,2297525.750
3418.000,2000/1/26,Holding,2441571.000
3419.000,2000/1/27,Holding,2348495.500
3420.000,2000/1/28,Holding,2222179.250
3421.000,2000/1/29,Holding,2255420.250
3422.000,2000/1/31,Holding,2246556.000
3423.000,2000/2/1,Holding,2468163.750
3424.000,2000/2/9,Holding,2705284.250
3425.000,2000/2/10,Holding,2714148.750
3426.000,2000/2/11,Holding,2968997.750
3427.000,2000/2/14,Holding,2858193.750
3428.000,2000/2/15,Holding,2993374.750
3429.000,2000/2/16,Holding,3239359.250
3430.000,2000/2/17,Holding,3536314.000
3431.000,2000/2/18,Holding,3323570.500
3432.000,2000/2/19,Holding,3578419.500
3433.000,2000/2/21,Holding,3281465.000
3434.000,2000/2/22,Holding,2984510.250
3435.000,2000/2/23,Holding,2891435.000
3436.000,2000/2/24,Holding,2942405.000
3437.000,2000/2/25,Holding,2672043.250
3438.000,2000/2/29,Holding,2654314.500
3439.000,2000/3/1,Holding,2663179.000
3440.000,2000/3/2,Holding,2654314.500
3441.000,2000/3/3,Holding,2654314.500
3442.000,2000/3/4,Holding,2485892.500
3443.000,2000/3/6,Holding,2273149.000
3444.000,2000/3/7,Holding,2383953.000
3445.000,2000/3/8,Holding,2282013.500
3446.000,2000/3/9,Holding,2417194.250
3447.000,2000/3/10,Holding,2222179.250
3448.000,2000/3/13,Sell,2000571.250
3449.000,2000/3/14,Waiting,2000571.250
3450.000,2000/3/15,Waiting,2000571.250
3451.000,2000/3/16,Waiting,2000571.250
3452.000,2000/3/17,Waiting,2000571.250
3453.000,2000/3/20,Waiting,2000571.250
3454.000,2000/3/21,Waiting,2000571.250
3455.000,2000/3/22,Waiting,2000571.250
3456.000,2000/3/23,Waiting,2000571.250
3457.000,2000/3/24,Waiting,2000571.250
3458.000,2000/3/27,Waiting,2000571.250
3459.000,2000/3/28,Waiting,2000571.250
3460.000,2000/3/29,Waiting,2000571.250
3461.000,2000/3/30,Waiting,2000571.250
3462.000,2000/3/31,Waiting,2000571.250
3463.000,2000/4/1,Waiting,2000571.250
3464.000,2000/4/5,Waiting,2000571.250
3465.000,2000/4/6,Waiting,2000571.250
3466.000,2000/4/7,Waiting,2000571.250
3467.000,2000/4/8,Waiting,2000571.250
3468.000,2000/4/10,Waiting,2000571.250
3469.000,2000/4/11,Waiting,2000571.250
3470.000,2000/4/12,Waiting,2000571.250
3471.000,2000/4/13,Waiting,2000571.250
3472.000,2000/4/14,Waiting,2000571.250
3473.000,2000/4/15,Waiting,2000571.250
3474.000,2000/4/17,Waiting,2000571.250
3475.000,2000/4/18,Waiting,2000571.250
3476.000,2000/4/19,Waiting,2000571.250
3477.000,2000/4/20,Waiting,2000571.250
3478.000,2000/4/21,Waiting,2000571.250
3479.000,2000/4/24,Waiting,2000571.250
3480.000,2000/4/25,Waiting,2000571.250
3481.000,2000/4/26,Waiting,2000571.250
3482.000,2000/4/27,Waiting,2000571.250
3483.000,2000/4/28,Waiting,2000571.250
3484.000,2000/4/29,Waiting,2000571.250
3485.000,2000/5/2,Waiting,2000571.250
3486.000,2000/5/3,Waiting,2000571.250
3487.000,2000/5/4,Waiting,2000571.250
3488.000,2000/5/5,Waiting,2000571.250
3489.000,2000/5/6,Waiting,2000571.250
3490.000,2000/5/8,Waiting,2000571.250
3491.000,2000/5/9,Waiting,2000571.250
3492.000,2000/5/10,Waiting,2000571.250
3493.000,2000/5/11,Waiting,2000571.250
3494.000,2000/5/12,Waiting,2000571.250
3495.000,2000/5/15,Waiting,2000571.250
3496.000,2000/5/16,Waiting,2000571.250
3497.000,2000/5/17,Waiting,2000571.250
3498.000,2000/5/18,Waiting,2000571.250
3499.000,2000/5/19,Waiting,2000571.250
3500.000,2000/5/20,Waiting,2000571.250
3501.000,2000/5/22,Waiting,2000571.250
3502.000,2000/5/23,Waiting,2000571.250
3503.000,2000/5/24,Waiting,2000571.250
3504.000,2000/5/25,Waiting,2000571.250
3505.000,2000/5/26,Waiting,2000571.250
3506.000,2000/5/29,Waiting,2000571.250
3507.000,2000/5/30,Waiting,2000571.250
3508.000,2000/5/31,Waiting,2000571.250
3509.000,2000/6/1,Waiting,2000571.250
3510.000,2000/6/2,Waiting,2000571.250
3511.000,2000/6/3,Waiting,2000571.250
3512.000,2000/6/5,Waiting,2000571.250
3513.000,2000/6/7,Waiting,2000571.250
3514.000,2000/6/8,Waiting,2000571.250
3515.000,2000/6/9,Waiting,2000571.250
3516.000,2000/6/12,Waiting,2000571.250
3517.000,2000/6/13,Waiting,2000571.250
3518.000,2000/6/14,Waiting,2000571.250
3519.000,2000/6/15,Waiting,2000571.250
3520.000,2000/6/16,Waiting,2000571.250
3521.000,2000/6/17,Waiting,2000571.250
3522.000,2000/6/19,Waiting,2000571.250
3523.000,2000/6/20,Waiting,2000571.250
3524.000,2000/6/21,Waiting,2000571.250
3525.000,2000/6/22,Waiting,2000571.250
3526.000,2000/6/23,Waiting,2000571.250
3527.000,2000/6/26,Waiting,2000571.250
3528.000,2000/6/27,Waiting,2000571.250
3529.000,2000/6/28,Waiting,2000571.250
3530.000,2000/6/29,Waiting,2000571.250
3531.000,2000/6/30,Waiting,2000571.250
3532.000,2000/7/3,Waiting,2000571.250
3533.000,2000/7/4,Waiting,2000571.250
3534.000,2000/7/5,Waiting,2000571.250
3535.000,2000/7/6,Waiting,2000571.250
3536.000,2000/7/7,Waiting,2000571.250
3537.000,2000/7/10,Waiting,2000571.250
3538.000,2000/7/11,Waiting,2000571.250
3539.000,2000/7/12,Waiting,2000571.250
3540.000,2000/7/13,Waiting,2000571.250
3541.000,2000/7/14,Waiting,2000571.250
3542.000,2000/7/15,Waiting,2000571.250
3543.000,2000/7/17,Waiting,2000571.250
3544.000,2000/7/18,Waiting,2000571.250
3545.000,2000/7/19,Waiting,2000571.250
3546.000,2000/7/20,Waiting,2000571.250
3547.000,2000/7/21,Waiting,2000571.250
3548.000,2000/7/24,Waiting,2000571.250
3549.000,2000/7/25,Waiting,2000571.250
3550.000,2000/7/26,Waiting,2000571.250
3551.000,2000/7/27,Waiting,2000571.250
3552.000,2000/7/28,Waiting,2000571.250
3553.000,2000/7/29,Waiting,2000571.250
3554.000,2000/7/31,Waiting,2000571.250
3555.000,2000/8/1,Waiting,2000571.250
3556.000,2000/8/2,Waiting,2000571.250
3557.000,2000/8/3,Waiting,2000571.250
3558.000,2000/8/4,Waiting,2000571.250
3559.000,2000/8/5,Waiting,2000571.250
3560.000,2000/8/7,Waiting,2000571.250
3561.000,2000/8/8,Waiting,2000571.250
3562.000,2000/8/9,Waiting,2000571.250
3563.000,2000/8/10,Waiting,2000571.250
3564.000,2000/8/11,Waiting,2000571.250
3565.000,2000/8/14,Waiting,2000571.250
3566.000,2000/8/15,Waiting,2000571.250
3567.000,2000/8/16,Waiting,2000571.250
3568.000,2000/8/17,Waiting,2000571.250
3569.000,2000/8/18,Waiting,2000571.250
3570.000,2000/8/19,Waiting,2000571.250
3571.000,2000/8/21,Waiting,2000571.250
3572.000,2000/8/22,Waiting,2000571.250
3573.000,2000/8/24,Waiting,2000571.250
3574.000,2000/8/25,Waiting,2000571.250
3575.000,2000/8/28,Waiting,2000571.250
3576.000,2000/8/29,Waiting,2000571.250
3577.000,2000/8/30,Waiting,2000571.250
3578.000,2000/8/31,Waiting,2000571.250
3579.000,2000/9/1,Waiting,2000571.250
3580.000,2000/9/2,Waiting,2000571.250
3581.000,2000/9/4,Waiting,2000571.250
3582.000,2000/9/5,Waiting,2000571.250
3583.000,2000/9/6,Waiting,2000571.250
3584.000,2000/9/7,Waiting,2000571.250
3585.000,2000/9/8,Waiting,2000571.250
3586.000,2000/9/11,Waiting,2000571.250
3587.000,2000/9/13,Waiting,2000571.250
3588.000,2000/9/14,Waiting,2000571.250
3589.000,2000/9/15,Waiting,2000571.250
3590.000,2000/9/16,Waiting,2000571.250
3591.000,2000/9/18,Waiting,2000571.250
3592.000,2000/9/19,Waiting,2000571.250
3593.000,2000/9/20,Waiting,2000571.250
3594.000,2000/9/21,Waiting,2000571.250
3595.000,2000/9/22,Waiting,2000571.250
3596.000,2000/9/25,Waiting,2000571.250
3597.000,2000/9/26,Waiting,2000571.250
3598.000,2000/9/27,Waiting,2000571.250
3599.000,2000/9/28,Waiting,2000571.250
3600.000,2000/9/29,Waiting,2000571.250
3601.000,2000/9/30,Waiting,2000571.250
3602.000,2000/10/2,Waiting,2000571.250
3603.000,2000/10/3,Waiting,2000571.250
3604.000,2000/10/4,Waiting,2000571.250
3605.000,2000/10/5,Waiting,2000571.250
3606.000,2000/10/6,Waiting,2000571.250
3607.000,2000/10/7,Waiting,2000571.250
3608.000,2000/10/9,Waiting,2000571.250
3609.000,2000/10/11,Waiting,2000571.250
3610.000,2000/10/12,Waiting,2000571.250
3611.000,2000/10/13,Waiting,2000571.250
3612.000,2000/10/16,Waiting,2000571.250
3613.000,2000/10/17,Waiting,2000571.250
3614.000,2000/10/18,Waiting,2000571.250
3615.000,2000/10/19,Waiting,2000571.250
3616.000,2000/10/20,Waiting,2000571.250
3617.000,2000/10/21,Waiting,2000571.250
3618.000,2000/10/23,Waiting,2000571.250
3619.000,2000/10/24,Waiting,2000571.250
3620.000,2000/10/25,Waiting,2000571.250
3621.000,2000/10/26,Waiting,2000571.250
3622.000,2000/10/27,Waiting,2000571.250
3623.000,2000/10/30,Waiting,2000571.250
3624.000,2000/10/31,Waiting,2000571.250
3625.000,2000/11/1,Waiting,2000571.250
3626.000,2000/11/2,Waiting,2000571.250
3627.000,2000/11/3,Waiting,2000571.250
3628.000,2000/11/4,Waiting,2000571.250
3629.000,2000/11/6,Waiting,2000571.250
3630.000,2000/11/7,Waiting,2000571.250
3631.000,2000/11/8,Waiting,2000571.250
3632.000,2000/11/9,Waiting,2000571.250
3633.000,2000/11/10,Waiting,2000571.250
3634.000,2000/11/13,Waiting,2000571.250
3635.000,2000/11/14,Waiting,2000571.250
3636.000,2000/11/15,Waiting,2000571.250
3637.000,2000/11/16,Waiting,2000571.250
3638.000,2000/11/17,Waiting,2000571.250
3639.000,2000/11/18,Waiting,2000571.250
3640.000,2000/11/20,Waiting,2000571.250
3641.000,2000/11/21,Waiting,2000571.250
3642.000,2000/11/22,Waiting,2000571.250
3643.000,2000/11/23,Waiting,2000571.250
3644.000,2000/11/24,Waiting,2000571.250
3645.000,2000/11/27,Waiting,2000571.250
3646.000,2000/11/28,Waiting,2000571.250
3647.000,2000/11/29,Waiting,2000571.250
3648.000,2000/11/30,Waiting,2000571.250
3649.000,2000/12/1,Waiting,2000571.250
3650.000,2000/12/2,Waiting,2000571.250
3651.000,2000/12/4,Waiting,2000571.250
3652.000,2000/12/5,Waiting,2000571.250
3653.000,2000/12/6,Waiting,2000571.250
3654.000,2000/12/7,Waiting,2000571.250
3655.000,2000/12/8,Waiting,2000571.250
3656.000,2000/12/11,Waiting,2000571.250
3657.000,2000/12/12,Waiting,2000571.250
3658.000,2000/12/13,Waiting,2000571.250
3659.000,2000/12/14,Waiting,2000571.250
3660.000,2000/12/15,Waiting,2000571.250
3661.000,2000/12/16,Waiting,2000571.250
3662.000,2000/12/18,Waiting,2000571.250
3663.000,2000/12/19,Waiting,2000571.250
3664.000,2000/12/20,Waiting,2000571.250
3665.000,2000/12/21,Waiting,2000571.250
3666.000,2000/12/22,Waiting,2000571.250
3667.000,2000/12/26,Waiting,2000571.250
3668.000,2000/12/27,Waiting,2000571.250
3669.000,2000/12/28,Waiting,2000571.250
3670.000,2000/12/29,Waiting,2000571.250
3671.000,2000/12/30,Waiting,2000571.250
3672.000,2001/1/2,Waiting,2000571.250
3673.000,2001/1/3,Waiting,2000571.250
3674.000,2001/1/4,Waiting,2000571.250
3675.000,2001/1/5,Waiting,2000571.250
3676.000,2001/1/8,Waiting,2000571.250
3677.000,2001/1/9,Waiting,2000571.250
3678.000,2001/1/10,Waiting,2000571.250
3679.000,2001/1/11,Waiting,2000571.250
3680.000,2001/1/12,Waiting,2000571.250
3681.000,2001/1/15,Waiting,2000571.250
3682.000,2001/1/16,Waiting,2000571.250
3683.000,2001/1/17,Waiting,2000571.250
3684.000,2001/1/18,Waiting,2000571.250
3685.000,2001/1/29,Waiting,2000571.250
3686.000,2001/1/30,Waiting,2000571.250
3687.000,2001/1/31,Waiting,2000571.250
3688.000,2001/2/1,Waiting,2000571.250
3689.000,2001/2/2,Waiting,2000571.250
3690.000,2001/2/5,Waiting,2000571.250
3691.000,2001/2/6,Waiting,2000571.250
3692.000,2001/2/7,Waiting,2000571.250
3693.000,2001/2/8,Waiting,2000571.250
3694.000,2001/2/9,Buy,2000571.250
3695.000,2001/2/12,Holding,1948282.375
3696.000,2001/2/13,Holding,1964371.250
3697.000,2001/2/14,Holding,1948282.375
3698.000,2001/2/15,Holding,1984482.375
3699.000,2001/2/16,Holding,1964371.250
3700.000,2001/2/19,Holding,1863816.000
3701.000,2001/2/20,Holding,1900015.875
3702.000,2001/2/21,Holding,1847727.125
3703.000,2001/2/22,Holding,1731082.875
3704.000,2001/2/23,Sell,1731082.875
3705.000,2001/2/26,Waiting,1731082.875
3706.000,2001/2/27,Waiting,1731082.875
3707.000,2001/3/1,Waiting,1731082.875
3708.000,2001/3/2,Waiting,1731082.875
3709.000,2001/3/5,Waiting,1731082.875
3710.000,2001/3/6,Waiting,1731082.875
3711.000,2001/3/7,Waiting,1731082.875
3712.000,2001/3/8,Waiting,1731082.875
3713.000,2001/3/9,Waiting,1731082.875
3714.000,2001/3/12,Waiting,1731082.875
3715.000,2001/3/13,Waiting,1731082.875
3716.000,2001/3/14,Waiting,1731082.875
3717.000,2001/3/15,Waiting,1731082.875
3718.000,2001/3/16,Waiting,1731082.875
3719.000,2001/3/19,Waiting,1731082.875
3720.000,2001/3/20,Waiting,1731082.875
3721.000,2001/3/21,Waiting,1731082.875
3722.000,2001/3/22,Waiting,1731082.875
3723.000,2001/3/23,Waiting,1731082.875
3724.000,2001/3/26,Waiting,1731082.875
3725.000,2001/3/27,Waiting,1731082.875
3726.000,2001/3/28,Waiting,1731082.875
3727.000,2001/3/29,Waiting,1731082.875
3728.000,2001/3/30,Waiting,1731082.875
3729.000,2001/4/2,Waiting,1731082.875
3730.000,2001/4/3,Waiting,1731082.875
3731.000,2001/4/4,Waiting,1731082.875
3732.000,2001/4/6,Waiting,1731082.875
3733.000,2001/4/9,Waiting,1731082.875
3734.000,2001/4/10,Waiting,1731082.875
3735.000,2001/4/11,Waiting,1731082.875
3736.000,2001/4/12,Waiting,1731082.875
3737.000,2001/4/13,Waiting,1731082.875
3738.000,2001/4/16,Waiting,1731082.875
3739.000,2001/4/17,Waiting,1731082.875
3740.000,2001/4/18,Waiting,1731082.875
3741.000,2001/4/19,Waiting,1731082.875
3742.000,2001/4/20,Waiting,1731082.875
3743.000,2001/4/23,Waiting,1731082.875
3744.000,2001/4/24,Waiting,1731082.875
3745.000,2001/4/25,Waiting,1731082.875
3746.000,2001/4/26,Waiting,1731082.875
3747.000,2001/4/27,Waiting,1731082.875
3748.000,2001/4/30,Waiting,1731082.875
3749.000,2001/5/2,Waiting,1731082.875
3750.000,2001/5/3,Waiting,1731082.875
3751.000,2001/5/4,Waiting,1731082.875
3752.000,2001/5/7,Waiting,1731082.875
3753.000,2001/5/8,Waiting,1731082.875
3754.000,2001/5/9,Waiting,1731082.875
3755.000,2001/5/10,Waiting,1731082.875
3756.000,2001/5/11,Waiting,1731082.875
3757.000,2001/5/14,Waiting,1731082.875
3758.000,2001/5/15,Waiting,1731082.875
3759.000,2001/5/16,Waiting,1731082.875
3760.000,2001/5/17,Waiting,1731082.875
3761.000,2001/5/18,Waiting,1731082.875
3762.000,2001/5/21,Waiting,1731082.875
3763.000,2001/5/22,Waiting,1731082.875
3764.000,2001/5/23,Waiting,1731082.875
3765.000,2001/5/24,Waiting,1731082.875
3766.000,2001/5/25,Waiting,1731082.875
3767.000,2001/5/28,Waiting,1731082.875
3768.000,2001/5/29,Waiting,1731082.875
3769.000,2001/5/30,Waiting,1731082.875
3770.000,2001/5/31,Waiting,1731082.875
3771.000,2001/6/1,Waiting,1731082.875
3772.000,2001/6/4,Waiting,1731082.875
3773.000,2001/6/5,Waiting,1731082.875
3774.000,2001/6/6,Waiting,1731082.875
3775.000,2001/6/7,Waiting,1731082.875
3776.000,2001/6/8,Waiting,1731082.875
3777.000,2001/6/11,Waiting,1731082.875
3778.000,2001/6/12,Waiting,1731082.875
3779.000,2001/6/13,Waiting,1731082.875
3780.000,2001/6/14,Waiting,1731082.875
3781.000,2001/6/15,Waiting,1731082.875
3782.000,2001/6/18,Waiting,1731082.875
3783.000,2001/6/19,Waiting,1731082.875
3784.000,2001/6/20,Waiting,1731082.875
3785.000,2001/6/21,Waiting,1731082.875
3786.000,2001/6/22,Waiting,1731082.875
3787.000,2001/6/26,Waiting,1731082.875
3788.000,2001/6/27,Waiting,1731082.875
3789.000,2001/6/28,Waiting,1731082.875
3790.000,2001/6/29,Waiting,1731082.875
3791.000,2001/7/2,Waiting,1731082.875
3792.000,2001/7/3,Waiting,1731082.875
3793.000,2001/7/4,Waiting,1731082.875
3794.000,2001/7/5,Waiting,1731082.875
3795.000,2001/7/6,Waiting,1731082.875
3796.000,2001/7/9,Waiting,1731082.875
3797.000,2001/7/10,Waiting,1731082.875
3798.000,2001/7/11,Waiting,1731082.875
3799.000,2001/7/12,Waiting,1731082.875
3800.000,2001/7/13,Waiting,1731082.875
3801.000,2001/7/16,Waiting,1731082.875
3802.000,2001/7/17,Waiting,1731082.875
3803.000,2001/7/18,Waiting,1731082.875
3804.000,2001/7/19,Waiting,1731082.875
3805.000,2001/7/20,Waiting,1731082.875
3806.000,2001/7/23,Waiting,1731082.875
3807.000,2001/7/24,Waiting,1731082.875
3808.000,2001/7/25,Waiting,1731082.875
3809.000,2001/7/26,Waiting,1731082.875
3810.000,2001/7/27,Waiting,1731082.875
3811.000,2001/7/31,Waiting,1731082.875
3812.000,2001/8/1,Waiting,1731082.875
3813.000,2001/8/2,Waiting,1731082.875
3814.000,2001/8/3,Waiting,1731082.875
3815.000,2001/8/6,Waiting,1731082.875
3816.000,2001/8/7,Waiting,1731082.875
3817.000,2001/8/8,Waiting,1731082.875
3818.000,2001/8/9,Waiting,1731082.875
3819.000,2001/8/10,Waiting,1731082.875
3820.000,2001/8/13,Waiting,1731082.875
3821.000,2001/8/14,Waiting,1731082.875
3822.000,2001/8/15,Waiting,1731082.875
3823.000,2001/8/16,Waiting,1731082.875
3824.000,2001/8/17,Waiting,1731082.875
3825.000,2001/8/20,Waiting,1731082.875
3826.000,2001/8/21,Waiting,1731082.875
3827.000,2001/8/22,Waiting,1731082.875
3828.000,2001/8/23,Waiting,1731082.875
3829.000,2001/8/24,Waiting,1731082.875
3830.000,2001/8/27,Waiting,1731082.875
3831.000,2001/8/28,Waiting,1731082.875
3832.000,2001/8/29,Waiting,1731082.875
3833.000,2001/8/30,Waiting,1731082.875
3834.000,2001/8/31,Waiting,1731082.875
3835.000,2001/9/3,Waiting,1731082.875
3836.000,2001/9/4,Waiting,1731082.875
3837.000,2001/9/5,Waiting,1731082.875
3838.000,2001/9/6,Waiting,1731082.875
3839.000,2001/9/7,Waiting,1731082.875
3840.000,2001/9/10,Waiting,1731082.875
3841.000,2001/9/11,Waiting,1731082.875
3842.000,2001/9/13,Waiting,1731082.875
3843.000,2001/9/14,Waiting,1731082.875
3844.000,2001/9/19,Waiting,1731082.875
3845.000,2001/9/20,Waiting,1731082.875
3846.000,2001/9/21,Waiting,1731082.875
3847.000,2001/9/24,Waiting,1731082.875
3848.000,2001/9/25,Waiting,1731082.875
3849.000,2001/9/26,Waiting,1731082.875
3850.000,2001/9/27,Waiting,1731082.875
3851.000,2001/9/28,Waiting,1731082.875
3852.000,2001/10/2,Waiting,1731082.875
3853.000,2001/10/3,Waiting,1731082.875
3854.000,2001/10/4,Waiting,1731082.875
3855.000,2001/10/5,Waiting,1731082.875
3856.000,2001/10/8,Waiting,1731082.875
3857.000,2001/10/9,Waiting,1731082.875
3858.000,2001/10/11,Waiting,1731082.875
3859.000,2001/10/12,Waiting,1731082.875
3860.000,2001/10/15,Waiting,1731082.875
3861.000,2001/10/16,Waiting,1731082.875
3862.000,2001/10/17,Waiting,1731082.875
3863.000,2001/10/18,Waiting,1731082.875
3864.000,2001/10/19,Waiting,1731082.875
3865.000,2001/10/22,Waiting,1731082.875
3866.000,2001/10/23,Waiting,1731082.875
3867.000,2001/10/24,Waiting,1731082.875
3868.000,2001/10/25,Waiting,1731082.875
3869.000,2001/10/26,Waiting,1731082.875
3870.000,2001/10/29,Waiting,1731082.875
3871.000,2001/10/30,Waiting,1731082.875
3872.000,2001/10/31,Waiting,1731082.875
3873.000,2001/11/1,Waiting,1731082.875
3874.000,2001/11/2,Waiting,1731082.875
3875.000,2001/11/5,Waiting,1731082.875
3876.000,2001/11/6,Waiting,1731082.875
3877.000,2001/11/7,Waiting,1731082.875
3878.000,2001/11/8,Waiting,1731082.875
3879.000,2001/11/9,Waiting,1731082.875
3880.000,2001/11/12,Waiting,1731082.875
3881.000,2001/11/13,Waiting,1731082.875
3882.000,2001/11/14,Waiting,1731082.875
3883.000,2001/11/15,Waiting,1731082.875
3884.000,2001/11/16,Waiting,1731082.875
3885.000,2001/11/19,Waiting,1731082.875
3886.000,2001/11/20,Waiting,1731082.875
3887.000,2001/11/21,Waiting,1731082.875
3888.000,2001/11/22,Waiting,1731082.875
3889.000,2001/11/23,Waiting,1731082.875
3890.000,2001/11/26,Waiting,1731082.875
3891.000,2001/11/27,Waiting,1731082.875
3892.000,2001/11/28,Waiting,1731082.875
3893.000,2001/11/29,Waiting,1731082.875
3894.000,2001/11/30,Waiting,1731082.875
3895.000,2001/12/3,Waiting,1731082.875
3896.000,2001/12/4,Waiting,1731082.875
3897.000,2001/12/5,Waiting,1731082.875
3898.000,2001/12/6,Waiting,1731082.875
3899.000,2001/12/7,Waiting,1731082.875
3900.000,2001/12/10,Waiting,1731082.875
3901.000,2001/12/11,Waiting,1731082.875
3902.000,2001/12/12,Waiting,1731082.875
3903.000,2001/12/13,Waiting,1731082.875
3904.000,2001/12/14,Waiting,1731082.875
3905.000,2001/12/17,Waiting,1731082.875
3906.000,2001/12/18,Waiting,1731082.875
3907.000,2001/12/19,Waiting,1731082.875
3908.000,2001/12/20,Waiting,1731082.875
3909.000,2001/12/21,Waiting,1731082.875
3910.000,2001/12/24,Waiting,1731082.875
3911.000,2001/12/25,Waiting,1731082.875
3912.000,2001/12/26,Buy,1731082.875
3913.000,2001/12/27,Holding,1585812.500
3914.000,2001/12/28,Holding,1622130.000
3915.000,2001/12/31,Holding,1665711.250
3916.000,2002/1/2,Holding,1709292.375
3917.000,2002/1/3,Holding,1731082.875
3918.000,2002/1/4,Holding,1818245.250
3919.000,2002/1/7,Holding,1912671.000
3920.000,2002/1/8,Holding,1774664.000
3921.000,2002/1/9,Holding,1803718.000
3922.000,2002/1/10,Holding,1803718.000
3923.000,2002/1/11,Holding,1789191.000
3924.000,2002/1/14,Holding,1680238.250
3925.000,2002/1/15,Holding,1622130.000
3926.000,2002/1/16,Holding,1600339.500
3927.000,2002/1/17,Holding,1622130.000
3928.000,2002/1/18,Holding,1680238.250
3929.000,2002/1/21,Holding,1745609.875
3930.000,2002/1/22,Holding,1651184.250
3931.000,2002/1/23,Holding,1651184.250
3932.000,2002/1/24,Holding,1665711.250
3933.000,2002/1/25,Holding,1709292.375
3934.000,2002/1/28,Holding,1745609.875
3935.000,2002/1/29,Holding,1665711.250
3936.000,2002/1/30,Holding,1636657.250
3937.000,2002/1/31,Holding,1745609.875
3938.000,2002/2/1,Holding,1680238.250
3939.000,2002/2/4,Holding,1709292.375
3940.000,2002/2/5,Holding,1651184.250
3941.000,2002/2/6,Holding,1651184.250
3942.000,2002/2/18,Holding,1680238.250
3943.000,2002/2/19,Holding,1665711.250
3944.000,2002/2/20,Holding,1600339.500
3945.000,2002/2/21,Sell,1585812.500
3946.000,2002/2/22,Waiting,1585812.500
3947.000,2002/2/25,Waiting,1585812.500
3948.000,2002/2/26,Waiting,1585812.500
3949.000,2002/2/27,Waiting,1585812.500
3950.000,2002/3/1,Waiting,1585812.500
3951.000,2002/3/4,Waiting,1585812.500
3952.000,2002/3/5,Waiting,1585812.500
3953.000,2002/3/6,Waiting,1585812.500
3954.000,2002/3/7,Waiting,1585812.500
3955.000,2002/3/8,Waiting,1585812.500
3956.000,2002/3/11,Waiting,1585812.500
3957.000,2002/3/12,Buy,1585812.500
3958.000,2002/3/13,Holding,1756017.875
3959.000,2002/3/14,Holding,1756017.875
3960.000,2002/3/15,Holding,1638183.500
3961.000,2002/3/18,Holding,1821481.500
3962.000,2002/3/19,Holding,1906584.250
3963.000,2002/3/20,Holding,1854213.375
3964.000,2002/3/21,Holding,2004779.750
3965.000,2002/3/22,Holding,1991687.000
3966.000,2002/3/25,Holding,1978594.250
3967.000,2002/3/26,Holding,2076789.500
3968.000,2002/3/27,Holding,1991687.000
3969.000,2002/3/28,Holding,1919676.875
3970.000,2002/3/29,Holding,1867306.000
3971.000,2002/4/1,Holding,1893491.500
3972.000,2002/4/2,Holding,1893491.500
3973.000,2002/4/3,Holding,2063696.750
3974.000,2002/4/4,Holding,2273180.500
3975.000,2002/4/8,Holding,2371376.000
3976.000,2002/4/9,Holding,2148799.500
3977.000,2002/4/10,Holding,2063696.750
3978.000,2002/4/11,Holding,2174985.000
3979.000,2002/4/12,Holding,2214263.000
3980.000,2002/4/15,Holding,2174985.000
3981.000,2002/4/16,Holding,2273180.500
3982.000,2002/4/17,Holding,2469571.500
3983.000,2002/4/18,Holding,2430293.000
3984.000,2002/4/19,Holding,2567766.500
3985.000,2002/4/22,Holding,2751064.750
3986.000,2002/4/23,Holding,2665962.000
3987.000,2002/4/24,Holding,2679054.750
3988.000,2002/4/25,Holding,2626684.000
3989.000,2002/4/26,Holding,2397561.250
3990.000,2002/4/29,Holding,2286273.000
3991.000,2002/4/30,Holding,2089882.125
3992.000,2002/5/2,Holding,2037511.250
3993.000,2002/5/3,Holding,2076789.500
3994.000,2002/5/6,Holding,1906584.250
3995.000,2002/5/7,Holding,1978594.250
3996.000,2002/5/8,Holding,2037511.250
3997.000,2002/5/9,Holding,2004779.750
3998.000,2002/5/10,Holding,1978594.250
3999.000,2002/5/13,Holding,1965501.500
4000.000,2002/5/14,Holding,1919676.875
4001.000,2002/5/15,Holding,2063696.750
4002.000,2002/5/16,Holding,1906584.250
4003.000,2002/5/17,Sell,1906584.250
4004.000,2002/5/20,Waiting,1906584.250
4005.000,2002/5/21,Waiting,1906584.250
4006.000,2002/5/22,Waiting,1906584.250
4007.000,2002/5/23,Waiting,1906584.250
4008.000,2002/5/24,Waiting,1906584.250
4009.000,2002/5/27,Waiting,1906584.250
4010.000,2002/5/28,Waiting,1906584.250
4011.000,2002/5/29,Waiting,1906584.250
4012.000,2002/5/30,Waiting,1906584.250
4013.000,2002/5/31,Waiting,1906584.250
4014.000,2002/6/3,Waiting,1906584.250
4015.000,2002/6/4,Waiting,1906584.250
4016.000,2002/6/5,Waiting,1906584.250
4017.000,2002/6/6,Waiting,1906584.250
4018.000,2002/6/7,Waiting,1906584.250
4019.000,2002/6/10,Waiting,1906584.250
4020.000,2002/6/11,Waiting,1906584.250
4021.000,2002/6/12,Waiting,1906584.250
4022.000,2002/6/13,Waiting,1906584.250
4023.000,2002/6/14,Waiting,1906584.250
4024.000,2002/6/17,Waiting,1906584.250
4025.000,2002/6/18,Waiting,1906584.250
4026.000,2002/6/19,Waiting,1906584.250
4027.000,2002/6/20,Waiting,1906584.250
4028.000,2002/6/21,Buy,1906584.250
4029.000,2002/6/24,Holding,1861608.125
4030.000,2002/6/25,Holding,1664837.250
4031.000,2002/6/26,Holding,1642349.125
4032.000,2002/6/27,Sell,1535531.000
4033.000,2002/6/28,Waiting,1535531.000
4034.000,2002/7/1,Waiting,1535531.000
4035.000,2002/7/2,Waiting,1535531.000
4036.000,2002/7/3,Waiting,1535531.000
4037.000,2002/7/4,Waiting,1535531.000
4038.000,2002/7/5,Buy,1535531.000
4039.000,2002/7/8,Holding,1467126.375
4040.000,2002/7/9,Holding,1366799.625
4041.000,2002/7/10,Holding,1366799.625
4042.000,2002/7/11,Holding,1239111.000
4043.000,2002/7/12,Holding,1339437.875
4044.000,2002/7/15,Sell,1298395.000
4045.000,2002/7/16,Waiting,1298395.000
4046.000,2002/7/17,Waiting,1298395.000
4047.000,2002/7/18,Waiting,1298395.000
4048.000,2002/7/19,Buy,1298395.000
4049.000,2002/7/22,Holding,1204674.000
4050.000,2002/7/23,Holding,1249303.000
4051.000,2002/7/24,Holding,1249303.000
4052.000,2002/7/25,Holding,1226988.375
4053.000,2002/7/26,Holding,1191285.250
4054.000,2002/7/29,Holding,1218062.625
4055.000,2002/7/30,Sell,1307320.750
4056.000,2002/7/31,Buy,1307320.750
4057.000,2002/8/1,Holding,1307320.750
4058.000,2002/8/2,Holding,1307320.750
4059.000,2002/8/5,Holding,1147090.250
4060.000,2002/8/6,Sell,1046373.688
4061.000,2002/8/7,Waiting,1046373.688
4062.000,2002/8/8,Waiting,1046373.688
4063.000,2002/8/9,Waiting,1046373.688
4064.000,2002/8/12,Waiting,1046373.688
4065.000,2002/8/13,Waiting,1046373.688
4066.000,2002/8/14,Waiting,1046373.688
4067.000,2002/8/15,Waiting,1046373.688
4068.000,2002/8/16,Waiting,1046373.688
4069.000,2002/8/19,Waiting,1046373.688
4070.000,2002/8/20,Waiting,1046373.688
4071.000,2002/8/21,Waiting,1046373.688
4072.000,2002/8/22,Waiting,1046373.688
4073.000,2002/8/23,Waiting,1046373.688
4074.000,2002/8/26,Waiting,1046373.688
4075.000,2002/8/27,Waiting,1046373.688
4076.000,2002/8/28,Waiting,1046373.688
4077.000,2002/8/29,Waiting,1046373.688
4078.000,2002/8/30,Waiting,1046373.688
4079.000,2002/9/2,Waiting,1046373.688
4080.000,2002/9/3,Waiting,1046373.688
4081.000,2002/9/4,Waiting,1046373.688
4082.000,2002/9/5,Waiting,1046373.688
4083.000,2002/9/9,Waiting,1046373.688
4084.000,2002/9/10,Waiting,1046373.688
4085.000,2002/9/11,Waiting,1046373.688
4086.000,2002/9/12,Waiting,1046373.688
4087.000,2002/9/13,Waiting,1046373.688
4088.000,2002/9/16,Waiting,1046373.688
4089.000,2002/9/17,Waiting,1046373.688
4090.000,2002/9/18,Waiting,1046373.688
4091.000,2002/9/19,Waiting,1046373.688
4092.000,2002/9/20,Waiting,1046373.688
4093.000,2002/9/23,Waiting,1046373.688
4094.000,2002/9/24,Waiting,1046373.688
4095.000,2002/9/25,Waiting,1046373.688
4096.000,2002/9/26,Waiting,1046373.688
4097.000,2002/9/27,Waiting,1046373.688
4098.000,2002/9/30,Waiting,1046373.688
4099.000,2002/10/1,Waiting,1046373.688
4100.000,2002/10/2,Waiting,1046373.688
4101.000,2002/10/3,Waiting,1046373.688
4102.000,2002/10/4,Waiting,1046373.688
4103.000,2002/10/7,Waiting,1046373.688
4104.000,2002/10/8,Waiting,1046373.688
4105.000,2002/10/9,Waiting,1046373.688
4106.000,2002/10/11,Waiting,1046373.688
4107.000,2002/10/14,Waiting,1046373.688
4108.000,2002/10/15,Waiting,1046373.688
4109.000,2002/10/16,Waiting,1046373.688
4110.000,2002/10/17,Waiting,1046373.688
4111.000,2002/10/18,Waiting,1046373.688
4112.000,2002/10/21,Waiting,1046373.688
4113.000,2002/10/22,Waiting,1046373.688
4114.000,2002/10/23,Waiting,1046373.688
4115.000,2002/10/24,Waiting,1046373.688
4116.000,2002/10/25,Waiting,1046373.688
4117.000,2002/10/28,Waiting,1046373.688
4118.000,2002/10/29,Waiting,1046373.688
4119.000,2002/10/30,Waiting,1046373.688
4120.000,2002/10/31,Waiting,1046373.688
4121.000,2002/11/1,Waiting,1046373.688
4122.000,2002/11/4,Waiting,1046373.688
4123.000,2002/11/5,Waiting,1046373.688
4124.000,2002/11/6,Waiting,1046373.688
4125.000,2002/11/7,Waiting,1046373.688
4126.000,2002/11/8,Waiting,1046373.688
4127.000,2002/11/11,Waiting,1046373.688
4128.000,2002/11/12,Waiting,1046373.688
4129.000,2002/11/13,Waiting,1046373.688
4130.000,2002/11/14,Waiting,1046373.688
4131.000,2002/11/15,Waiting,1046373.688
4132.000,2002/11/18,Waiting,1046373.688
4133.000,2002/11/19,Waiting,1046373.688
4134.000,2002/11/20,Waiting,1046373.688
4135.000,2002/11/21,Waiting,1046373.688
4136.000,2002/11/22,Waiting,1046373.688
4137.000,2002/11/25,Waiting,1046373.688
4138.000,2002/11/26,Waiting,1046373.688
4139.000,2002/11/27,Waiting,1046373.688
4140.000,2002/11/28,Waiting,1046373.688
4141.000,2002/11/29,Waiting,1046373.688
4142.000,2002/12/2,Waiting,1046373.688
4143.000,2002/12/3,Waiting,1046373.688
4144.000,2002/12/4,Waiting,1046373.688
4145.000,2002/12/5,Waiting,1046373.688
4146.000,2002/12/6,Waiting,1046373.688
4147.000,2002/12/9,Waiting,1046373.688
4148.000,2002/12/10,Waiting,1046373.688
4149.000,2002/12/11,Waiting,1046373.688
4150.000,2002/12/12,Waiting,1046373.688
4151.000,2002/12/13,Waiting,1046373.688
4152.000,2002/12/16,Waiting,1046373.688
4153.000,2002/12/17,Waiting,1046373.688
4154.000,2002/12/18,Waiting,1046373.688
4155.000,2002/12/19,Waiting,1046373.688
4156.000,2002/12/20,Waiting,1046373.688
4157.000,2002/12/23,Waiting,1046373.688
4158.000,2002/12/24,Waiting,1046373.688
4159.000,2002/12/25,Waiting,1046373.688
4160.000,2002/12/26,Waiting,1046373.688
4161.000,2002/12/27,Waiting,1046373.688
4162.000,2002/12/30,Buy,1046373.688
4163.000,2002/12/31,Holding,1078135.500
4164.000,2003/1/2,Holding,1155271.500
4165.000,2003/1/3,Holding,1305006.125
4166.000,2003/1/6,Holding,1463815.625
4167.000,2003/1/7,Holding,1631700.000
4168.000,2003/1/8,Holding,1813196.500
4169.000,2003/1/9,Holding,1922094.500
4170.000,2003/1/10,Holding,1863108.000
4171.000,2003/1/13,Holding,2021917.500
4172.000,2003/1/14,Holding,2158040.000
4173.000,2003/1/15,Holding,2257863.000
4174.000,2003/1/16,Holding,2080904.000
4175.000,2003/1/17,Holding,1962931.250
4176.000,2003/1/20,Holding,2158040.000
4177.000,2003/1/21,Holding,2080904.000
4178.000,2003/1/22,Holding,2239713.500
4179.000,2003/1/23,Holding,2099053.500
4180.000,2003/1/24,Holding,2198876.750
4181.000,2003/1/27,Holding,2040067.250
4182.000,2003/1/28,Holding,2099053.500
4183.000,2003/2/6,Holding,2121740.750
4184.000,2003/2/7,Holding,2121740.750
4185.000,2003/2/10,Holding,2121740.750
4186.000,2003/2/11,Holding,1913019.750
4187.000,2003/2/12,Holding,1804121.625
4188.000,2003/2/13,Holding,1613550.500
4189.000,2003/2/14,Holding,1631700.000
4190.000,2003/2/17,Holding,1754210.250
4191.000,2003/2/18,Holding,1681611.500
4192.000,2003/2/19,Holding,1622625.250
4193.000,2003/2/20,Holding,1481965.250
4194.000,2003/2/21,Sell,1472890.375
4195.000,2003/2/24,Waiting,1472890.375
4196.000,2003/2/25,Waiting,1472890.375
4197.000,2003/2/26,Waiting,1472890.375
4198.000,2003/2/27,Waiting,1472890.375
4199.000,2003/3/3,Waiting,1472890.375
4200.000,2003/3/4,Waiting,1472890.375
4201.000,2003/3/5,Waiting,1472890.375
4202.000,2003/3/6,Waiting,1472890.375
4203.000,2003/3/7,Waiting,1472890.375
4204.000,2003/3/10,Waiting,1472890.375
4205.000,2003/3/11,Waiting,1472890.375
4206.000,2003/3/12,Waiting,1472890.375
4207.000,2003/3/13,Waiting,1472890.375
4208.000,2003/3/14,Waiting,1472890.375
4209.000,2003/3/17,Waiting,1472890.375
4210.000,2003/3/18,Waiting,1472890.375
4211.000,2003/3/19,Waiting,1472890.375
4212.000,2003/3/20,Waiting,1472890.375
4213.000,2003/3/21,Waiting,1472890.375
4214.000,2003/3/24,Waiting,1472890.375
4215.000,2003/3/25,Waiting,1472890.375
4216.000,2003/3/26,Waiting,1472890.375
4217.000,2003/3/27,Waiting,1472890.375
4218.000,2003/3/28,Waiting,1472890.375
4219.000,2003/3/31,Waiting,1472890.375
4220.000,2003/4/1,Waiting,1472890.375
4221.000,2003/4/2,Waiting,1472890.375
4222.000,2003/4/3,Waiting,1472890.375
4223.000,2003/4/4,Waiting,1472890.375
4224.000,2003/4/7,Waiting,1472890.375
4225.000,2003/4/8,Waiting,1472890.375
4226.000,2003/4/9,Waiting,1472890.375
4227.000,2003/4/10,Waiting,1472890.375
4228.000,2003/4/11,Waiting,1472890.375
4229.000,2003/4/14,Waiting,1472890.375
4230.000,2003/4/15,Waiting,1472890.375
4231.000,2003/4/16,Waiting,1472890.375
4232.000,2003/4/17,Waiting,1472890.375
4233.000,2003/4/18,Waiting,1472890.375
4234.000,2003/4/21,Waiting,1472890.375
4235.000,2003/4/22,Waiting,1472890.375
4236.000,2003/4/23,Waiting,1472890.375
4237.000,2003/4/24,Waiting,1472890.375
4238.000,2003/4/25,Waiting,1472890.375
4239.000,2003/4/28,Waiting,1472890.375
4240.000,2003/4/29,Waiting,1472890.375
4241.000,2003/4/30,Waiting,1472890.375
4242.000,2003/5/2,Waiting,1472890.375
4243.000,2003/5/5,Waiting,1472890.375
4244.000,2003/5/6,Waiting,1472890.375
4245.000,2003/5/7,Waiting,1472890.375
4246.000,2003/5/8,Waiting,1472890.375
4247.000,2003/5/9,Waiting,1472890.375
4248.000,2003/5/12,Waiting,1472890.375
4249.000,2003/5/13,Waiting,1472890.375
4250.000,2003/5/14,Waiting,1472890.375
4251.000,2003/5/15,Waiting,1472890.375
4252.000,2003/5/16,Waiting,1472890.375
4253.000,2003/5/19,Waiting,1472890.375
4254.000,2003/5/20,Waiting,1472890.375
4255.000,2003/5/21,Waiting,1472890.375
4256.000,2003/5/22,Waiting,1472890.375
4257.000,2003/5/23,Waiting,1472890.375
4258.000,2003/5/26,Waiting,1472890.375
4259.000,2003/5/27,Waiting,1472890.375
4260.000,2003/5/28,Waiting,1472890.375
4261.000,2003/5/29,Waiting,1472890.375
4262.000,2003/5/30,Waiting,1472890.375
4263.000,2003/6/2,Waiting,1472890.375
4264.000,2003/6/3,Waiting,1472890.375
4265.000,2003/6/5,Waiting,1472890.375
4266.000,2003/6/6,Waiting,1472890.375
4267.000,2003/6/9,Waiting,1472890.375
4268.000,2003/6/10,Waiting,1472890.375
4269.000,2003/6/11,Waiting,1472890.375
4270.000,2003/6/12,Waiting,1472890.375
4271.000,2003/6/13,Waiting,1472890.375
4272.000,2003/6/16,Waiting,1472890.375
4273.000,2003/6/17,Waiting,1472890.375
4274.000,2003/6/18,Waiting,1472890.375
4275.000,2003/6/19,Waiting,1472890.375
4276.000,2003/6/20,Waiting,1472890.375
4277.000,2003/6/23,Waiting,1472890.375
4278.000,2003/6/24,Waiting,1472890.375
4279.000,2003/6/25,Waiting,1472890.375
4280.000,2003/6/26,Waiting,1472890.375
4281.000,2003/6/27,Waiting,1472890.375
4282.000,2003/6/30,Waiting,1472890.375
4283.000,2003/7/1,Waiting,1472890.375
4284.000,2003/7/2,Waiting,1472890.375
4285.000,2003/7/3,Waiting,1472890.375
4286.000,2003/7/4,Waiting,1472890.375
4287.000,2003/7/7,Waiting,1472890.375
4288.000,2003/7/8,Waiting,1472890.375
4289.000,2003/7/9,Waiting,1472890.375
4290.000,2003/7/10,Waiting,1472890.375
4291.000,2003/7/11,Waiting,1472890.375
4292.000,2003/7/14,Waiting,1472890.375
4293.000,2003/7/15,Waiting,1472890.375
4294.000,2003/7/16,Waiting,1472890.375
4295.000,2003/7/17,Waiting,1472890.375
4296.000,2003/7/18,Waiting,1472890.375
4297.000,2003/7/21,Waiting,1472890.375
4298.000,2003/7/22,Waiting,1472890.375
4299.000,2003/7/23,Waiting,1472890.375
4300.000,2003/7/24,Waiting,1472890.375
4301.000,2003/7/25,Waiting,1472890.375
4302.000,2003/7/28,Waiting,1472890.375
4303.000,2003/7/29,Buy,1472890.375
4304.000,2003/7/30,Holding,1482293.000
4305.000,2003/7/31,Holding,1482293.000
4306.000,2003/8/1,Holding,1472890.375
4307.000,2003/8/4,Holding,1491695.625
4308.000,2003/8/5,Holding,1407071.875
4309.000,2003/8/6,Holding,1397669.250
4310.000,2003/8/7,Sell,1407071.875
4311.000,2003/8/8,Waiting,1407071.875
4312.000,2003/8/11,Waiting,1407071.875
4313.000,2003/8/12,Waiting,1407071.875
4314.000,2003/8/13,Waiting,1407071.875
4315.000,2003/8/14,Waiting,1407071.875
4316.000,2003/8/15,Waiting,1407071.875
4317.000,2003/8/18,Buy,1407071.875
4318.000,2003/8/19,Holding,1407071.875
4319.000,2003/8/20,Holding,1415343.625
4320.000,2003/8/21,Holding,1460838.000
4321.000,2003/8/22,Holding,1481517.375
4322.000,2003/8/25,Holding,1498060.750
4323.000,2003/8/26,Holding,1369849.000
4324.000,2003/8/27,Holding,1340897.875
4325.000,2003/8/28,Holding,1295403.625
4326.000,2003/8/29,Holding,1349169.625
4327.000,2003/9/1,Holding,1394664.250
4328.000,2003/9/2,Holding,1407071.875
4329.000,2003/9/3,Holding,1407071.875
4330.000,2003/9/4,Holding,1407071.875
4331.000,2003/9/5,Holding,1394664.250
4332.000,2003/9/8,Holding,1303675.250
4333.000,2003/9/9,Holding,1282995.875
4334.000,2003/9/10,Holding,1208550.500
4335.000,2003/9/12,Sell,1237501.375
4336.000,2003/9/15,Waiting,1237501.375
4337.000,2003/9/16,Waiting,1237501.375
4338.000,2003/9/17,Waiting,1237501.375
4339.000,2003/9/18,Waiting,1237501.375
4340.000,2003/9/19,Waiting,1237501.375
4341.000,2003/9/22,Waiting,1237501.375
4342.000,2003/9/23,Waiting,1237501.375
4343.000,2003/9/24,Waiting,1237501.375
4344.000,2003/9/25,Buy,1237501.375
4345.000,2003/9/26,Holding,1221490.625
4346.000,2003/9/29,Holding,1245506.750
4347.000,2003/9/30,Holding,1209482.500
4348.000,2003/10/1,Holding,1201477.125
4349.000,2003/10/2,Holding,1221490.625
4350.000,2003/10/3,Holding,1317555.000
4351.000,2003/10/6,Holding,1345573.875
4352.000,2003/10/7,Holding,1345573.875
4353.000,2003/10/8,Holding,1401611.500
4354.000,2003/10/9,Holding,1561719.000
4355.000,2003/10/13,Holding,1725829.125
4356.000,2003/10/14,Holding,1905950.125
4357.000,2003/10/15,Holding,1797877.375
4358.000,2003/10/16,Holding,1869925.875
4359.000,2003/10/17,Holding,1885936.625
4360.000,2003/10/20,Holding,2050046.750
4361.000,2003/10/21,Holding,1994009.125
4362.000,2003/10/22,Holding,1994009.125
4363.000,2003/10/23,Holding,1849912.375
4364.000,2003/10/24,Holding,1869925.875
4365.000,2003/10/27,Holding,2014022.625
4366.000,2003/10/28,Holding,2030033.375
4367.000,2003/10/29,Holding,2122095.250
4368.000,2003/10/30,Holding,2122095.250
4369.000,2003/10/31,Holding,2086071.000
4370.000,2003/11/3,Holding,2122095.250
4371.000,2003/11/4,Holding,2066057.500
4372.000,2003/11/5,Holding,2210154.500
4373.000,2003/11/6,Holding,2030033.375
4374.000,2003/11/7,Holding,2030033.375
4375.000,2003/11/10,Holding,2014022.625
4376.000,2003/11/11,Holding,1921960.875
4377.000,2003/11/12,Holding,1813888.250
4378.000,2003/11/13,Holding,1813888.250
4379.000,2003/11/14,Holding,1813888.250
4380.000,2003/11/17,Holding,1833901.625
4381.000,2003/11/18,Holding,1741839.750
4382.000,2003/11/19,Holding,1741839.750
4383.000,2003/11/20,Holding,1777864.000
4384.000,2003/11/21,Holding,1813888.250
4385.000,2003/11/24,Holding,1833901.625
4386.000,2003/11/25,Holding,1849912.375
4387.000,2003/11/26,Holding,1813888.250
4388.000,2003/11/27,Holding,1705815.750
4389.000,2003/11/28,Holding,1725829.125
4390.000,2003/12/1,Holding,1797877.375
4391.000,2003/12/2,Holding,1869925.875
4392.000,2003/12/3,Holding,1813888.250
4393.000,2003/12/4,Holding,1813888.250
4394.000,2003/12/5,Holding,1813888.250
4395.000,2003/12/8,Holding,1797877.375
4396.000,2003/12/9,Holding,1797877.375
4397.000,2003/12/10,Holding,1813888.250
4398.000,2003/12/11,Holding,1885936.625
4399.000,2003/12/12,Holding,1885936.625
4400.000,2003/12/15,Holding,1905950.125
4401.000,2003/12/16,Holding,1977998.500
4402.000,2003/12/17,Holding,1905950.125
4403.000,2003/12/18,Holding,2014022.625
4404.000,2003/12/19,Holding,1977998.500
4405.000,2003/12/22,Holding,2030033.375
4406.000,2003/12/23,Holding,2050046.750
4407.000,2003/12/24,Holding,2050046.750
4408.000,2003/12/25,Holding,2014022.625
4409.000,2003/12/26,Holding,2030033.375
4410.000,2003/12/29,Holding,1994009.125
4411.000,2003/12/30,Holding,1957984.875
4412.000,2003/12/31,Holding,2014022.625
4413.000,2004/1/2,Holding,2086071.000
4414.000,2004/1/5,Holding,2282202.500
4415.000,2004/1/6,Holding,2322229.500
4416.000,2004/1/7,Holding,2246178.250
4417.000,2004/1/8,Holding,2246178.250
4418.000,2004/1/9,Holding,2194143.500
4419.000,2004/1/12,Holding,2246178.250
4420.000,2004/1/13,Holding,2282202.500
4421.000,2004/1/14,Holding,2358253.750
4422.000,2004/1/15,Holding,2282202.500
4423.000,2004/1/16,Holding,2338240.250
4424.000,2004/1/27,Holding,2410288.750
4425.000,2004/1/28,Holding,2374264.500
4426.000,2004/1/29,Holding,2210154.500
4427.000,2004/1/30,Holding,2322229.500
4428.000,2004/2/2,Holding,2302216.000
4429.000,2004/2/3,Holding,2210154.500
4430.000,2004/2/4,Holding,2230167.500
4431.000,2004/2/5,Holding,2230167.500
4432.000,2004/2/6,Holding,2394277.500
4433.000,2004/2/9,Holding,2394277.500
4434.000,2004/2/10,Holding,2554385.500
4435.000,2004/2/11,Holding,2482337.000
4436.000,2004/2/12,Holding,2374264.500
4437.000,2004/2/13,Holding,2610423.000
4438.000,2004/2/16,Holding,2790544.000
4439.000,2004/2/17,Holding,2790544.000
4440.000,2004/2/18,Holding,2662457.750
4441.000,2004/2/19,Holding,2698482.000
4442.000,2004/2/20,Holding,2698482.000
4443.000,2004/2/23,Holding,2734506.000
4444.000,2004/2/24,Holding,2610423.000
4445.000,2004/2/25,Holding,2554385.500
4446.000,2004/2/26,Holding,2574399.000
4447.000,2004/2/27,Holding,2610423.000
4448.000,2004/3/1,Holding,2718495.500
4449.000,2004/3/2,Holding,2862592.000
4450.000,2004/3/3,Holding,2754519.500
4451.000,2004/3/4,Holding,2770530.500
4452.000,2004/3/5,Holding,2662457.750
4453.000,2004/3/8,Holding,2590409.500
4454.000,2004/3/9,Holding,2682471.250
4455.000,2004/3/10,Holding,2626434.000
4456.000,2004/3/11,Holding,2646447.000
4457.000,2004/3/12,Holding,2662457.750
4458.000,2004/3/15,Holding,2626434.000
4459.000,2004/3/16,Holding,2610423.000
4460.000,2004/3/17,Holding,2518361.000
4461.000,2004/3/18,Holding,2646447.000
4462.000,2004/3/19,Holding,2610423.000
4463.000,2004/3/22,Holding,2358253.750
4464.000,2004/3/23,Sell,2122095.250
4465.000,2004/3/24,Waiting,2122095.250
4466.000,2004/3/25,Waiting,2122095.250
4467.000,2004/3/26,Waiting,2122095.250
4468.000,2004/3/29,Waiting,2122095.250
4469.000,2004/3/30,Waiting,2122095.250
4470.000,2004/3/31,Waiting,2122095.250
4471.000,2004/4/1,Waiting,2122095.250
4472.000,2004/4/2,Waiting,2122095.250
4473.000,2004/4/5,Waiting,2122095.250
4474.000,2004/4/6,Waiting,2122095.250
4475.000,2004/4/7,Waiting,2122095.250
4476.000,2004/4/8,Waiting,2122095.250
4477.000,2004/4/9,Waiting,2122095.250
4478.000,2004/4/12,Waiting,2122095.250
4479.000,2004/4/13,Waiting,2122095.250
4480.000,2004/4/14,Waiting,2122095.250
4481.000,2004/4/15,Waiting,2122095.250
4482.000,2004/4/16,Waiting,2122095.250
4483.000,2004/4/19,Waiting,2122095.250
4484.000,2004/4/20,Waiting,2122095.250
4485.000,2004/4/21,Waiting,2122095.250
4486.000,2004/4/22,Waiting,2122095.250
4487.000,2004/4/23,Waiting,2122095.250
4488.000,2004/4/26,Waiting,2122095.250
4489.000,2004/4/27,Waiting,2122095.250
4490.000,2004/4/28,Waiting,2122095.250
4491.000,2004/4/29,Waiting,2122095.250
4492.000,2004/4/30,Waiting,2122095.250
4493.000,2004/5/3,Waiting,2122095.250
4494.000,2004/5/4,Waiting,2122095.250
4495.000,2004/5/5,Waiting,2122095.250
4496.000,2004/5/6,Waiting,2122095.250
4497.000,2004/5/7,Waiting,2122095.250
4498.000,2004/5/10,Waiting,2122095.250
4499.000,2004/5/11,Waiting,2122095.250
4500.000,2004/5/12,Waiting,2122095.250
4501.000,2004/5/13,Waiting,2122095.250
4502.000,2004/5/14,Waiting,2122095.250
4503.000,2004/5/17,Waiting,2122095.250
4504.000,2004/5/18,Waiting,2122095.250
4505.000,2004/5/19,Waiting,2122095.250
4506.000,2004/5/20,Waiting,2122095.250
4507.000,2004/5/21,Waiting,2122095.250
4508.000,2004/5/24,Waiting,2122095.250
4509.000,2004/5/25,Waiting,2122095.250
4510.000,2004/5/26,Waiting,2122095.250
4511.000,2004/5/27,Waiting,2122095.250
4512.000,2004/5/28,Waiting,2122095.250
4513.000,2004/5/31,Waiting,2122095.250
4514.000,2004/6/1,Waiting,2122095.250
4515.000,2004/6/2,Waiting,2122095.250
4516.000,2004/6/3,Waiting,2122095.250
4517.000,2004/6/4,Waiting,2122095.250
4518.000,2004/6/7,Waiting,2122095.250
4519.000,2004/6/8,Waiting,2122095.250
4520.000,2004/6/9,Waiting,2122095.250
4521.000,2004/6/10,Waiting,2122095.250
4522.000,2004/6/11,Waiting,2122095.250
4523.000,2004/6/14,Waiting,2122095.250
4524.000,2004/6/15,Waiting,2122095.250
4525.000,2004/6/16,Waiting,2122095.250
4526.000,2004/6/17,Waiting,2122095.250
4527.000,2004/6/18,Waiting,2122095.250
4528.000,2004/6/21,Waiting,2122095.250
4529.000,2004/6/23,Waiting,2122095.250
4530.000,2004/6/24,Waiting,2122095.250
4531.000,2004/6/25,Waiting,2122095.250
4532.000,2004/6/28,Waiting,2122095.250
4533.000,2004/6/29,Waiting,2122095.250
4534.000,2004/6/30,Waiting,2122095.250
4535.000,2004/7/1,Waiting,2122095.250
4536.000,2004/7/2,Waiting,2122095.250
4537.000,2004/7/5,Waiting,2122095.250
4538.000,2004/7/6,Waiting,2122095.250
4539.000,2004/7/7,Waiting,2122095.250
4540.000,2004/7/8,Waiting,2122095.250
4541.000,2004/7/9,Waiting,2122095.250
4542.000,2004/7/12,Waiting,2122095.250
4543.000,2004/7/13,Waiting,2122095.250
4544.000,2004/7/14,Waiting,2122095.250
4545.000,2004/7/15,Waiting,2122095.250
4546.000,2004/7/16,Waiting,2122095.250
4547.000,2004/7/19,Waiting,2122095.250
4548.000,2004/7/20,Waiting,2122095.250
4549.000,2004/7/21,Waiting,2122095.250
4550.000,2004/7/22,Waiting,2122095.250
4551.000,2004/7/23,Waiting,2122095.250
4552.000,2004/7/26,Waiting,2122095.250
4553.000,2004/7/27,Waiting,2122095.250
4554.000,2004/7/28,Waiting,2122095.250
4555.000,2004/7/29,Waiting,2122095.250
4556.000,2004/7/30,Waiting,2122095.250
4557.000,2004/8/2,Waiting,2122095.250
4558.000,2004/8/3,Waiting,2122095.250
4559.000,2004/8/4,Waiting,2122095.250
4560.000,2004/8/5,Waiting,2122095.250
4561.000,2004/8/6,Waiting,2122095.250
4562.000,2004/8/9,Waiting,2122095.250
4563.000,2004/8/10,Waiting,2122095.250
4564.000,2004/8/11,Waiting,2122095.250
4565.000,2004/8/12,Waiting,2122095.250
4566.000,2004/8/13,Waiting,2122095.250
4567.000,2004/8/16,Waiting,2122095.250
4568.000,2004/8/17,Waiting,2122095.250
4569.000,2004/8/18,Waiting,2122095.250
4570.000,2004/8/19,Waiting,2122095.250
4571.000,2004/8/20,Waiting,2122095.250
4572.000,2004/8/23,Waiting,2122095.250
4573.000,2004/8/26,Waiting,2122095.250
4574.000,2004/8/27,Waiting,2122095.250
4575.000,2004/8/30,Waiting,2122095.250
4576.000,2004/8/31,Waiting,2122095.250
4577.000,2004/9/1,Waiting,2122095.250
4578.000,2004/9/2,Waiting,2122095.250
4579.000,2004/9/3,Waiting,2122095.250
4580.000,2004/9/6,Waiting,2122095.250
4581.000,2004/9/7,Waiting,2122095.250
4582.000,2004/9/8,Waiting,2122095.250
4583.000,2004/9/9,Waiting,2122095.250
4584.000,2004/9/10,Waiting,2122095.250
4585.000,2004/9/13,Waiting,2122095.250
4586.000,2004/9/14,Waiting,2122095.250
4587.000,2004/9/15,Waiting,2122095.250
4588.000,2004/9/16,Waiting,2122095.250
4589.000,2004/9/17,Waiting,2122095.250
4590.000,2004/9/20,Waiting,2122095.250
4591.000,2004/9/21,Waiting,2122095.250
4592.000,2004/9/22,Waiting,2122095.250
4593.000,2004/9/23,Waiting,2122095.250
4594.000,2004/9/24,Waiting,2122095.250
4595.000,2004/9/27,Waiting,2122095.250
4596.000,2004/9/29,Waiting,2122095.250
4597.000,2004/9/30,Waiting,2122095.250
4598.000,2004/10/1,Waiting,2122095.250
4599.000,2004/10/4,Waiting,2122095.250
4600.000,2004/10/5,Waiting,2122095.250
4601.000,2004/10/6,Waiting,2122095.250
4602.000,2004/10/7,Waiting,2122095.250
4603.000,2004/10/8,Waiting,2122095.250
4604.000,2004/10/11,Waiting,2122095.250
4605.000,2004/10/12,Waiting,2122095.250
4606.000,2004/10/13,Waiting,2122095.250
4607.000,2004/10/14,Waiting,2122095.250
4608.000,2004/10/15,Waiting,2122095.250
4609.000,2004/10/18,Waiting,2122095.250
4610.000,2004/10/19,Waiting,2122095.250
4611.000,2004/10/20,Waiting,2122095.250
4612.000,2004/10/21,Waiting,2122095.250
4613.000,2004/10/22,Waiting,2122095.250
4614.000,2004/10/26,Waiting,2122095.250
4615.000,2004/10/27,Waiting,2122095.250
4616.000,2004/10/28,Waiting,2122095.250
4617.000,2004/10/29,Waiting,2122095.250
4618.000,2004/11/1,Waiting,2122095.250
4619.000,2004/11/2,Waiting,2122095.250
4620.000,2004/11/3,Waiting,2122095.250
4621.000,2004/11/4,Waiting,2122095.250
4622.000,2004/11/5,Waiting,2122095.250
4623.000,2004/11/8,Waiting,2122095.250
4624.000,2004/11/9,Waiting,2122095.250
4625.000,2004/11/10,Waiting,2122095.250
4626.000,2004/11/11,Waiting,2122095.250
4627.000,2004/11/12,Waiting,2122095.250
4628.000,2004/11/15,Waiting,2122095.250
4629.000,2004/11/16,Buy,2122095.250
4630.000,2004/11/17,Holding,2122095.250
4631.000,2004/11/18,Holding,2057756.875
4632.000,2004/11/19,Holding,2057756.875
4633.000,2004/11/22,Holding,2040825.750
4634.000,2004/11/23,Holding,2040825.750
4635.000,2004/11/24,Holding,2071301.750
4636.000,2004/11/25,Holding,2071301.750
4637.000,2004/11/26,Holding,2071301.750
4638.000,2004/11/29,Holding,2088232.875
4639.000,2004/11/30,Holding,2139026.500
4640.000,2004/12/1,Holding,2105164.000
4641.000,2004/12/2,Holding,2105164.000
4642.000,2004/12/3,Holding,2105164.000
4643.000,2004/12/6,Holding,2139026.500
4644.000,2004/12/7,Holding,2139026.500
4645.000,2004/12/8,Holding,2152571.250
4646.000,2004/12/9,Holding,2152571.250
4647.000,2004/12/10,Holding,2152571.250
4648.000,2004/12/13,Holding,2169502.250
4649.000,2004/12/14,Holding,2169502.250
4650.000,2004/12/15,Holding,2250771.750
4651.000,2004/12/16,Holding,2267702.500
4652.000,2004/12/17,Holding,2379447.750
4653.000,2004/12/20,Holding,2396379.000
4654.000,2004/12/21,Holding,2396379.000
4655.000,2004/12/22,Holding,2348972.000
4656.000,2004/12/23,Holding,2362517.000
4657.000,2004/12/24,Holding,2362517.000
4658.000,2004/12/27,Holding,2362517.000
4659.000,2004/12/28,Holding,2396379.000
4660.000,2004/12/29,Holding,2379447.750
4661.000,2004/12/30,Holding,2396379.000
4662.000,2004/12/31,Holding,2379447.750
4663.000,2005/1/3,Holding,2460717.250
4664.000,2005/1/4,Holding,2413310.000
4665.000,2005/1/5,Holding,2396379.000
4666.000,2005/1/6,Holding,2362517.000
4667.000,2005/1/7,Holding,2233840.500
4668.000,2005/1/10,Holding,2348972.000
4669.000,2005/1/11,Holding,2362517.000
4670.000,2005/1/12,Holding,2362517.000
4671.000,2005/1/13,Holding,2315109.750
4672.000,2005/1/14,Holding,2332041.000
4673.000,2005/1/17,Holding,2362517.000
4674.000,2005/1/18,Holding,2362517.000
4675.000,2005/1/19,Holding,2362517.000
4676.000,2005/1/20,Holding,2284633.750
4677.000,2005/1/21,Holding,2298178.500
4678.000,2005/1/24,Holding,2250771.750
4679.000,2005/1/25,Holding,2088232.875
4680.000,2005/1/26,Sell,2139026.500
4681.000,2005/1/27,Waiting,2139026.500
4682.000,2005/1/28,Waiting,2139026.500
4683.000,2005/1/31,Waiting,2139026.500
4684.000,2005/2/1,Waiting,2139026.500
4685.000,2005/2/2,Waiting,2139026.500
4686.000,2005/2/3,Waiting,2139026.500
4687.000,2005/2/14,Waiting,2139026.500
4688.000,2005/2/15,Buy,2139026.500
4689.000,2005/2/16,Holding,2094365.500
4690.000,2005/2/17,Holding,2062465.000
4691.000,2005/2/18,Sell,2062465.000
4692.000,2005/2/21,Waiting,2062465.000
4693.000,2005/2/22,Waiting,2062465.000
4694.000,2005/2/23,Waiting,2062465.000
4695.000,2005/2/24,Waiting,2062465.000
4696.000,2005/2/25,Waiting,2062465.000
4697.000,2005/3/1,Waiting,2062465.000
4698.000,2005/3/2,Waiting,2062465.000
4699.000,2005/3/3,Waiting,2062465.000
4700.000,2005/3/4,Waiting,2062465.000
4701.000,2005/3/7,Waiting,2062465.000
4702.000,2005/3/8,Buy,2062465.000
4703.000,2005/3/9,Holding,2108725.750
4704.000,2005/3/10,Holding,2108725.750
4705.000,2005/3/11,Holding,2093305.375
4706.000,2005/3/14,Holding,2050128.750
4707.000,2005/3/15,Holding,1939102.750
4708.000,2005/3/16,Sell,1923682.375
4709.000,2005/3/17,Waiting,1923682.375
4710.000,2005/3/18,Waiting,1923682.375
4711.000,2005/3/21,Waiting,1923682.375
4712.000,2005/3/22,Waiting,1923682.375
4713.000,2005/3/23,Waiting,1923682.375
4714.000,2005/3/24,Waiting,1923682.375
4715.000,2005/3/25,Waiting,1923682.375
4716.000,2005/3/28,Waiting,1923682.375
4717.000,2005/3/29,Waiting,1923682.375
4718.000,2005/3/30,Waiting,1923682.375
4719.000,2005/3/31,Waiting,1923682.375
4720.000,2005/4/1,Waiting,1923682.375
4721.000,2005/4/4,Waiting,1923682.375
4722.000,2005/4/6,Waiting,1923682.375
4723.000,2005/4/7,Waiting,1923682.375
4724.000,2005/4/8,Waiting,1923682.375
4725.000,2005/4/11,Waiting,1923682.375
4726.000,2005/4/12,Waiting,1923682.375
4727.000,2005/4/13,Waiting,1923682.375
4728.000,2005/4/14,Waiting,1923682.375
4729.000,2005/4/15,Waiting,1923682.375
4730.000,2005/4/18,Waiting,1923682.375
4731.000,2005/4/19,Waiting,1923682.375
4732.000,2005/4/20,Waiting,1923682.375
4733.000,2005/4/21,Waiting,1923682.375
4734.000,2005/4/22,Waiting,1923682.375
4735.000,2005/4/25,Waiting,1923682.375
4736.000,2005/4/26,Waiting,1923682.375
4737.000,2005/4/27,Waiting,1923682.375
4738.000,2005/4/28,Waiting,1923682.375
4739.000,2005/4/29,Waiting,1923682.375
4740.000,2005/5/3,Waiting,1923682.375
4741.000,2005/5/4,Waiting,1923682.375
4742.000,2005/5/5,Waiting,1923682.375
4743.000,2005/5/6,Waiting,1923682.375
4744.000,2005/5/9,Waiting,1923682.375
4745.000,2005/5/10,Waiting,1923682.375
4746.000,2005/5/11,Waiting,1923682.375
4747.000,2005/5/12,Waiting,1923682.375
4748.000,2005/5/13,Waiting,1923682.375
4749.000,2005/5/16,Waiting,1923682.375
4750.000,2005/5/17,Waiting,1923682.375
4751.000,2005/5/18,Waiting,1923682.375
4752.000,2005/5/19,Waiting,1923682.375
4753.000,2005/5/20,Waiting,1923682.375
4754.000,2005/5/23,Waiting,1923682.375
4755.000,2005/5/24,Waiting,1923682.375
4756.000,2005/5/25,Waiting,1923682.375
4757.000,2005/5/26,Waiting,1923682.375
4758.000,2005/5/27,Waiting,1923682.375
4759.000,2005/5/30,Waiting,1923682.375
4760.000,2005/5/31,Waiting,1923682.375
4761.000,2005/6/1,Waiting,1923682.375
4762.000,2005/6/2,Waiting,1923682.375
4763.000,2005/6/3,Waiting,1923682.375
4764.000,2005/6/6,Waiting,1923682.375
4765.000,2005/6/7,Waiting,1923682.375
4766.000,2005/6/8,Waiting,1923682.375
4767.000,2005/6/9,Waiting,1923682.375
4768.000,2005/6/10,Waiting,1923682.375
4769.000,2005/6/13,Waiting,1923682.375
4770.000,2005/6/14,Waiting,1923682.375
4771.000,2005/6/15,Waiting,1923682.375
4772.000,2005/6/16,Waiting,1923682.375
4773.000,2005/6/17,Waiting,1923682.375
4774.000,2005/6/20,Waiting,1923682.375
4775.000,2005/6/21,Waiting,1923682.375
4776.000,2005/6/22,Waiting,1923682.375
4777.000,2005/6/23,Waiting,1923682.375
4778.000,2005/6/24,Waiting,1923682.375
4779.000,2005/6/27,Waiting,1923682.375
4780.000,2005/6/28,Waiting,1923682.375
4781.000,2005/6/29,Waiting,1923682.375
4782.000,2005/6/30,Waiting,1923682.375
4783.000,2005/7/1,Waiting,1923682.375
4784.000,2005/7/4,Waiting,1923682.375
4785.000,2005/7/5,Waiting,1923682.375
4786.000,2005/7/6,Waiting,1923682.375
4787.000,2005/7/7,Waiting,1923682.375
4788.000,2005/7/8,Waiting,1923682.375
4789.000,2005/7/11,Waiting,1923682.375
4790.000,2005/7/12,Buy,1923682.375
4791.000,2005/7/13,Holding,1929942.750
4792.000,2005/7/14,Holding,1961245.750
4793.000,2005/7/15,Holding,2058284.500
4794.000,2005/7/19,Holding,2026981.625
4795.000,2005/7/20,Holding,1973766.875
4796.000,2005/7/21,Holding,1923682.375
4797.000,2005/7/22,Holding,2064545.000
4798.000,2005/7/25,Holding,2042633.125
4799.000,2005/7/26,Holding,2026981.625
4800.000,2005/7/27,Holding,1967506.125
4801.000,2005/7/28,Holding,1961245.750
4802.000,2005/7/29,Holding,1961245.750
4803.000,2005/8/1,Holding,1973766.875
4804.000,2005/8/2,Holding,1998809.000
4805.000,2005/8/3,Holding,2080196.500
4806.000,2005/8/4,Holding,2086456.875
4807.000,2005/8/8,Holding,2080196.500
4808.000,2005/8/9,Holding,2048893.500
4809.000,2005/8/10,Holding,1929942.750
4810.000,2005/8/11,Holding,1945594.250
4811.000,2005/8/12,Holding,2020720.875
4812.000,2005/8/15,Holding,2064545.000
4813.000,2005/8/16,Holding,2026981.625
4814.000,2005/8/17,Holding,2005069.750
4815.000,2005/8/18,Holding,2005069.750
4816.000,2005/8/19,Holding,1973766.875
4817.000,2005/8/22,Holding,2011330.125
4818.000,2005/8/23,Holding,2036372.375
4819.000,2005/8/24,Holding,2048893.500
4820.000,2005/8/25,Holding,2064545.000
4821.000,2005/8/26,Holding,2048893.500
4822.000,2005/8/29,Holding,2036372.375
4823.000,2005/8/30,Holding,2036372.375
4824.000,2005/8/31,Holding,2036372.375
4825.000,2005/9/2,Holding,2036372.375
4826.000,2005/9/5,Holding,2036372.375
4827.000,2005/9/6,Holding,2042633.125
4828.000,2005/9/7,Holding,2058284.500
4829.000,2005/9/8,Holding,2058284.500
4830.000,2005/9/9,Holding,2036372.375
4831.000,2005/9/12,Holding,2036372.375
4832.000,2005/9/13,Holding,2036372.375
4833.000,2005/9/14,Holding,2036372.375
4834.000,2005/9/15,Holding,2011330.125
4835.000,2005/9/16,Holding,2005069.750
4836.000,2005/9/19,Holding,2045763.125
4837.000,2005/9/20,Holding,2070805.625
4838.000,2005/9/21,Holding,2142802.000
4839.000,2005/9/22,Holding,2158453.500
4840.000,2005/9/23,Holding,2183495.750
4841.000,2005/9/26,Holding,2224189.500
4842.000,2005/9/27,Holding,2321228.000
4843.000,2005/9/28,Holding,2402615.250
4844.000,2005/9/29,Holding,2386963.750
4845.000,2005/9/30,Holding,2412006.000
4846.000,2005/10/3,Holding,2427657.500
4847.000,2005/10/4,Holding,2421397.250
4848.000,2005/10/5,Holding,2402615.250
4849.000,2005/10/6,Holding,2402615.250
4850.000,2005/10/7,Holding,2421397.250
4851.000,2005/10/11,Holding,2412006.000
4852.000,2005/10/12,Holding,2412006.000
4853.000,2005/10/13,Holding,2437048.250
4854.000,2005/10/14,Holding,2462090.750
4855.000,2005/10/17,Holding,2437048.250
4856.000,2005/10/18,Holding,2386963.750
4857.000,2005/10/19,Holding,2380703.500
4858.000,2005/10/20,Holding,2305576.750
4859.000,2005/10/21,Holding,2289925.250
4860.000,2005/10/24,Holding,2280534.250
4861.000,2005/10/25,Holding,2274273.750
4862.000,2005/10/26,Holding,2289925.250
4863.000,2005/10/27,Holding,2280534.250
4864.000,2005/10/28,Holding,2274273.750
4865.000,2005/10/31,Holding,2355661.250
4866.000,2005/11/1,Holding,2355661.250
4867.000,2005/11/2,Holding,2340009.750
4868.000,2005/11/3,Holding,2330619.000
4869.000,2005/11/4,Holding,2402615.250
4870.000,2005/11/7,Holding,2299316.000
4871.000,2005/11/8,Holding,2386963.750
4872.000,2005/11/9,Holding,2402615.250
4873.000,2005/11/10,Holding,2386963.750
4874.000,2005/11/11,Holding,2380703.500
4875.000,2005/11/14,Holding,2355661.250
4876.000,2005/11/15,Holding,2280534.250
4877.000,2005/11/16,Holding,2299316.000
4878.000,2005/11/17,Holding,2299316.000
4879.000,2005/11/18,Holding,2361921.500
4880.000,2005/11/21,Holding,2314967.500
4881.000,2005/11/22,Holding,2330619.000
4882.000,2005/11/23,Holding,2346270.250
4883.000,2005/11/24,Holding,2321228.000
4884.000,2005/11/25,Holding,2340009.750
4885.000,2005/11/28,Holding,2340009.750
4886.000,2005/11/29,Holding,2330619.000
4887.000,2005/11/30,Holding,2412006.000
4888.000,2005/12/1,Holding,2493393.500
4889.000,2005/12/2,Holding,2518435.750
4890.000,2005/12/5,Holding,2518435.750
4891.000,2005/12/6,Holding,2493393.500
4892.000,2005/12/7,Holding,2518435.750
4893.000,2005/12/8,Holding,2468351.250
4894.000,2005/12/9,Holding,2527826.750
4895.000,2005/12/12,Holding,2502784.250
4896.000,2005/12/13,Holding,2452699.750
4897.000,2005/12/14,Holding,2477742.000
4898.000,2005/12/15,Holding,2518435.750
4899.000,2005/12/16,Holding,2509045.000
4900.000,2005/12/19,Holding,2671819.500
4901.000,2005/12/20,Holding,2631126.000
4902.000,2005/12/21,Holding,2631126.000
4903.000,2005/12/22,Holding,2640516.750
4904.000,2005/12/23,Holding,2706252.750
4905.000,2005/12/26,Holding,2665559.000
4906.000,2005/12/27,Holding,2793900.500
4907.000,2005/12/28,Holding,2934763.000
4908.000,2005/12/29,Holding,2900330.000
4909.000,2005/12/30,Holding,2818942.750
4910.000,2006/1/2,Holding,2746946.500
4911.000,2006/1/3,Holding,2843985.000
4912.000,2006/1/4,Holding,2828333.500
4913.000,2006/1/5,Holding,2853376.000
4914.000,2006/1/6,Holding,2859636.500
4915.000,2006/1/9,Holding,2762598.000
4916.000,2006/1/10,Holding,2778249.000
4917.000,2006/1/11,Holding,2787640.000
4918.000,2006/1/12,Holding,2778249.000
4919.000,2006/1/13,Holding,2875288.000
4920.000,2006/1/16,Holding,2934763.000
4921.000,2006/1/17,Holding,2909721.000
4922.000,2006/1/18,Holding,2843985.000
4923.000,2006/1/19,Holding,2909721.000
4924.000,2006/1/20,Holding,2884678.500
4925.000,2006/1/23,Holding,2875288.000
4926.000,2006/1/24,Holding,2834594.250
4927.000,2006/1/25,Holding,2894069.500
4928.000,2006/2/3,Holding,3047453.500
4929.000,2006/2/6,Holding,3113189.250
4930.000,2006/2/7,Holding,3022411.000
4931.000,2006/2/8,Holding,2991108.250
4932.000,2006/2/9,Holding,2925372.250
4933.000,2006/2/10,Holding,2909721.000
4934.000,2006/2/13,Holding,2894069.500
4935.000,2006/2/14,Holding,2966066.000
4936.000,2006/2/15,Holding,2909721.000
4937.000,2006/2/16,Holding,2956675.250
4938.000,2006/2/17,Holding,2941023.750
4939.000,2006/2/20,Holding,3038062.500
4940.000,2006/2/21,Holding,2991108.250
4941.000,2006/2/22,Holding,3006759.750
4942.000,2006/2/23,Holding,2991108.250
4943.000,2006/2/24,Holding,3006759.750
4944.000,2006/2/27,Holding,2991108.250
4945.000,2006/3/1,Holding,2981717.500
4946.000,2006/3/2,Holding,3072495.500
4947.000,2006/3/3,Holding,3235270.000
4948.000,2006/3/6,Holding,3241530.750
4949.000,2006/3/7,Holding,3275963.750
4950.000,2006/3/8,Holding,3275963.750
4951.000,2006/3/9,Holding,3235270.000
4952.000,2006/3/10,Holding,3185185.500
4953.000,2006/3/13,Holding,3153883.000
4954.000,2006/3/14,Holding,3063104.500
4955.000,2006/3/15,Holding,3031802.000
4956.000,2006/3/16,Holding,2991108.250
4957.000,2006/3/17,Holding,3056844.000
4958.000,2006/3/20,Holding,3022411.000
4959.000,2006/3/21,Holding,3063104.500
4960.000,2006/3/22,Holding,3063104.500
4961.000,2006/3/23,Holding,3031802.000
4962.000,2006/3/24,Holding,3072495.500
4963.000,2006/3/27,Holding,3072495.500
4964.000,2006/3/28,Holding,3016150.500
4965.000,2006/3/29,Holding,2941023.750
4966.000,2006/3/30,Sell,3056844.000
4967.000,2006/3/31,Waiting,3056844.000
4968.000,2006/4/3,Waiting,3056844.000
4969.000,2006/4/4,Waiting,3056844.000
4970.000,2006/4/6,Waiting,3056844.000
4971.000,2006/4/7,Waiting,3056844.000
4972.000,2006/4/10,Waiting,3056844.000
4973.000,2006/4/11,Waiting,3056844.000
4974.000,2006/4/12,Waiting,3056844.000
4975.000,2006/4/13,Waiting,3056844.000
4976.000,2006/4/14,Waiting,3056844.000
4977.000,2006/4/17,Waiting,3056844.000
4978.000,2006/4/18,Buy,3056844.000
4979.000,2006/4/19,Holding,3050655.250
4980.000,2006/4/20,Holding,3050655.250
4981.000,2006/4/21,Holding,3001143.750
4982.000,2006/4/24,Holding,3032088.250
4983.000,2006/4/25,Holding,3025899.500
4984.000,2006/4/26,Holding,3025899.500
4985.000,2006/4/27,Holding,3097072.000
4986.000,2006/4/28,Holding,3025899.500
4987.000,2006/5/2,Holding,3267267.750
4988.000,2006/5/3,Holding,3418896.500
4989.000,2006/5/4,Holding,3638603.500
4990.000,2006/5/5,Holding,3638603.500
4991.000,2006/5/8,Holding,3638603.500
4992.000,2006/5/9,Holding,3412707.750
4993.000,2006/5/10,Holding,3322968.250
4994.000,2006/5/11,Holding,3282740.250
4995.000,2006/5/12,Holding,3282740.250
4996.000,2006/5/15,Holding,3171339.250
4997.000,2006/5/16,Holding,3001143.750
4998.000,2006/5/17,Sell,3081599.750
4999.000,2006/5/18,Waiting,3081599.750
5000.000,2006/5/19,Waiting,3081599.750
5001.000,2006/5/22,Waiting,3081599.750
5002.000,2006/5/23,Waiting,3081599.750
5003.000,2006/5/24,Waiting,3081599.750
5004.000,2006/5/25,Waiting,3081599.750
5005.000,2006/5/26,Waiting,3081599.750
5006.000,2006/5/29,Waiting,3081599.750
5007.000,2006/5/30,Waiting,3081599.750
5008.000,2006/6/1,Buy,3081599.750
5009.000,2006/6/2,Holding,3051365.500
5010.000,2006/6/5,Holding,2854844.250
5011.000,2006/6/6,Sell,2815539.750
5012.000,2006/6/7,Waiting,2815539.750
5013.000,2006/6/8,Waiting,2815539.750
5014.000,2006/6/9,Waiting,2815539.750
5015.000,2006/6/12,Waiting,2815539.750
5016.000,2006/6/13,Waiting,2815539.750
5017.000,2006/6/14,Waiting,2815539.750
5018.000,2006/6/15,Waiting,2815539.750
5019.000,2006/6/16,Waiting,2815539.750
5020.000,2006/6/19,Waiting,2815539.750
5021.000,2006/6/20,Waiting,2815539.750
5022.000,2006/6/21,Waiting,2815539.750
5023.000,2006/6/22,Waiting,2815539.750
5024.000,2006/6/23,Waiting,2815539.750
5025.000,2006/6/26,Waiting,2815539.750
5026.000,2006/6/27,Waiting,2815539.750
5027.000,2006/6/28,Waiting,2815539.750
5028.000,2006/6/29,Waiting,2815539.750
5029.000,2006/6/30,Waiting,2815539.750
5030.000,2006/7/3,Waiting,2815539.750
5031.000,2006/7/4,Waiting,2815539.750
5032.000,2006/7/5,Waiting,2815539.750
5033.000,2006/7/6,Waiting,2815539.750
5034.000,2006/7/7,Waiting,2815539.750
5035.000,2006/7/10,Waiting,2815539.750
5036.000,2006/7/11,Waiting,2815539.750
5037.000,2006/7/12,Waiting,2815539.750
5038.000,2006/7/13,Waiting,2815539.750
5039.000,2006/7/14,Waiting,2815539.750
5040.000,2006/7/17,Waiting,2815539.750
5041.000,2006/7/18,Waiting,2815539.750
5042.000,2006/7/19,Waiting,2815539.750
5043.000,2006/7/20,Waiting,2815539.750
5044.000,2006/7/21,Waiting,2815539.750
5045.000,2006/7/24,Waiting,2815539.750
5046.000,2006/7/25,Waiting,2815539.750
5047.000,2006/7/26,Waiting,2815539.750
5048.000,2006/7/27,Waiting,2815539.750
5049.000,2006/7/28,Waiting,2815539.750
5050.000,2006/7/31,Waiting,2815539.750
5051.000,2006/8/1,Waiting,2815539.750
5052.000,2006/8/2,Waiting,2815539.750
5053.000,2006/8/3,Waiting,2815539.750
5054.000,2006/8/4,Waiting,2815539.750
5055.000,2006/8/7,Waiting,2815539.750
5056.000,2006/8/8,Waiting,2815539.750
5057.000,2006/8/9,Waiting,2815539.750
5058.000,2006/8/10,Waiting,2815539.750
5059.000,2006/8/11,Waiting,2815539.750
5060.000,2006/8/14,Waiting,2815539.750
5061.000,2006/8/15,Waiting,2815539.750
5062.000,2006/8/16,Waiting,2815539.750
5063.000,2006/8/17,Waiting,2815539.750
5064.000,2006/8/18,Waiting,2815539.750
5065.000,2006/8/21,Waiting,2815539.750
5066.000,2006/8/22,Waiting,2815539.750
5067.000,2006/8/23,Waiting,2815539.750
5068.000,2006/8/24,Waiting,2815539.750
5069.000,2006/8/25,Waiting,2815539.750
5070.000,2006/8/28,Waiting,2815539.750
5071.000,2006/8/29,Waiting,2815539.750
5072.000,2006/8/30,Waiting,2815539.750
5073.000,2006/8/31,Waiting,2815539.750
5074.000,2006/9/1,Waiting,2815539.750
5075.000,2006/9/4,Waiting,2815539.750
5076.000,2006/9/5,Waiting,2815539.750
5077.000,2006/9/6,Waiting,2815539.750
5078.000,2006/9/7,Waiting,2815539.750
5079.000,2006/9/8,Buy,2815539.750
5080.000,2006/9/11,Holding,2755594.250
5081.000,2006/9/12,Holding,2722624.250
5082.000,2006/9/13,Holding,2728618.500
5083.000,2006/9/14,Holding,2677665.000
5084.000,2006/9/15,Sell,2797556.250
5085.000,2006/9/18,Waiting,2797556.250
5086.000,2006/9/19,Waiting,2797556.250
5087.000,2006/9/20,Waiting,2797556.250
5088.000,2006/9/21,Waiting,2797556.250
5089.000,2006/9/22,Waiting,2797556.250
5090.000,2006/9/25,Waiting,2797556.250
5091.000,2006/9/26,Waiting,2797556.250
5092.000,2006/9/27,Waiting,2797556.250
5093.000,2006/9/28,Waiting,2797556.250
5094.000,2006/9/29,Waiting,2797556.250
5095.000,2006/10/2,Waiting,2797556.250
5096.000,2006/10/3,Waiting,2797556.250
5097.000,2006/10/4,Waiting,2797556.250
5098.000,2006/10/5,Waiting,2797556.250
5099.000,2006/10/11,Waiting,2797556.250
5100.000,2006/10/12,Waiting,2797556.250
5101.000,2006/10/13,Waiting,2797556.250
5102.000,2006/10/14,Waiting,2797556.250
5103.000,2006/10/16,Waiting,2797556.250
5104.000,2006/10/17,Waiting,2797556.250
5105.000,2006/10/18,Waiting,2797556.250
5106.000,2006/10/19,Waiting,2797556.250
5107.000,2006/10/20,Waiting,2797556.250
5108.000,2006/10/23,Waiting,2797556.250
5109.000,2006/10/24,Waiting,2797556.250
5110.000,2006/10/25,Waiting,2797556.250
5111.000,2006/10/26,Waiting,2797556.250
5112.000,2006/10/27,Waiting,2797556.250
5113.000,2006/10/30,Waiting,2797556.250
5114.000,2006/10/31,Waiting,2797556.250
5115.000,2006/11/1,Waiting,2797556.250
5116.000,2006/11/2,Waiting,2797556.250
5117.000,2006/11/3,Waiting,2797556.250
5118.000,2006/11/6,Waiting,2797556.250
5119.000,2006/11/7,Waiting,2797556.250
5120.000,2006/11/8,Waiting,2797556.250
5121.000,2006/11/9,Waiting,2797556.250
5122.000,2006/11/10,Waiting,2797556.250
5123.000,2006/11/13,Waiting,2797556.250
5124.000,2006/11/14,Waiting,2797556.250
5125.000,2006/11/15,Waiting,2797556.250
5126.000,2006/11/16,Waiting,2797556.250
5127.000,2006/11/17,Waiting,2797556.250
5128.000,2006/11/20,Waiting,2797556.250
5129.000,2006/11/21,Waiting,2797556.250
5130.000,2006/11/22,Waiting,2797556.250
5131.000,2006/11/23,Buy,2797556.250
5132.000,2006/11/24,Holding,2719681.000
5133.000,2006/11/27,Holding,2754037.750
5134.000,2006/11/28,Holding,2719681.000
5135.000,2006/11/29,Holding,2719681.000
5136.000,2006/11/30,Holding,2786104.250
5137.000,2006/12/1,Holding,2850236.250
5138.000,2006/12/4,Holding,2999115.250
5139.000,2006/12/5,Holding,2971630.000
5140.000,2006/12/6,Holding,2960178.000
5141.000,2006/12/7,Holding,2971630.000
5142.000,2006/12/8,Holding,2960178.000
5143.000,2006/12/11,Holding,2921240.500
5144.000,2006/12/12,Holding,2921240.500
5145.000,2006/12/13,Holding,2893755.000
5146.000,2006/12/14,Holding,2747166.750
5147.000,2006/12/15,Holding,2754037.750
5148.000,2006/12/18,Holding,2740295.250
5149.000,2006/12/19,Holding,2726552.500
5150.000,2006/12/20,Holding,2754037.750
5151.000,2006/12/21,Holding,2694486.000
5152.000,2006/12/22,Holding,2694486.000
5153.000,2006/12/25,Holding,2747166.750
5154.000,2006/12/26,Holding,2790684.750
5155.000,2006/12/27,Holding,2786104.250
5156.000,2006/12/28,Holding,2758618.750
5157.000,2006/12/29,Holding,2797556.250
5158.000,2007/1/2,Holding,2836493.750
5159.000,2007/1/3,Holding,2797556.250
5160.000,2007/1/4,Holding,2786104.250
5161.000,2007/1/5,Holding,2747166.750
5162.000,2007/1/8,Holding,2740295.250
5163.000,2007/1/9,Holding,2900626.500
5164.000,2007/1/10,Holding,2836493.750
5165.000,2007/1/11,Holding,2747166.750
5166.000,2007/1/12,Holding,2868560.000
5167.000,2007/1/15,Holding,2772361.250
5168.000,2007/1/16,Holding,2772361.250
5169.000,2007/1/17,Holding,2811298.750
5170.000,2007/1/18,Holding,2843365.250
5171.000,2007/1/19,Holding,2754037.750
5172.000,2007/1/22,Holding,2779232.750
5173.000,2007/1/23,Holding,2786104.250
5174.000,2007/1/24,Holding,2829622.250
5175.000,2007/1/25,Holding,2765490.250
5176.000,2007/1/26,Holding,2701357.500
5177.000,2007/1/29,Sell,2701357.500
5178.000,2007/1/30,Waiting,2701357.500
5179.000,2007/1/31,Waiting,2701357.500
5180.000,2007/2/1,Waiting,2701357.500
5181.000,2007/2/2,Waiting,2701357.500
5182.000,2007/2/5,Waiting,2701357.500
5183.000,2007/2/6,Waiting,2701357.500
5184.000,2007/2/7,Waiting,2701357.500
5185.000,2007/2/8,Waiting,2701357.500
5186.000,2007/2/9,Waiting,2701357.500
5187.000,2007/2/12,Waiting,2701357.500
5188.000,2007/2/13,Waiting,2701357.500
5189.000,2007/2/14,Waiting,2701357.500
5190.000,2007/2/26,Waiting,2701357.500
5191.000,2007/2/27,Waiting,2701357.500
5192.000,2007/3/1,Waiting,2701357.500
5193.000,2007/3/2,Waiting,2701357.500
5194.000,2007/3/3,Waiting,2701357.500
5195.000,2007/3/5,Waiting,2701357.500
5196.000,2007/3/6,Waiting,2701357.500
5197.000,2007/3/7,Waiting,2701357.500
5198.000,2007/3/8,Waiting,2701357.500
5199.000,2007/3/9,Waiting,2701357.500
5200.000,2007/3/12,Waiting,2701357.500
5201.000,2007/3/13,Waiting,2701357.500
5202.000,2007/3/14,Waiting,2701357.500
5203.000,2007/3/15,Waiting,2701357.500
5204.000,2007/3/16,Waiting,2701357.500
5205.000,2007/3/19,Waiting,2701357.500
5206.000,2007/3/20,Waiting,2701357.500
5207.000,2007/3/21,Waiting,2701357.500
5208.000,2007/3/22,Waiting,2701357.500
5209.000,2007/3/23,Waiting,2701357.500
5210.000,2007/3/26,Waiting,2701357.500
5211.000,2007/3/27,Waiting,2701357.500
5212.000,2007/3/28,Waiting,2701357.500
5213.000,2007/3/29,Waiting,2701357.500
5214.000,2007/3/30,Waiting,2701357.500
5215.000,2007/4/2,Waiting,2701357.500
5216.000,2007/4/3,Waiting,2701357.500
5217.000,2007/4/4,Waiting,2701357.500
5218.000,2007/4/9,Waiting,2701357.500
5219.000,2007/4/10,Buy,2701357.500
5220.000,2007/4/11,Holding,2594201.250
5221.000,2007/4/12,Holding,2551785.000
5222.000,2007/4/13,Holding,2638849.500
5223.000,2007/4/14,Holding,2638849.500
5224.000,2007/4/16,Holding,2828605.500
5225.000,2007/4/17,Holding,2859859.750
5226.000,2007/4/18,Holding,2846465.000
5227.000,2007/4/19,Holding,2739308.750
5228.000,2007/4/20,Holding,2783957.250
5229.000,2007/4/23,Holding,2721449.250
5230.000,2007/4/24,Holding,2801816.750
5231.000,2007/4/25,Holding,2728146.750
5232.000,2007/4/26,Holding,2728146.750
5233.000,2007/4/27,Holding,2815211.250
5234.000,2007/4/30,Holding,2739308.750
5235.000,2007/5/2,Holding,2721449.250
5236.000,2007/5/3,Holding,2770562.500
5237.000,2007/5/4,Holding,2790654.250
5238.000,2007/5/7,Holding,2777260.000
5239.000,2007/5/8,Holding,2795119.250
5240.000,2007/5/9,Holding,2808513.750
5241.000,2007/5/10,Holding,2940226.750
5242.000,2007/5/11,Holding,2846465.000
5243.000,2007/5/14,Holding,2897810.500
5244.000,2007/5/15,Holding,2877719.250
5245.000,2007/5/16,Holding,2902275.500
5246.000,2007/5/17,Holding,2897810.500
5247.000,2007/5/18,Holding,2897810.500
5248.000,2007/5/21,Holding,2998269.750
5249.000,2007/5/22,Holding,3078637.250
5250.000,2007/5/23,Holding,3141144.750
5251.000,2007/5/24,Holding,3109891.000
5252.000,2007/5/25,Holding,3047383.000
5253.000,2007/5/28,Holding,3022826.500
5254.000,2007/5/29,Holding,3022826.500
5255.000,2007/5/30,Holding,2998269.750
5256.000,2007/5/31,Holding,2908973.000
5257.000,2007/6/1,Holding,3040686.000
5258.000,2007/6/4,Holding,2984875.500
5259.000,2007/6/5,Holding,2946924.250
5260.000,2007/6/6,Holding,2971481.000
5261.000,2007/6/7,Holding,2978178.000
5262.000,2007/6/8,Holding,2915670.500
5263.000,2007/6/11,Holding,2940226.750
5264.000,2007/6/12,Holding,3047383.000
5265.000,2007/6/13,Holding,3167934.000
5266.000,2007/6/14,Holding,3237139.000
5267.000,2007/6/15,Holding,3286252.500
5268.000,2007/6/20,Holding,3480473.250
5269.000,2007/6/21,Holding,3788548.000
5270.000,2007/6/22,Holding,3618883.750
5271.000,2007/6/23,Holding,3656835.000
5272.000,2007/6/25,Holding,3833196.000
5273.000,2007/6/26,Holding,3815336.750
5274.000,2007/6/27,Holding,3846590.500
5275.000,2007/6/28,Holding,3857753.000
5276.000,2007/6/29,Holding,3788548.000
5277.000,2007/7/2,Holding,3714878.000
5278.000,2007/7/3,Holding,3701483.000
5279.000,2007/7/4,Holding,3739434.250
5280.000,2007/7/5,Holding,3650137.500
5281.000,2007/7/6,Holding,3846590.500
5282.000,2007/7/9,Holding,3877844.750
5283.000,2007/7/10,Holding,3826499.000
5284.000,2007/7/11,Holding,3708180.500
5285.000,2007/7/12,Holding,3719342.500
5286.000,2007/7/13,Holding,3815336.750
5287.000,2007/7/16,Holding,3964909.000
5288.000,2007/7/17,Holding,4185919.000
5289.000,2007/7/18,Holding,4279681.000
5290.000,2007/7/19,Holding,4165827.000
5291.000,2007/7/20,Holding,4072065.500
5292.000,2007/7/23,Holding,4223870.000
5293.000,2007/7/24,Holding,4480599.000
5294.000,2007/7/25,Holding,4473902.000
5295.000,2007/7/26,Holding,4348886.000
5296.000,2007/7/27,Holding,4009557.750
5297.000,2007/7/30,Holding,4016254.750
5298.000,2007/7/31,Holding,4295308.000
5299.000,2007/8/1,Holding,3938120.250
5300.000,2007/8/2,Holding,3784083.000
5301.000,2007/8/3,Holding,4089924.750
5302.000,2007/8/6,Sell,4230567.500
5303.000,2007/8/7,Waiting,4230567.500
5304.000,2007/8/8,Waiting,4230567.500
5305.000,2007/8/9,Waiting,4230567.500
5306.000,2007/8/10,Waiting,4230567.500
5307.000,2007/8/13,Waiting,4230567.500
5308.000,2007/8/14,Waiting,4230567.500
5309.000,2007/8/15,Waiting,4230567.500
5310.000,2007/8/16,Waiting,4230567.500
5311.000,2007/8/17,Waiting,4230567.500
5312.000,2007/8/20,Waiting,4230567.500
5313.000,2007/8/21,Waiting,4230567.500
5314.000,2007/8/22,Waiting,4230567.500
5315.000,2007/8/23,Waiting,4230567.500
5316.000,2007/8/24,Buy,4230567.500
5317.000,2007/8/27,Holding,4193032.750
5318.000,2007/8/28,Holding,4193032.750
5319.000,2007/8/29,Holding,4133418.750
5320.000,2007/8/30,Holding,4217319.500
5321.000,2007/8/31,Holding,4572795.500
5322.000,2007/9/3,Sell,4619162.000
5323.000,2007/9/4,Waiting,4619162.000
5324.000,2007/9/5,Waiting,4619162.000
5325.000,2007/9/6,Waiting,4619162.000
5326.000,2007/9/7,Buy,4619162.000
5327.000,2007/9/10,Holding,4510140.500
5328.000,2007/9/11,Holding,4557837.000
5329.000,2007/9/12,Holding,4462443.000
5330.000,2007/9/13,Holding,4598720.500
5331.000,2007/9/14,Holding,4719098.500
5332.000,2007/9/17,Holding,4612348.000
5333.000,2007/9/19,Holding,4800865.000
5334.000,2007/9/20,Holding,5105217.000
5335.000,2007/9/21,Holding,5529948.000
5336.000,2007/9/26,Holding,5977391.000
5337.000,2007/9/27,Holding,5991019.000
5338.000,2007/9/28,Holding,6220419.000
5339.000,2007/9/29,Holding,6152280.500
5340.000,2007/10/1,Holding,6302185.500
5341.000,2007/10/2,Holding,6165908.000
5342.000,2007/10/3,Holding,6086413.000
5343.000,2007/10/4,Holding,5713922.000
5344.000,2007/10/5,Holding,5775247.000
5345.000,2007/10/8,Holding,6018274.500
5346.000,2007/10/9,Holding,5747991.000
5347.000,2007/10/11,Holding,6206791.000
5348.000,2007/10/12,Holding,6370324.000
5349.000,2007/10/15,Holding,6383951.000
5350.000,2007/10/16,Holding,6449819.000
5351.000,2007/10/17,Holding,6274929.500
5352.000,2007/10/18,Holding,6408935.500
5353.000,2007/10/19,Holding,6302185.500
5354.000,2007/10/22,Holding,6031902.000
5355.000,2007/10/23,Holding,5991019.000
5356.000,2007/10/24,Holding,6302185.500
5357.000,2007/10/25,Holding,6370324.000
5358.000,2007/10/26,Holding,6681490.000
5359.000,2007/10/29,Holding,6572468.500
5360.000,2007/10/30,Holding,6436191.500
5361.000,2007/10/31,Holding,6463447.000
5362.000,2007/11/1,Holding,6234047.000
5363.000,2007/11/2,Holding,5950136.000
5364.000,2007/11/5,Holding,5841114.500
5365.000,2007/11/6,Holding,5881997.000
5366.000,2007/11/7,Holding,6018274.500
5367.000,2007/11/8,Holding,5761619.000
5368.000,2007/11/9,Holding,6086413.000
5369.000,2007/11/12,Holding,5598086.500
5370.000,2007/11/13,Holding,5484522.000
5371.000,2007/11/14,Holding,5720736.000
5372.000,2007/11/15,Holding,5638969.500
5373.000,2007/11/16,Holding,5280106.500
5374.000,2007/11/19,Sell,4989382.000
5375.000,2007/11/20,Waiting,4989382.000
5376.000,2007/11/21,Waiting,4989382.000
5377.000,2007/11/22,Waiting,4989382.000
5378.000,2007/11/23,Waiting,4989382.000
5379.000,2007/11/26,Waiting,4989382.000
5380.000,2007/11/27,Waiting,4989382.000
5381.000,2007/11/28,Waiting,4989382.000
5382.000,2007/11/29,Waiting,4989382.000
5383.000,2007/11/30,Waiting,4989382.000
5384.000,2007/12/3,Waiting,4989382.000
5385.000,2007/12/4,Waiting,4989382.000
5386.000,2007/12/5,Waiting,4989382.000
5387.000,2007/12/6,Waiting,4989382.000
5388.000,2007/12/7,Waiting,4989382.000
5389.000,2007/12/10,Waiting,4989382.000
5390.000,2007/12/11,Waiting,4989382.000
5391.000,2007/12/12,Waiting,4989382.000
5392.000,2007/12/13,Waiting,4989382.000
5393.000,2007/12/14,Waiting,4989382.000
5394.000,2007/12/17,Waiting,4989382.000
5395.000,2007/12/18,Waiting,4989382.000
5396.000,2007/12/19,Waiting,4989382.000
5397.000,2007/12/20,Waiting,4989382.000
5398.000,2007/12/21,Waiting,4989382.000
5399.000,2007/12/24,Waiting,4989382.000
5400.000,2007/12/25,Waiting,4989382.000
5401.000,2007/12/26,Waiting,4989382.000
5402.000,2007/12/27,Waiting,4989382.000
5403.000,2007/12/28,Waiting,4989382.000
5404.000,2007/12/31,Waiting,4989382.000
5405.000,2008/1/2,Waiting,4989382.000
5406.000,2008/1/3,Waiting,4989382.000
5407.000,2008/1/4,Waiting,4989382.000
5408.000,2008/1/7,Waiting,4989382.000
5409.000,2008/1/8,Waiting,4989382.000
5410.000,2008/1/9,Waiting,4989382.000
5411.000,2008/1/10,Waiting,4989382.000
5412.000,2008/1/11,Waiting,4989382.000
5413.000,2008/1/14,Waiting,4989382.000
5414.000,2008/1/15,Buy,4989382.000
5415.000,2008/1/16,Holding,4718634.000
5416.000,2008/1/17,Holding,4663752.500
5417.000,2008/1/18,Holding,4553990.000
5418.000,2008/1/21,Holding,4532037.500
5419.000,2008/1/22,Holding,4146038.500
5420.000,2008/1/23,Sell,3787480.750
5421.000,2008/1/24,Waiting,3787480.750
5422.000,2008/1/25,Waiting,3787480.750
5423.000,2008/1/28,Waiting,3787480.750
5424.000,2008/1/29,Waiting,3787480.750
5425.000,2008/1/30,Waiting,3787480.750
5426.000,2008/1/31,Waiting,3787480.750
5427.000,2008/2/1,Waiting,3787480.750
5428.000,2008/2/12,Waiting,3787480.750
5429.000,2008/2/13,Waiting,3787480.750
5430.000,2008/2/14,Waiting,3787480.750
5431.000,2008/2/15,Waiting,3787480.750
5432.000,2008/2/18,Waiting,3787480.750
5433.000,2008/2/19,Waiting,3787480.750
5434.000,2008/2/20,Buy,3787480.750
5435.000,2008/2/21,Holding,3988746.250
5436.000,2008/2/22,Holding,3959051.250
5437.000,2008/2/25,Holding,4303842.500
5438.000,2008/2/26,Holding,4363232.000
5439.000,2008/2/27,Holding,4460565.500
5440.000,2008/2/29,Holding,4401176.000
5441.000,2008/3/3,Holding,4500159.000
5442.000,2008/3/4,Holding,4696475.000
5443.000,2008/3/5,Holding,4656882.000
5444.000,2008/3/6,Holding,4696475.000
5445.000,2008/3/7,Holding,4440769.000
5446.000,2008/3/10,Holding,4157017.500
5447.000,2008/3/11,Holding,4430870.500
5448.000,2008/3/12,Holding,4381379.000
5449.000,2008/3/13,Holding,4175164.500
5450.000,2008/3/14,Holding,4194961.000
5451.000,2008/3/17,Holding,4157017.500
5452.000,2008/3/18,Holding,4028339.500
5453.000,2008/3/19,Holding,4165266.000
5454.000,2008/3/20,Sell,4274147.500
5455.000,2008/3/21,Waiting,4274147.500
5456.000,2008/3/24,Buy,4274147.500
5457.000,2008/3/25,Holding,4047569.250
5458.000,2008/3/26,Holding,4065111.000
5459.000,2008/3/27,Holding,3959861.750
5460.000,2008/3/28,Holding,4021257.000
5461.000,2008/3/31,Holding,4126506.000
5462.000,2008/4/1,Holding,3899928.500
5463.000,2008/4/2,Holding,3882387.000
5464.000,2008/4/3,Holding,3986174.250
5465.000,2008/4/7,Holding,3873616.000
5466.000,2008/4/8,Holding,3699663.000
5467.000,2008/4/9,Holding,3690892.000
5468.000,2008/4/10,Holding,3777137.750
5469.000,2008/4/11,Holding,3743516.500
5470.000,2008/4/14,Holding,3899928.500
5471.000,2008/4/15,Holding,4108964.750
5472.000,2008/4/16,Holding,4091423.500
5473.000,2008/4/17,Holding,3935011.000
5474.000,2008/4/18,Holding,3873616.000
5475.000,2008/4/21,Holding,3785908.750
5476.000,2008/4/22,Holding,3673350.500
5477.000,2008/4/23,Sell,3611955.000
5478.000,2008/4/24,Waiting,3611955.000
5479.000,2008/4/25,Waiting,3611955.000
5480.000,2008/4/28,Waiting,3611955.000
5481.000,2008/4/29,Waiting,3611955.000
5482.000,2008/4/30,Waiting,3611955.000
5483.000,2008/5/2,Waiting,3611955.000
5484.000,2008/5/5,Waiting,3611955.000
5485.000,2008/5/6,Waiting,3611955.000
5486.000,2008/5/7,Waiting,3611955.000
5487.000,2008/5/8,Waiting,3611955.000
5488.000,2008/5/9,Waiting,3611955.000
5489.000,2008/5/12,Waiting,3611955.000
5490.000,2008/5/13,Waiting,3611955.000
5491.000,2008/5/14,Waiting,3611955.000
5492.000,2008/5/15,Waiting,3611955.000
5493.000,2008/5/16,Waiting,3611955.000
5494.000,2008/5/19,Waiting,3611955.000
5495.000,2008/5/20,Waiting,3611955.000
5496.000,2008/5/21,Waiting,3611955.000
5497.000,2008/5/22,Waiting,3611955.000
5498.000,2008/5/23,Waiting,3611955.000
5499.000,2008/5/26,Waiting,3611955.000
5500.000,2008/5/27,Waiting,3611955.000
5501.000,2008/5/28,Waiting,3611955.000
5502.000,2008/5/29,Waiting,3611955.000
5503.000,2008/5/30,Waiting,3611955.000
5504.000,2008/6/2,Waiting,3611955.000
5505.000,2008/6/3,Waiting,3611955.000
5506.000,2008/6/4,Waiting,3611955.000
5507.000,2008/6/5,Waiting,3611955.000
5508.000,2008/6/6,Waiting,3611955.000
5509.000,2008/6/9,Waiting,3611955.000
5510.000,2008/6/10,Waiting,3611955.000
5511.000,2008/6/11,Waiting,3611955.000
5512.000,2008/6/12,Waiting,3611955.000
5513.000,2008/6/13,Waiting,3611955.000
5514.000,2008/6/16,Waiting,3611955.000
5515.000,2008/6/17,Waiting,3611955.000
5516.000,2008/6/18,Waiting,3611955.000
5517.000,2008/6/19,Waiting,3611955.000
5518.000,2008/6/20,Waiting,3611955.000
5519.000,2008/6/23,Waiting,3611955.000
5520.000,2008/6/24,Waiting,3611955.000
5521.000,2008/6/25,Waiting,3611955.000
5522.000,2008/6/26,Waiting,3611955.000
5523.000,2008/6/27,Waiting,3611955.000
5524.000,2008/6/30,Waiting,3611955.000
5525.000,2008/7/1,Waiting,3611955.000
5526.000,2008/7/2,Waiting,3611955.000
5527.000,2008/7/3,Waiting,3611955.000
5528.000,2008/7/4,Waiting,3611955.000
5529.000,2008/7/7,Waiting,3611955.000
5530.000,2008/7/8,Waiting,3611955.000
5531.000,2008/7/9,Waiting,3611955.000
5532.000,2008/7/10,Waiting,3611955.000
5533.000,2008/7/11,Waiting,3611955.000
5534.000,2008/7/14,Waiting,3611955.000
5535.000,2008/7/15,Waiting,3611955.000
5536.000,2008/7/16,Waiting,3611955.000
5537.000,2008/7/17,Waiting,3611955.000
5538.000,2008/7/18,Waiting,3611955.000
5539.000,2008/7/21,Waiting,3611955.000
5540.000,2008/7/22,Waiting,3611955.000
5541.000,2008/7/23,Waiting,3611955.000
5542.000,2008/7/24,Waiting,3611955.000
5543.000,2008/7/25,Waiting,3611955.000
5544.000,2008/7/29,Waiting,3611955.000
5545.000,2008/7/30,Waiting,3611955.000
5546.000,2008/7/31,Waiting,3611955.000
5547.000,2008/8/1,Waiting,3611955.000
5548.000,2008/8/4,Waiting,3611955.000
5549.000,2008/8/5,Waiting,3611955.000
5550.000,2008/8/6,Waiting,3611955.000
5551.000,2008/8/7,Waiting,3611955.000
5552.000,2008/8/8,Waiting,3611955.000
5553.000,2008/8/11,Waiting,3611955.000
5554.000,2008/8/12,Waiting,3611955.000
5555.000,2008/8/13,Waiting,3611955.000
5556.000,2008/8/14,Waiting,3611955.000
5557.000,2008/8/15,Waiting,3611955.000
5558.000,2008/8/18,Waiting,3611955.000
5559.000,2008/8/19,Waiting,3611955.000
5560.000,2008/8/20,Waiting,3611955.000
5561.000,2008/8/21,Waiting,3611955.000
5562.000,2008/8/22,Waiting,3611955.000
5563.000,2008/8/25,Waiting,3611955.000
5564.000,2008/8/26,Waiting,3611955.000
5565.000,2008/8/27,Waiting,3611955.000
5566.000,2008/8/28,Waiting,3611955.000
5567.000,2008/8/29,Waiting,3611955.000
5568.000,2008/9/1,Waiting,3611955.000
5569.000,2008/9/2,Waiting,3611955.000
5570.000,2008/9/3,Waiting,3611955.000
5571.000,2008/9/4,Waiting,3611955.000
5572.000,2008/9/5,Waiting,3611955.000
5573.000,2008/9/8,Waiting,3611955.000
5574.000,2008/9/9,Waiting,3611955.000
5575.000,2008/9/10,Waiting,3611955.000
5576.000,2008/9/11,Waiting,3611955.000
5577.000,2008/9/12,Waiting,3611955.000
5578.000,2008/9/15,Waiting,3611955.000
5579.000,2008/9/16,Waiting,3611955.000
5580.000,2008/9/17,Waiting,3611955.000
5581.000,2008/9/18,Waiting,3611955.000
5582.000,2008/9/19,Waiting,3611955.000
5583.000,2008/9/22,Waiting,3611955.000
5584.000,2008/9/23,Waiting,3611955.000
5585.000,2008/9/24,Waiting,3611955.000
5586.000,2008/9/25,Waiting,3611955.000
5587.000,2008/9/26,Waiting,3611955.000
5588.000,2008/9/30,Waiting,3611955.000
5589.000,2008/10/1,Waiting,3611955.000
5590.000,2008/10/2,Waiting,3611955.000
5591.000,2008/10/3,Waiting,3611955.000
5592.000,2008/10/6,Waiting,3611955.000
5593.000,2008/10/7,Waiting,3611955.000
5594.000,2008/10/8,Waiting,3611955.000
5595.000,2008/10/9,Waiting,3611955.000
5596.000,2008/10/13,Waiting,3611955.000
5597.000,2008/10/14,Waiting,3611955.000
5598.000,2008/10/15,Waiting,3611955.000
5599.000,2008/10/16,Waiting,3611955.000
5600.000,2008/10/17,Waiting,3611955.000
5601.000,2008/10/20,Waiting,3611955.000
5602.000,2008/10/21,Waiting,3611955.000
5603.000,2008/10/22,Waiting,3611955.000
5604.000,2008/10/23,Waiting,3611955.000
5605.000,2008/10/24,Waiting,3611955.000
5606.000,2008/10/27,Waiting,3611955.000
5607.000,2008/10/28,Waiting,3611955.000
5608.000,2008/10/29,Waiting,3611955.000
5609.000,2008/10/30,Waiting,3611955.000
5610.000,2008/10/31,Waiting,3611955.000
5611.000,2008/11/3,Waiting,3611955.000
5612.000,2008/11/4,Waiting,3611955.000
5613.000,2008/11/5,Waiting,3611955.000
5614.000,2008/11/6,Waiting,3611955.000
5615.000,2008/11/7,Waiting,3611955.000
5616.000,2008/11/10,Waiting,3611955.000
5617.000,2008/11/11,Waiting,3611955.000
5618.000,2008/11/12,Waiting,3611955.000
5619.000,2008/11/13,Waiting,3611955.000
5620.000,2008/11/14,Waiting,3611955.000
5621.000,2008/11/17,Waiting,3611955.000
5622.000,2008/11/18,Waiting,3611955.000
5623.000,2008/11/19,Waiting,3611955.000
5624.000,2008/11/20,Waiting,3611955.000
5625.000,2008/11/21,Waiting,3611955.000
5626.000,2008/11/24,Waiting,3611955.000
5627.000,2008/11/25,Waiting,3611955.000
5628.000,2008/11/26,Waiting,3611955.000
5629.000,2008/11/27,Waiting,3611955.000
5630.000,2008/11/28,Waiting,3611955.000
5631.000,2008/12/1,Waiting,3611955.000
5632.000,2008/12/2,Waiting,3611955.000
5633.000,2008/12/3,Waiting,3611955.000
5634.000,2008/12/4,Waiting,3611955.000
5635.000,2008/12/5,Waiting,3611955.000
5636.000,2008/12/8,Waiting,3611955.000
5637.000,2008/12/9,Waiting,3611955.000
5638.000,2008/12/10,Waiting,3611955.000
5639.000,2008/12/11,Waiting,3611955.000
5640.000,2008/12/12,Waiting,3611955.000
5641.000,2008/12/15,Waiting,3611955.000
5642.000,2008/12/16,Waiting,3611955.000
5643.000,2008/12/17,Waiting,3611955.000
5644.000,2008/12/18,Waiting,3611955.000
5645.000,2008/12/19,Waiting,3611955.000
5646.000,2008/12/22,Waiting,3611955.000
5647.000,2008/12/23,Waiting,3611955.000
5648.000,2008/12/24,Waiting,3611955.000
5649.000,2008/12/25,Waiting,3611955.000
5650.000,2008/12/26,Waiting,3611955.000
5651.000,2008/12/29,Waiting,3611955.000
5652.000,2008/12/30,Waiting,3611955.000
5653.000,2008/12/31,Waiting,3611955.000
5654.000,2009/1/5,Waiting,3611955.000
5655.000,2009/1/6,Waiting,3611955.000
5656.000,2009/1/7,Waiting,3611955.000
5657.000,2009/1/8,Waiting,3611955.000
5658.000,2009/1/9,Waiting,3611955.000
5659.000,2009/1/10,Waiting,3611955.000
5660.000,2009/1/12,Waiting,3611955.000
5661.000,2009/1/13,Waiting,3611955.000
5662.000,2009/1/14,Waiting,3611955.000
5663.000,2009/1/15,Waiting,3611955.000
5664.000,2009/1/16,Waiting,3611955.000
5665.000,2009/1/17,Waiting,3611955.000
5666.000,2009/1/19,Waiting,3611955.000
5667.000,2009/1/20,Waiting,3611955.000
5668.000,2009/1/21,Waiting,3611955.000
5669.000,2009/2/2,Waiting,3611955.000
5670.000,2009/2/3,Waiting,3611955.000
5671.000,2009/2/4,Waiting,3611955.000
5672.000,2009/2/5,Waiting,3611955.000
5673.000,2009/2/6,Waiting,3611955.000
5674.000,2009/2/9,Buy,3611955.000
5675.000,2009/2/10,Holding,3653780.250
5676.000,2009/2/11,Holding,3751373.250
5677.000,2009/2/12,Holding,3584071.250
5678.000,2009/2/13,Holding,3804351.750
5679.000,2009/2/16,Holding,3812717.000
5680.000,2009/2/17,Holding,3698394.250
5681.000,2009/2/18,Holding,3645415.000
5682.000,2009/2/19,Holding,3734642.750
5683.000,2009/2/20,Holding,3522727.000
5684.000,2009/2/23,Holding,3645415.000
5685.000,2009/2/24,Holding,3592436.000
5686.000,2009/2/25,Holding,3611955.000
5687.000,2009/2/26,Holding,3637049.750
5688.000,2009/2/27,Holding,3611955.000
5689.000,2009/3/2,Holding,3400039.000
5690.000,2009/3/3,Sell,3453018.000
5691.000,2009/3/4,Waiting,3453018.000
5692.000,2009/3/5,Waiting,3453018.000
5693.000,2009/3/6,Buy,3453018.000
5694.000,2009/3/9,Holding,3445178.000
5695.000,2009/3/10,Holding,3437338.000
5696.000,2009/3/11,Holding,3486990.250
5697.000,2009/3/12,Holding,3437338.000
5698.000,2009/3/13,Holding,3568001.750
5699.000,2009/3/16,Holding,3750931.000
5700.000,2009/3/17,Holding,3732638.250
5701.000,2009/3/18,Holding,3667306.500
5702.000,2009/3/19,Holding,3617654.000
5703.000,2009/3/20,Holding,3544482.250
5704.000,2009/3/23,Holding,3701278.750
5705.000,2009/3/24,Holding,3897274.250
5706.000,2009/3/25,Holding,3915567.000
5707.000,2009/3/26,Holding,3808423.000
5708.000,2009/3/27,Holding,3750931.000
5709.000,2009/3/30,Holding,3544482.250
5710.000,2009/3/31,Holding,3609814.000
5711.000,2009/4/1,Holding,3850235.250
5712.000,2009/4/2,Holding,3988739.000
5713.000,2009/4/3,Holding,4122016.000
5714.000,2009/4/6,Holding,4145535.500
5715.000,2009/4/7,Holding,4064523.500
5716.000,2009/4/8,Holding,3965219.500
5717.000,2009/4/9,Holding,4294492.000
5718.000,2009/4/10,Holding,4600245.000
5719.000,2009/4/13,Holding,4673416.500
5720.000,2009/4/14,Holding,4707389.000
5721.000,2009/4/15,Holding,4689096.500
5722.000,2009/4/16,Holding,4856346.000
5723.000,2009/4/17,Holding,4451288.500
5724.000,2009/4/20,Holding,4318011.500
5725.000,2009/4/21,Holding,4532300.000
5726.000,2009/4/22,Holding,4608084.500
5727.000,2009/4/23,Holding,4516620.500
5728.000,2009/4/24,Holding,4401636.000
5729.000,2009/4/27,Holding,4244839.500
5730.000,2009/4/28,Holding,3931247.000
5731.000,2009/4/29,Holding,3873754.750
5732.000,2009/4/30,Holding,4210867.500
5733.000,2009/5/4,Holding,4574112.000
5734.000,2009/5/5,Sell,4937357.000
5735.000,2009/5/6,Waiting,4937357.000
5736.000,2009/5/7,Waiting,4937357.000
5737.000,2009/5/8,Waiting,4937357.000
5738.000,2009/5/11,Waiting,4937357.000
5739.000,2009/5/12,Waiting,4937357.000
5740.000,2009/5/13,Waiting,4937357.000
5741.000,2009/5/14,Waiting,4937357.000
5742.000,2009/5/15,Waiting,4937357.000
5743.000,2009/5/18,Waiting,4937357.000
5744.000,2009/5/19,Buy,4937357.000
5745.000,2009/5/20,Holding,4863812.000
5746.000,2009/5/21,Holding,4937357.000
5747.000,2009/5/22,Holding,4872298.000
5748.000,2009/5/25,Holding,4926042.500
5749.000,2009/5/26,Holding,4838354.000
5750.000,2009/5/27,Holding,5070304.000
5751.000,2009/6/1,Holding,5157992.500
5752.000,2009/6/2,Holding,5070304.000
5753.000,2009/6/3,Holding,4818553.000
5754.000,2009/6/4,Holding,4713893.000
5755.000,2009/6/5,Holding,4660148.500
5756.000,2009/6/6,Sell,4739351.000
5757.000,2009/6/8,Waiting,4739351.000
5758.000,2009/6/9,Waiting,4739351.000
5759.000,2009/6/10,Waiting,4739351.000
5760.000,2009/6/11,Waiting,4739351.000
5761.000,2009/6/12,Waiting,4739351.000
5762.000,2009/6/15,Waiting,4739351.000
5763.000,2009/6/16,Waiting,4739351.000
5764.000,2009/6/17,Waiting,4739351.000
5765.000,2009/6/18,Waiting,4739351.000
5766.000,2009/6/19,Waiting,4739351.000
5767.000,2009/6/22,Waiting,4739351.000
5768.000,2009/6/23,Waiting,4739351.000
5769.000,2009/6/24,Waiting,4739351.000
5770.000,2009/6/25,Waiting,4739351.000
5771.000,2009/6/26,Waiting,4739351.000
5772.000,2009/6/29,Waiting,4739351.000
5773.000,2009/6/30,Waiting,4739351.000
5774.000,2009/7/1,Waiting,4739351.000
5775.000,2009/7/2,Waiting,4739351.000
5776.000,2009/7/3,Waiting,4739351.000
5777.000,2009/7/6,Waiting,4739351.000
5778.000,2009/7/7,Waiting,4739351.000
5779.000,2009/7/8,Waiting,4739351.000
5780.000,2009/7/9,Waiting,4739351.000
5781.000,2009/7/10,Waiting,4739351.000
5782.000,2009/7/13,Waiting,4739351.000
5783.000,2009/7/14,Waiting,4739351.000
5784.000,2009/7/15,Waiting,4739351.000
5785.000,2009/7/16,Waiting,4739351.000
5786.000,2009/7/17,Waiting,4739351.000
5787.000,2009/7/20,Waiting,4739351.000
5788.000,2009/7/21,Waiting,4739351.000
5789.000,2009/7/22,Waiting,4739351.000
5790.000,2009/7/23,Waiting,4739351.000
5791.000,2009/7/24,Buy,4739351.000
5792.000,2009/7/27,Holding,4781708.000
5793.000,2009/7/28,Holding,4805533.500
5794.000,2009/7/29,Holding,4755234.500
5795.000,2009/7/30,Holding,4813475.000
5796.000,2009/7/31,Holding,4805533.500
5797.000,2009/8/3,Holding,4813475.000
5798.000,2009/8/4,Holding,4980255.500
5799.000,2009/8/5,Holding,5139094.000
5800.000,2009/8/6,Holding,5215865.500
5801.000,2009/8/10,Holding,5398529.500
5802.000,2009/8/11,Holding,5332347.000
5803.000,2009/8/12,Holding,5197334.000
5804.000,2009/8/13,Holding,5181450.500
5805.000,2009/8/14,Holding,5382645.500
5806.000,2009/8/17,Holding,5229102.000
5807.000,2009/8/18,Holding,5125857.000
5808.000,2009/8/19,Holding,4996139.000
5809.000,2009/8/20,Holding,4988197.500
5810.000,2009/8/21,Holding,4728761.500
5811.000,2009/8/24,Holding,4988197.500
5812.000,2009/8/25,Holding,5004081.500
5813.000,2009/8/26,Holding,4900836.500
5814.000,2009/8/27,Holding,4908778.000
5815.000,2009/8/28,Holding,5038496.000
5816.000,2009/8/31,Holding,5178803.000
5817.000,2009/9/1,Holding,5186745.500
5818.000,2009/9/2,Holding,5144388.000
5819.000,2009/9/3,Holding,5144388.000
5820.000,2009/9/4,Holding,5125857.000
5821.000,2009/9/7,Holding,5194687.000
5822.000,2009/9/8,Holding,5160272.000
5823.000,2009/9/9,Holding,5289990.000
5824.000,2009/9/10,Holding,5438239.000
5825.000,2009/9/11,Holding,5350878.000
5826.000,2009/9/14,Holding,5221160.000
5827.000,2009/9/15,Holding,5289990.000
5828.000,2009/9/16,Holding,5229102.000
5829.000,2009/9/17,Holding,5229102.000
5830.000,2009/9/18,Holding,5316463.000
5831.000,2009/9/21,Holding,5316463.000
5832.000,2009/9/22,Holding,5316463.000
5833.000,2009/9/23,Holding,5221160.000
5834.000,2009/9/24,Holding,5229102.000
5835.000,2009/9/25,Holding,5144388.000
5836.000,2009/9/28,Holding,5091442.000
5837.000,2009/9/29,Holding,5178803.000
5838.000,2009/9/30,Holding,5247633.000
5839.000,2009/10/1,Holding,5438239.000
5840.000,2009/10/2,Holding,5403824.000
5841.000,2009/10/5,Holding,5300579.000
5842.000,2009/10/6,Holding,5334994.000
5843.000,2009/10/7,Holding,5488537.500
5844.000,2009/10/8,Holding,5334994.000
5845.000,2009/10/9,Holding,5438239.000
5846.000,2009/10/12,Holding,5438239.000
5847.000,2009/10/13,Holding,5300579.000
5848.000,2009/10/14,Holding,5342935.500
5849.000,2009/10/15,Holding,5350878.000
5850.000,2009/10/16,Holding,5377351.000
5851.000,2009/10/19,Holding,5438239.000
5852.000,2009/10/20,Holding,5533542.000
5853.000,2009/10/21,Holding,5515011.000
5854.000,2009/10/22,Holding,5316463.000
5855.000,2009/10/23,Holding,5316463.000
5856.000,2009/10/26,Holding,5369409.000
5857.000,2009/10/27,Holding,5213218.000
5858.000,2009/10/28,Sell,5057027.000
5859.000,2009/10/29,Waiting,5057027.000
5860.000,2009/10/30,Waiting,5057027.000
5861.000,2009/11/2,Waiting,5057027.000
5862.000,2009/11/3,Waiting,5057027.000
5863.000,2009/11/4,Waiting,5057027.000
5864.000,2009/11/5,Waiting,5057027.000
5865.000,2009/11/6,Waiting,5057027.000
5866.000,2009/11/9,Waiting,5057027.000
5867.000,2009/11/10,Waiting,5057027.000
5868.000,2009/11/11,Waiting,5057027.000
5869.000,2009/11/12,Waiting,5057027.000
5870.000,2009/11/13,Waiting,5057027.000
5871.000,2009/11/16,Waiting,5057027.000
5872.000,2009/11/17,Waiting,5057027.000
5873.000,2009/11/18,Waiting,5057027.000
5874.000,2009/11/19,Waiting,5057027.000
5875.000,2009/11/20,Waiting,5057027.000
5876.000,2009/11/23,Waiting,5057027.000
5877.000,2009/11/24,Waiting,5057027.000
5878.000,2009/11/25,Waiting,5057027.000
5879.000,2009/11/26,Waiting,5057027.000
5880.000,2009/11/27,Waiting,5057027.000
5881.000,2009/11/30,Waiting,5057027.000
5882.000,2009/12/1,Waiting,5057027.000
5883.000,2009/12/2,Waiting,5057027.000
5884.000,2009/12/3,Waiting,5057027.000
5885.000,2009/12/4,Waiting,5057027.000
5886.000,2009/12/7,Waiting,5057027.000
5887.000,2009/12/8,Waiting,5057027.000
5888.000,2009/12/9,Waiting,5057027.000
5889.000,2009/12/10,Waiting,5057027.000
5890.000,2009/12/11,Waiting,5057027.000
5891.000,2009/12/14,Waiting,5057027.000
5892.000,2009/12/15,Waiting,5057027.000
5893.000,2009/12/16,Waiting,5057027.000
5894.000,2009/12/17,Waiting,5057027.000
5895.000,2009/12/18,Waiting,5057027.000
5896.000,2009/12/21,Waiting,5057027.000
5897.000,2009/12/22,Waiting,5057027.000
5898.000,2009/12/23,Waiting,5057027.000
5899.000,2009/12/24,Waiting,5057027.000
5900.000,2009/12/25,Waiting,5057027.000
5901.000,2009/12/28,Waiting,5057027.000
5902.000,2009/12/29,Waiting,5057027.000
5903.000,2009/12/30,Waiting,5057027.000
5904.000,2009/12/31,Waiting,5057027.000
5905.000,2010/1/4,Waiting,5057027.000
5906.000,2010/1/5,Waiting,5057027.000
5907.000,2010/1/6,Waiting,5057027.000
5908.000,2010/1/7,Buy,5057027.000
5909.000,2010/1/8,Holding,5030964.000
5910.000,2010/1/11,Holding,4921499.500
5911.000,2010/1/12,Sell,4887618.000
5912.000,2010/1/13,Waiting,4887618.000
5913.000,2010/1/14,Waiting,4887618.000
5914.000,2010/1/15,Waiting,4887618.000
5915.000,2010/1/18,Waiting,4887618.000
5916.000,2010/1/19,Waiting,4887618.000
5917.000,2010/1/20,Waiting,4887618.000
5918.000,2010/1/21,Waiting,4887618.000
5919.000,2010/1/22,Waiting,4887618.000
5920.000,2010/1/25,Waiting,4887618.000
5921.000,2010/1/26,Waiting,4887618.000
5922.000,2010/1/27,Waiting,4887618.000
5923.000,2010/1/28,Waiting,4887618.000
5924.000,2010/1/29,Waiting,4887618.000
5925.000,2010/2/1,Waiting,4887618.000
5926.000,2010/2/2,Waiting,4887618.000
5927.000,2010/2/3,Waiting,4887618.000
5928.000,2010/2/4,Waiting,4887618.000
5929.000,2010/2/5,Waiting,4887618.000
5930.000,2010/2/6,Waiting,4887618.000
5931.000,2010/2/8,Waiting,4887618.000
5932.000,2010/2/9,Waiting,4887618.000
5933.000,2010/2/10,Waiting,4887618.000
5934.000,2010/2/22,Waiting,4887618.000
5935.000,2010/2/23,Waiting,4887618.000
5936.000,2010/2/24,Waiting,4887618.000
5937.000,2010/2/25,Waiting,4887618.000
5938.000,2010/2/26,Waiting,4887618.000
5939.000,2010/3/1,Waiting,4887618.000
5940.000,2010/3/2,Waiting,4887618.000
5941.000,2010/3/3,Waiting,4887618.000
5942.000,2010/3/4,Waiting,4887618.000
5943.000,2010/3/5,Waiting,4887618.000
5944.000,2010/3/8,Waiting,4887618.000
5945.000,2010/3/9,Waiting,4887618.000
5946.000,2010/3/10,Waiting,4887618.000
5947.000,2010/3/11,Waiting,4887618.000
5948.000,2010/3/12,Waiting,4887618.000
5949.000,2010/3/15,Waiting,4887618.000
5950.000,2010/3/16,Waiting,4887618.000
5951.000,2010/3/17,Waiting,4887618.000
5952.000,2010/3/18,Waiting,4887618.000
5953.000,2010/3/19,Waiting,4887618.000
5954.000,2010/3/22,Waiting,4887618.000
5955.000,2010/3/23,Waiting,4887618.000
5956.000,2010/3/24,Waiting,4887618.000
5957.000,2010/3/25,Waiting,4887618.000
5958.000,2010/3/26,Waiting,4887618.000
5959.000,2010/3/29,Waiting,4887618.000
5960.000,2010/3/30,Waiting,4887618.000
5961.000,2010/3/31,Waiting,4887618.000
5962.000,2010/4/1,Waiting,4887618.000
5963.000,2010/4/2,Waiting,4887618.000
5964.000,2010/4/6,Waiting,4887618.000
5965.000,2010/4/7,Waiting,4887618.000
5966.000,2010/4/8,Waiting,4887618.000
5967.000,2010/4/9,Waiting,4887618.000
5968.000,2010/4/12,Waiting,4887618.000
5969.000,2010/4/13,Waiting,4887618.000
5970.000,2010/4/14,Waiting,4887618.000
5971.000,2010/4/15,Waiting,4887618.000
5972.000,2010/4/16,Waiting,4887618.000
5973.000,2010/4/19,Waiting,4887618.000
5974.000,2010/4/20,Waiting,4887618.000
5975.000,2010/4/21,Waiting,4887618.000
5976.000,2010/4/22,Waiting,4887618.000
5977.000,2010/4/23,Waiting,4887618.000
5978.000,2010/4/26,Waiting,4887618.000
5979.000,2010/4/27,Waiting,4887618.000
5980.000,2010/4/28,Waiting,4887618.000
5981.000,2010/4/29,Waiting,4887618.000
5982.000,2010/4/30,Waiting,4887618.000
5983.000,2010/5/3,Waiting,4887618.000
5984.000,2010/5/4,Waiting,4887618.000
5985.000,2010/5/5,Waiting,4887618.000
5986.000,2010/5/6,Waiting,4887618.000
5987.000,2010/5/7,Waiting,4887618.000
5988.000,2010/5/10,Waiting,4887618.000
5989.000,2010/5/11,Waiting,4887618.000
5990.000,2010/5/12,Waiting,4887618.000
5991.000,2010/5/13,Waiting,4887618.000
5992.000,2010/5/14,Waiting,4887618.000
5993.000,2010/5/17,Waiting,4887618.000
5994.000,2010/5/18,Waiting,4887618.000
5995.000,2010/5/19,Waiting,4887618.000
5996.000,2010/5/20,Waiting,4887618.000
5997.000,2010/5/21,Waiting,4887618.000
5998.000,2010/5/24,Waiting,4887618.000
5999.000,2010/5/25,Waiting,4887618.000
6000.000,2010/5/26,Waiting,4887618.000
6001.000,2010/5/27,Waiting,4887618.000
6002.000,2010/5/28,Waiting,4887618.000
6003.000,2010/5/31,Waiting,4887618.000
6004.000,2010/6/1,Waiting,4887618.000
6005.000,2010/6/2,Waiting,4887618.000
6006.000,2010/6/3,Waiting,4887618.000
6007.000,2010/6/4,Waiting,4887618.000
6008.000,2010/6/7,Waiting,4887618.000
6009.000,2010/6/8,Waiting,4887618.000
6010.000,2010/6/9,Waiting,4887618.000
6011.000,2010/6/10,Waiting,4887618.000
6012.000,2010/6/11,Waiting,4887618.000
6013.000,2010/6/14,Waiting,4887618.000
6014.000,2010/6/15,Waiting,4887618.000
6015.000,2010/6/17,Waiting,4887618.000
6016.000,2010/6/18,Waiting,4887618.000
6017.000,2010/6/21,Waiting,4887618.000
6018.000,2010/6/22,Waiting,4887618.000
6019.000,2010/6/23,Waiting,4887618.000
6020.000,2010/6/24,Waiting,4887618.000
6021.000,2010/6/25,Waiting,4887618.000
6022.000,2010/6/28,Waiting,4887618.000
6023.000,2010/6/29,Waiting,4887618.000
6024.000,2010/6/30,Waiting,4887618.000
6025.000,2010/7/1,Waiting,4887618.000
6026.000,2010/7/2,Waiting,4887618.000
6027.000,2010/7/5,Waiting,4887618.000
6028.000,2010/7/6,Waiting,4887618.000
6029.000,2010/7/7,Waiting,4887618.000
6030.000,2010/7/8,Waiting,4887618.000
6031.000,2010/7/9,Waiting,4887618.000
6032.000,2010/7/12,Waiting,4887618.000
6033.000,2010/7/13,Waiting,4887618.000
6034.000,2010/7/14,Waiting,4887618.000
6035.000,2010/7/15,Waiting,4887618.000
6036.000,2010/7/16,Waiting,4887618.000
6037.000,2010/7/19,Waiting,4887618.000
6038.000,2010/7/20,Waiting,4887618.000
6039.000,2010/7/21,Waiting,4887618.000
6040.000,2010/7/22,Waiting,4887618.000
6041.000,2010/7/23,Waiting,4887618.000
6042.000,2010/7/26,Waiting,4887618.000
6043.000,2010/7/27,Waiting,4887618.000
6044.000,2010/7/28,Waiting,4887618.000
6045.000,2010/7/29,Waiting,4887618.000
6046.000,2010/7/30,Waiting,4887618.000
6047.000,2010/8/2,Waiting,4887618.000
6048.000,2010/8/3,Waiting,4887618.000
6049.000,2010/8/4,Waiting,4887618.000
6050.000,2010/8/5,Waiting,4887618.000
6051.000,2010/8/6,Waiting,4887618.000
6052.000,2010/8/9,Waiting,4887618.000
6053.000,2010/8/10,Waiting,4887618.000
6054.000,2010/8/11,Waiting,4887618.000
6055.000,2010/8/12,Waiting,4887618.000
6056.000,2010/8/13,Waiting,4887618.000
6057.000,2010/8/16,Waiting,4887618.000
6058.000,2010/8/17,Waiting,4887618.000
6059.000,2010/8/18,Waiting,4887618.000
6060.000,2010/8/19,Waiting,4887618.000
6061.000,2010/8/20,Waiting,4887618.000
6062.000,2010/8/23,Waiting,4887618.000
6063.000,2010/8/24,Buy,4887618.000
6064.000,2010/8/25,Holding,4749715.000
6065.000,2010/8/26,Holding,4769415.500
6066.000,2010/8/27,Holding,4828516.500
6067.000,2010/8/30,Holding,4797559.000
6068.000,2010/8/31,Holding,4777858.500
6069.000,2010/9/1,Holding,4887618.000
6070.000,2010/9/2,Holding,5073365.000
6071.000,2010/9/3,Holding,5239411.500
6072.000,2010/9/6,Holding,5239411.500
6073.000,2010/9/7,Holding,5140909.500
6074.000,2010/9/8,Holding,5112766.000
6075.000,2010/9/9,Holding,5132466.500
6076.000,2010/9/10,Holding,5278812.500
6077.000,2010/9/13,Holding,5436416.500
6078.000,2010/9/14,Holding,5475817.000
6079.000,2010/9/15,Holding,5456117.000
6080.000,2010/9/16,Holding,5444859.000
6081.000,2010/9/17,Holding,5397015.000
6082.000,2010/9/20,Holding,5554619.000
6083.000,2010/9/21,Holding,5534918.000
6084.000,2010/9/23,Holding,5357614.500
6085.000,2010/9/24,Holding,5337914.000
6086.000,2010/9/27,Holding,5543361.500
6087.000,2010/9/28,Holding,5661564.000
6088.000,2010/9/29,Holding,5503961.000
6089.000,2010/9/30,Holding,5554619.000
6090.000,2010/10/1,Holding,5563062.000
6091.000,2010/10/4,Holding,5534918.000
6092.000,2010/10/5,Holding,5523661.000
6093.000,2010/10/6,Holding,5681264.500
6094.000,2010/10/7,Holding,5847311.000
6095.000,2010/10/8,Holding,5740366.000
6096.000,2010/10/11,Holding,5633420.500
6097.000,2010/10/12,Holding,5563062.000
6098.000,2010/10/13,Holding,5574319.500
6099.000,2010/10/14,Holding,5709408.000
6100.000,2010/10/15,Holding,5622163.500
6101.000,2010/10/18,Holding,5534918.000
6102.000,2010/10/19,Holding,5397015.000
6103.000,2010/10/20,Holding,5377315.000
6104.000,2010/10/21,Holding,5475817.000
6105.000,2010/10/22,Holding,5534918.000
6106.000,2010/10/25,Holding,5523661.000
6107.000,2010/10/26,Holding,5574319.500
6108.000,2010/10/27,Holding,5484260.500
6109.000,2010/10/28,Holding,5425159.000
6110.000,2010/10/29,Holding,5397015.000
6111.000,2010/11/1,Holding,5475817.000
6112.000,2010/11/2,Holding,5563062.000
6113.000,2010/11/3,Holding,5692522.000
6114.000,2010/11/4,Holding,5692522.000
6115.000,2010/11/5,Holding,5653121.000
6116.000,2010/11/8,Holding,5729108.500
6117.000,2010/11/9,Holding,5692522.000
6118.000,2010/11/10,Holding,5709408.000
6119.000,2010/11/11,Holding,5633420.500
6120.000,2010/11/12,Holding,5515218.000
6121.000,2010/11/15,Holding,5329471.000
6122.000,2010/11/16,Sell,5357614.500
6123.000,2010/11/17,Waiting,5357614.500
6124.000,2010/11/18,Waiting,5357614.500
6125.000,2010/11/19,Waiting,5357614.500
6126.000,2010/11/22,Waiting,5357614.500
6127.000,2010/11/23,Waiting,5357614.500
6128.000,2010/11/24,Waiting,5357614.500
6129.000,2010/11/25,Waiting,5357614.500
6130.000,2010/11/26,Waiting,5357614.500
6131.000,2010/11/29,Waiting,5357614.500
6132.000,2010/11/30,Waiting,5357614.500
6133.000,2010/12/1,Waiting,5357614.500
6134.000,2010/12/2,Waiting,5357614.500
6135.000,2010/12/3,Waiting,5357614.500
6136.000,2010/12/6,Waiting,5357614.500
6137.000,2010/12/7,Waiting,5357614.500
6138.000,2010/12/8,Waiting,5357614.500
6139.000,2010/12/9,Buy,5357614.500
6140.000,2010/12/10,Holding,5357614.500
6141.000,2010/12/13,Holding,5327830.500
6142.000,2010/12/14,Holding,5270969.000
6143.000,2010/12/15,Holding,5327830.500
6144.000,2010/12/16,Holding,5270969.000
6145.000,2010/12/17,Holding,5327830.500
6146.000,2010/12/20,Holding,5260138.500
6147.000,2010/12/21,Holding,5289922.500
6148.000,2010/12/22,Holding,5289922.500
6149.000,2010/12/23,Holding,5406352.500
6150.000,2010/12/24,Holding,5281800.000
6151.000,2010/12/27,Holding,5214108.000
6152.000,2010/12/28,Sell,5184323.500
6153.000,2010/12/29,Waiting,5184323.500
6154.000,2010/12/30,Waiting,5184323.500
6155.000,2010/12/31,Waiting,5184323.500
6156.000,2011/1/3,Waiting,5184323.500
6157.000,2011/1/4,Buy,5184323.500
6158.000,2011/1/5,Holding,5044729.000
6159.000,2011/1/6,Sell,5044729.000
6160.000,2011/1/7,Waiting,5044729.000
6161.000,2011/1/10,Waiting,5044729.000
6162.000,2011/1/11,Waiting,5044729.000
6163.000,2011/1/12,Waiting,5044729.000
6164.000,2011/1/13,Waiting,5044729.000
6165.000,2011/1/14,Waiting,5044729.000
6166.000,2011/1/17,Waiting,5044729.000
6167.000,2011/1/18,Waiting,5044729.000
6168.000,2011/1/19,Waiting,5044729.000
6169.000,2011/1/20,Waiting,5044729.000
6170.000,2011/1/21,Waiting,5044729.000
6171.000,2011/1/24,Waiting,5044729.000
6172.000,2011/1/25,Waiting,5044729.000
6173.000,2011/1/26,Waiting,5044729.000
6174.000,2011/1/27,Waiting,5044729.000
6175.000,2011/1/28,Waiting,5044729.000
6176.000,2011/2/8,Waiting,5044729.000
6177.000,2011/2/9,Waiting,5044729.000
6178.000,2011/2/10,Waiting,5044729.000
6179.000,2011/2/11,Waiting,5044729.000
6180.000,2011/2/14,Waiting,5044729.000
6181.000,2011/2/15,Waiting,5044729.000
6182.000,2011/2/16,Waiting,5044729.000
6183.000,2011/2/17,Waiting,5044729.000
6184.000,2011/2/18,Waiting,5044729.000
6185.000,2011/2/21,Waiting,5044729.000
6186.000,2011/2/22,Waiting,5044729.000
6187.000,2011/2/23,Waiting,5044729.000
6188.000,2011/2/24,Waiting,5044729.000
6189.000,2011/2/25,Waiting,5044729.000
6190.000,2011/3/1,Waiting,5044729.000
6191.000,2011/3/2,Waiting,5044729.000
6192.000,2011/3/3,Waiting,5044729.000
6193.000,2011/3/4,Waiting,5044729.000
6194.000,2011/3/7,Waiting,5044729.000
6195.000,2011/3/8,Waiting,5044729.000
6196.000,2011/3/9,Waiting,5044729.000
6197.000,2011/3/10,Waiting,5044729.000
6198.000,2011/3/11,Waiting,5044729.000
6199.000,2011/3/14,Waiting,5044729.000
6200.000,2011/3/15,Waiting,5044729.000
6201.000,2011/3/16,Waiting,5044729.000
6202.000,2011/3/17,Waiting,5044729.000
6203.000,2011/3/18,Waiting,5044729.000
6204.000,2011/3/21,Waiting,5044729.000
6205.000,2011/3/22,Waiting,5044729.000
6206.000,2011/3/23,Waiting,5044729.000
6207.000,2011/3/24,Buy,5044729.000
6208.000,2011/3/25,Holding,5072879.500
6209.000,2011/3/28,Holding,5162450.000
6210.000,2011/3/29,Holding,5433720.500
6211.000,2011/3/30,Holding,5525850.500
6212.000,2011/3/31,Holding,5433720.500
6213.000,2011/4/1,Holding,5579592.500
6214.000,2011/4/6,Holding,5607743.500
6215.000,2011/4/7,Holding,5597507.000
6216.000,2011/4/8,Holding,5768970.500
6217.000,2011/4/11,Holding,5815035.000
6218.000,2011/4/12,Holding,5643571.500
6219.000,2011/4/13,Holding,5687077.000
6220.000,2011/4/14,Holding,5832949.500
6221.000,2011/4/15,Holding,5751056.000
6222.000,2011/4/18,Holding,5761293.000
6223.000,2011/4/19,Holding,5804798.500
6224.000,2011/4/20,Holding,6278243.000
6225.000,2011/4/21,Holding,6314071.000
6226.000,2011/4/22,Holding,6186113.000
6227.000,2011/4/25,Holding,6250092.000
6228.000,2011/4/26,Holding,6314071.000
6229.000,2011/4/27,Holding,6720977.000
6230.000,2011/4/28,Holding,6531599.000
6231.000,2011/4/29,Holding,6603255.500
6232.000,2011/5/3,Holding,6260329.000
6233.000,2011/5/4,Holding,6403641.500
6234.000,2011/5/5,Holding,6221941.000
6235.000,2011/5/6,Holding,6014649.500
6236.000,2011/5/9,Holding,6221941.000
6237.000,2011/5/10,Holding,6178435.000
6238.000,2011/5/11,Holding,6186113.000
6239.000,2011/5/12,Holding,6196350.000
6240.000,2011/5/13,Holding,6178435.000
6241.000,2011/5/16,Holding,6204027.000
6242.000,2011/5/17,Holding,6142607.000
6243.000,2011/5/18,Holding,6032563.500
6244.000,2011/5/19,Holding,5996735.500
6245.000,2011/5/20,Holding,6004413.000
6246.000,2011/5/23,Holding,5879014.000
6247.000,2011/5/24,Holding,5925079.000
6248.000,2011/5/25,Holding,6068392.000
6249.000,2011/5/26,Holding,6142607.000
6250.000,2011/5/27,Holding,6122134.000
6251.000,2011/5/30,Holding,6539276.500
6252.000,2011/5/31,Holding,6557191.000
6253.000,2011/6/1,Holding,6503448.500
6254.000,2011/6/2,Holding,6567427.500
6255.000,2011/6/3,Holding,6539276.500
6256.000,2011/6/7,Holding,6631406.000
6257.000,2011/6/8,Holding,6477857.000
6258.000,2011/6/9,Holding,6260329.000
6259.000,2011/6/10,Holding,6214264.000
6260.000,2011/6/13,Holding,6221941.000
6261.000,2011/6/14,Holding,6339662.500
6262.000,2011/6/15,Holding,6477857.000
6263.000,2011/6/16,Holding,6439469.500
6264.000,2011/6/17,Holding,6339662.500
6265.000,2011/6/20,Holding,6296157.000
6266.000,2011/6/21,Holding,6250092.000
6267.000,2011/6/22,Holding,6250092.000
6268.000,2011/6/23,Holding,6232178.000
6269.000,2011/6/24,Holding,6160521.000
6270.000,2011/6/27,Holding,6278243.000
6271.000,2011/6/28,Holding,6395964.000
6272.000,2011/6/29,Holding,6639084.000
6273.000,2011/6/30,Holding,6756805.000
6274.000,2011/7/1,Holding,7048549.000
6275.000,2011/7/4,Holding,7120205.000
6276.000,2011/7/5,Holding,7237926.000
6277.000,2011/7/6,Holding,7202098.000
6278.000,2011/7/7,Holding,7327497.000
6279.000,2011/7/8,Holding,7227690.500
6280.000,2011/7/11,Holding,7191861.000
6281.000,2011/7/12,Holding,6848935.000
6282.000,2011/7/13,Holding,7102291.000
6283.000,2011/7/14,Holding,7248163.000
6284.000,2011/7/15,Holding,7255840.000
6285.000,2011/7/18,Holding,7237926.000
6286.000,2011/7/19,Holding,7084377.000
6287.000,2011/7/20,Holding,7202098.000
6288.000,2011/7/21,Holding,7391476.000
6289.000,2011/7/22,Holding,7772790.000
6290.000,2011/7/25,Holding,7754876.000
6291.000,2011/7/26,Holding,7688338.500
6292.000,2011/7/27,Holding,7442660.000
6293.000,2011/7/28,Holding,7593650.000
6294.000,2011/7/29,Holding,7621800.000
6295.000,2011/8/1,Holding,7698575.500
6296.000,2011/8/2,Holding,7887952.500
6297.000,2011/8/3,Holding,7649951.000
6298.000,2011/8/4,Holding,7481046.500
6299.000,2011/8/5,Holding,7148356.000
6300.000,2011/8/8,Holding,6941064.500
6301.000,2011/8/9,Holding,7158592.500
6302.000,2011/8/10,Holding,7611564.000
6303.000,2011/8/11,Holding,7365884.000
6304.000,2011/8/12,Holding,7063904.000
6305.000,2011/8/15,Holding,7309583.000
6306.000,2011/8/16,Sell,7555262.000
6307.000,2011/8/17,Buy,7555262.000
6308.000,2011/8/18,Holding,7651213.500
6309.000,2011/8/19,Holding,7046977.000
6310.000,2011/8/22,Sell,6492012.500
6311.000,2011/8/23,Waiting,6492012.500
6312.000,2011/8/24,Waiting,6492012.500
6313.000,2011/8/25,Waiting,6492012.500
6314.000,2011/8/26,Waiting,6492012.500
6315.000,2011/8/29,Waiting,6492012.500
6316.000,2011/8/30,Waiting,6492012.500
6317.000,2011/8/31,Waiting,6492012.500
6318.000,2011/9/1,Waiting,6492012.500
6319.000,2011/9/2,Waiting,6492012.500
6320.000,2011/9/5,Waiting,6492012.500
6321.000,2011/9/6,Waiting,6492012.500
6322.000,2011/9/7,Waiting,6492012.500
6323.000,2011/9/8,Waiting,6492012.500
6324.000,2011/9/9,Waiting,6492012.500
6325.000,2011/9/13,Waiting,6492012.500
6326.000,2011/9/14,Waiting,6492012.500
6327.000,2011/9/15,Waiting,6492012.500
6328.000,2011/9/16,Waiting,6492012.500
6329.000,2011/9/19,Waiting,6492012.500
6330.000,2011/9/20,Waiting,6492012.500
6331.000,2011/9/21,Waiting,6492012.500
6332.000,2011/9/22,Waiting,6492012.500
6333.000,2011/9/23,Waiting,6492012.500
6334.000,2011/9/26,Waiting,6492012.500
6335.000,2011/9/27,Waiting,6492012.500
6336.000,2011/9/28,Waiting,6492012.500
6337.000,2011/9/29,Waiting,6492012.500
6338.000,2011/9/30,Waiting,6492012.500
6339.000,2011/10/3,Waiting,6492012.500
6340.000,2011/10/4,Waiting,6492012.500
6341.000,2011/10/5,Waiting,6492012.500
6342.000,2011/10/6,Waiting,6492012.500
6343.000,2011/10/7,Waiting,6492012.500
6344.000,2011/10/11,Waiting,6492012.500
6345.000,2011/10/12,Waiting,6492012.500
6346.000,2011/10/13,Waiting,6492012.500
6347.000,2011/10/14,Waiting,6492012.500
6348.000,2011/10/17,Waiting,6492012.500
6349.000,2011/10/18,Waiting,6492012.500
6350.000,2011/10/19,Waiting,6492012.500
6351.000,2011/10/20,Waiting,6492012.500
6352.000,2011/10/21,Waiting,6492012.500
6353.000,2011/10/24,Waiting,6492012.500
6354.000,2011/10/25,Waiting,6492012.500
6355.000,2011/10/26,Waiting,6492012.500
6356.000,2011/10/27,Waiting,6492012.500
6357.000,2011/10/28,Waiting,6492012.500
6358.000,2011/10/31,Waiting,6492012.500
6359.000,2011/11/1,Waiting,6492012.500
6360.000,2011/11/2,Waiting,6492012.500
6361.000,2011/11/3,Waiting,6492012.500
6362.000,2011/11/4,Waiting,6492012.500
6363.000,2011/11/7,Waiting,6492012.500
6364.000,2011/11/8,Waiting,6492012.500
6365.000,2011/11/9,Waiting,6492012.500
6366.000,2011/11/10,Waiting,6492012.500
6367.000,2011/11/11,Waiting,6492012.500
6368.000,2011/11/14,Waiting,6492012.500
6369.000,2011/11/15,Waiting,6492012.500
6370.000,2011/11/16,Waiting,6492012.500
6371.000,2011/11/17,Waiting,6492012.500
6372.000,2011/11/18,Waiting,6492012.500
6373.000,2011/11/21,Waiting,6492012.500
6374.000,2011/11/22,Waiting,6492012.500
6375.000,2011/11/23,Waiting,6492012.500
6376.000,2011/11/24,Waiting,6492012.500
6377.000,2011/11/25,Waiting,6492012.500
6378.000,2011/11/28,Waiting,6492012.500
6379.000,2011/11/29,Waiting,6492012.500
6380.000,2011/11/30,Waiting,6492012.500
6381.000,2011/12/1,Waiting,6492012.500
6382.000,2011/12/2,Waiting,6492012.500
6383.000,2011/12/5,Waiting,6492012.500
6384.000,2011/12/6,Waiting,6492012.500
6385.000,2011/12/7,Waiting,6492012.500
6386.000,2011/12/8,Waiting,6492012.500
6387.000,2011/12/9,Waiting,6492012.500
6388.000,2011/12/12,Waiting,6492012.500
6389.000,2011/12/13,Waiting,6492012.500
6390.000,2011/12/14,Waiting,6492012.500
6391.000,2011/12/15,Waiting,6492012.500
6392.000,2011/12/16,Waiting,6492012.500
6393.000,2011/12/19,Waiting,6492012.500
6394.000,2011/12/20,Waiting,6492012.500
6395.000,2011/12/21,Waiting,6492012.500
6396.000,2011/12/22,Waiting,6492012.500
6397.000,2011/12/23,Waiting,6492012.500
6398.000,2011/12/26,Waiting,6492012.500
6399.000,2011/12/27,Waiting,6492012.500
6400.000,2011/12/28,Waiting,6492012.500
6401.000,2011/12/29,Waiting,6492012.500
6402.000,2011/12/30,Waiting,6492012.500
6403.000,2012/1/2,Waiting,6492012.500
6404.000,2012/1/3,Waiting,6492012.500
6405.000,2012/1/4,Waiting,6492012.500
6406.000,2012/1/5,Waiting,6492012.500
6407.000,2012/1/6,Waiting,6492012.500
6408.000,2012/1/9,Waiting,6492012.500
6409.000,2012/1/10,Waiting,6492012.500
6410.000,2012/1/11,Waiting,6492012.500
6411.000,2012/1/12,Waiting,6492012.500
6412.000,2012/1/13,Waiting,6492012.500
6413.000,2012/1/16,Waiting,6492012.500
6414.000,2012/1/17,Waiting,6492012.500
6415.000,2012/1/18,Waiting,6492012.500
6416.000,2012/1/30,Waiting,6492012.500
6417.000,2012/1/31,Buy,6492012.500
6418.000,2012/2/1,Holding,6371085.000
6419.000,2012/2/2,Holding,6513999.500
6420.000,2012/2/3,Holding,6412310.000
6421.000,2012/2/4,Holding,6503005.500
6422.000,2012/2/6,Holding,6390323.000
6423.000,2012/2/7,Holding,6329859.500
6424.000,2012/2/8,Holding,6340852.500
6425.000,2012/2/9,Holding,6382078.500
6426.000,2012/2/10,Holding,6563470.000
6427.000,2012/2/13,Holding,6706384.500
6428.000,2012/2/14,Holding,6453535.500
6429.000,2012/2/15,Holding,6503005.500
6430.000,2012/2/16,Holding,6492012.500
6431.000,2012/2/17,Holding,6544231.500
6432.000,2012/2/20,Holding,6687145.500
6433.000,2012/2/21,Holding,6634927.000
6434.000,2012/2/22,Holding,6665158.500
6435.000,2012/2/23,Holding,6634927.000
6436.000,2012/2/24,Holding,6555224.500
6437.000,2012/2/29,Holding,6665158.500
6438.000,2012/3/1,Holding,6563470.000
6439.000,2012/3/2,Holding,6555224.500
6440.000,2012/3/3,Holding,6513999.500
6441.000,2012/3/5,Holding,6442542.000
6442.000,2012/3/6,Holding,6219925.500
6443.000,2012/3/7,Sell,6219925.500
6444.000,2012/3/8,Waiting,6219925.500
6445.000,2012/3/9,Waiting,6219925.500
6446.000,2012/3/12,Waiting,6219925.500
6447.000,2012/3/13,Waiting,6219925.500
6448.000,2012/3/14,Waiting,6219925.500
6449.000,2012/3/15,Waiting,6219925.500
6450.000,2012/3/16,Waiting,6219925.500
6451.000,2012/3/19,Waiting,6219925.500
6452.000,2012/3/20,Waiting,6219925.500
6453.000,2012/3/21,Waiting,6219925.500
6454.000,2012/3/22,Waiting,6219925.500
6455.000,2012/3/23,Waiting,6219925.500
6456.000,2012/3/26,Waiting,6219925.500
6457.000,2012/3/27,Waiting,6219925.500
6458.000,2012/3/28,Waiting,6219925.500
6459.000,2012/3/29,Waiting,6219925.500
6460.000,2012/3/30,Waiting,6219925.500
6461.000,2012/4/2,Waiting,6219925.500
6462.000,2012/4/3,Waiting,6219925.500
6463.000,2012/4/5,Waiting,6219925.500
6464.000,2012/4/6,Waiting,6219925.500
6465.000,2012/4/9,Waiting,6219925.500
6466.000,2012/4/10,Waiting,6219925.500
6467.000,2012/4/11,Waiting,6219925.500
6468.000,2012/4/12,Waiting,6219925.500
6469.000,2012/4/13,Waiting,6219925.500
6470.000,2012/4/16,Waiting,6219925.500
6471.000,2012/4/17,Waiting,6219925.500
6472.000,2012/4/18,Waiting,6219925.500
6473.000,2012/4/19,Waiting,6219925.500
6474.000,2012/4/20,Waiting,6219925.500
6475.000,2012/4/23,Waiting,6219925.500
6476.000,2012/4/24,Waiting,6219925.500
6477.000,2012/4/25,Waiting,6219925.500
6478.000,2012/4/26,Waiting,6219925.500
6479.000,2012/4/27,Waiting,6219925.500
6480.000,2012/4/30,Waiting,6219925.500
6481.000,2012/5/2,Waiting,6219925.500
6482.000,2012/5/3,Waiting,6219925.500
6483.000,2012/5/4,Waiting,6219925.500
6484.000,2012/5/7,Waiting,6219925.500
6485.000,2012/5/8,Waiting,6219925.500
6486.000,2012/5/9,Waiting,6219925.500
6487.000,2012/5/10,Waiting,6219925.500
6488.000,2012/5/11,Waiting,6219925.500
6489.000,2012/5/14,Waiting,6219925.500
6490.000,2012/5/15,Waiting,6219925.500
6491.000,2012/5/16,Waiting,6219925.500
6492.000,2012/5/17,Waiting,6219925.500
6493.000,2012/5/18,Waiting,6219925.500
6494.000,2012/5/21,Waiting,6219925.500
6495.000,2012/5/22,Waiting,6219925.500
6496.000,2012/5/23,Waiting,6219925.500
6497.000,2012/5/24,Waiting,6219925.500
6498.000,2012/5/25,Waiting,6219925.500
6499.000,2012/5/28,Waiting,6219925.500
6500.000,2012/5/29,Waiting,6219925.500
6501.000,2012/5/30,Waiting,6219925.500
6502.000,2012/5/31,Waiting,6219925.500
6503.000,2012/6/1,Waiting,6219925.500
6504.000,2012/6/4,Waiting,6219925.500
6505.000,2012/6/5,Waiting,6219925.500
6506.000,2012/6/6,Waiting,6219925.500
6507.000,2012/6/7,Waiting,6219925.500
6508.000,2012/6/8,Waiting,6219925.500
6509.000,2012/6/11,Waiting,6219925.500
6510.000,2012/6/12,Waiting,6219925.500
6511.000,2012/6/13,Waiting,6219925.500
6512.000,2012/6/14,Waiting,6219925.500
6513.000,2012/6/15,Waiting,6219925.500
6514.000,2012/6/18,Waiting,6219925.500
6515.000,2012/6/19,Buy,6219925.500
6516.000,2012/6/20,Holding,6250378.000
6517.000,2012/6/21,Holding,6159021.500
6518.000,2012/6/22,Holding,6075970.000
6519.000,2012/6/25,Holding,6006760.500
6520.000,2012/6/26,Sell,6087043.500
6521.000,2012/6/27,Waiting,6087043.500
6522.000,2012/6/28,Waiting,6087043.500
6523.000,2012/6/29,Waiting,6087043.500
6524.000,2012/7/2,Waiting,6087043.500
6525.000,2012/7/3,Waiting,6087043.500
6526.000,2012/7/4,Buy,6087043.500
6527.000,2012/7/5,Holding,6026108.500
6528.000,2012/7/6,Holding,6105589.000
6529.000,2012/7/9,Holding,6105589.000
6530.000,2012/7/10,Holding,6047303.000
6531.000,2012/7/11,Holding,6222161.000
6532.000,2012/7/12,Holding,6087043.500
6533.000,2012/7/13,Holding,6094992.000
6534.000,2012/7/16,Holding,6094992.000
6535.000,2012/7/17,Holding,6094992.000
6536.000,2012/7/18,Holding,6057900.500
6537.000,2012/7/19,Holding,6214213.000
6538.000,2012/7/20,Holding,6243356.000
6539.000,2012/7/23,Holding,6124134.500
6540.000,2012/7/24,Holding,6076446.000
6541.000,2012/7/25,Holding,5930731.000
6542.000,2012/7/26,Holding,5959874.000
6543.000,2012/7/27,Holding,6208914.000
6544.000,2012/7/30,Holding,6259252.000
6545.000,2012/7/31,Holding,6219511.500
6546.000,2012/8/1,Holding,6394369.500
6547.000,2012/8/3,Holding,6404967.000
6548.000,2012/8/6,Holding,6383772.500
6549.000,2012/8/7,Holding,6383772.500
6550.000,2012/8/8,Holding,6344031.500
6551.000,2012/8/9,Holding,6404967.000
6552.000,2012/8/10,Holding,6404967.000
6553.000,2012/8/13,Holding,6447357.000
6554.000,2012/8/14,Holding,6301642.000
6555.000,2012/8/15,Holding,6322836.500
6556.000,2012/8/16,Holding,6240706.500
6557.000,2012/8/17,Holding,6198317.000
6558.000,2012/8/20,Holding,6105589.000
6559.000,2012/8/21,Holding,6126784.000
6560.000,2012/8/22,Holding,6063199.000
6561.000,2012/8/23,Holding,6034056.000
6562.000,2012/8/24,Holding,6012861.000
6563.000,2012/8/27,Sell,6002264.000
6564.000,2012/8/28,Waiting,6002264.000
6565.000,2012/8/29,Waiting,6002264.000
6566.000,2012/8/30,Waiting,6002264.000
6567.000,2012/8/31,Waiting,6002264.000
6568.000,2012/9/3,Waiting,6002264.000
6569.000,2012/9/4,Waiting,6002264.000
6570.000,2012/9/5,Waiting,6002264.000
6571.000,2012/9/6,Waiting,6002264.000
6572.000,2012/9/7,Waiting,6002264.000
6573.000,2012/9/10,Waiting,6002264.000
6574.000,2012/9/11,Waiting,6002264.000
6575.000,2012/9/12,Waiting,6002264.000
6576.000,2012/9/13,Waiting,6002264.000
6577.000,2012/9/14,Buy,6002264.000
6578.000,2012/9/17,Holding,6002264.000
6579.000,2012/9/18,Holding,5850732.000
6580.000,2012/9/19,Holding,5860508.000
6581.000,2012/9/20,Holding,5726084.000
6582.000,2012/9/21,Holding,5850732.000
6583.000,2012/9/24,Holding,5926498.000
6584.000,2012/9/25,Holding,5870284.500
6585.000,2012/9/26,Holding,5831179.000
6586.000,2012/9/27,Holding,5880060.500
6587.000,2012/9/28,Holding,5926498.000
6588.000,2012/10/1,Holding,5860508.000
6589.000,2012/10/2,Holding,5821402.500
6590.000,2012/10/3,Holding,5792074.000
6591.000,2012/10/4,Holding,5906945.500
6592.000,2012/10/5,Holding,5926498.000
6593.000,2012/10/8,Holding,5926498.000
6594.000,2012/10/9,Holding,6002264.000
6595.000,2012/10/11,Holding,5860508.000
6596.000,2012/10/12,Holding,5755412.500
6597.000,2012/10/15,Holding,5906945.500
6598.000,2012/10/16,Holding,5992488.000
6599.000,2012/10/17,Holding,6041369.000
6600.000,2012/10/18,Holding,6021816.500
6601.000,2012/10/19,Holding,6175793.500
6602.000,2012/10/22,Holding,6212454.500
6603.000,2012/10/23,Holding,6175793.500
6604.000,2012/10/24,Holding,6185569.500
6605.000,2012/10/25,Holding,6241783.000
6606.000,2012/10/26,Holding,5955826.500
6607.000,2012/10/29,Holding,6051145.500
6608.000,2012/10/30,Holding,6136688.000
6609.000,2012/10/31,Holding,6146464.500
6610.000,2012/11/1,Holding,5985155.500
6611.000,2012/11/2,Holding,6126911.500
6612.000,2012/11/5,Holding,6271112.000
6613.000,2012/11/6,Holding,6317549.500
6614.000,2012/11/7,Holding,6346878.000
6615.000,2012/11/8,Holding,6251559.500
6616.000,2012/11/9,Holding,6185569.500
6617.000,2012/11/12,Holding,6185569.500
6618.000,2012/11/13,Holding,6051145.500
6619.000,2012/11/14,Holding,6021816.500
6620.000,2012/11/15,Holding,5936274.000
6621.000,2012/11/16,Holding,5946050.500
6622.000,2012/11/19,Holding,5985155.500
6623.000,2012/11/20,Holding,6021816.500
6624.000,2012/11/21,Holding,6021816.500
6625.000,2012/11/22,Holding,5897169.000
6626.000,2012/11/23,Sell,6021816.500
6627.000,2012/11/26,Waiting,6021816.500
6628.000,2012/11/27,Waiting,6021816.500
6629.000,2012/11/28,Waiting,6021816.500
6630.000,2012/11/29,Waiting,6021816.500
6631.000,2012/11/30,Waiting,6021816.500
6632.000,2012/12/3,Buy,6021816.500
6633.000,2012/12/4,Holding,5965017.000
6634.000,2012/12/5,Holding,6057316.000
6635.000,2012/12/6,Holding,6002883.500
6636.000,2012/12/7,Holding,6279780.000
6637.000,2012/12/10,Holding,6206414.500
6638.000,2012/12/11,Holding,6187481.500
6639.000,2012/12/12,Holding,6206414.500
6640.000,2012/12/13,Holding,6215881.000
6641.000,2012/12/14,Holding,6215881.000
6642.000,2012/12/17,Holding,6178014.500
6643.000,2012/12/18,Holding,6159081.500
6644.000,2012/12/19,Holding,6114115.500
6645.000,2012/12/20,Holding,6114115.500
6646.000,2012/12/21,Holding,5929517.500
6647.000,2012/12/22,Holding,5780419.000
6648.000,2012/12/24,Sell,5929517.500
6649.000,2012/12/25,Waiting,5929517.500
6650.000,2012/12/26,Waiting,5929517.500
6651.000,2012/12/27,Buy,5929517.500
6652.000,2012/12/28,Holding,5938656.500
6653.000,2013/1/2,Holding,5956934.000
6654.000,2013/1/3,Holding,5929517.500
6655.000,2013/1/4,Holding,5956934.000
6656.000,2013/1/7,Holding,5938656.500
6657.000,2013/1/8,Holding,5867830.500
6658.000,2013/1/9,Holding,5876969.500
6659.000,2013/1/10,Holding,6073454.000
6660.000,2013/1/11,Holding,6073454.000
6661.000,2013/1/14,Holding,6046037.500
6662.000,2013/1/15,Holding,5956934.000
6663.000,2013/1/16,Holding,5947795.000
6664.000,2013/1/17,Holding,5742171.500
6665.000,2013/1/18,Sell,5911240.000
6666.000,2013/1/21,Waiting,5911240.000
6667.000,2013/1/22,Waiting,5911240.000
6668.000,2013/1/23,Waiting,5911240.000
6669.000,2013/1/24,Waiting,5911240.000
6670.000,2013/1/25,Waiting,5911240.000
6671.000,2013/1/28,Waiting,5911240.000
6672.000,2013/1/29,Buy,5911240.000
6673.000,2013/1/30,Holding,5944768.000
6674.000,2013/1/31,Holding,5962649.500
6675.000,2013/2/1,Holding,5989472.000
6676.000,2013/2/4,Holding,6058763.000
6677.000,2013/2/5,Holding,5935827.500
6678.000,2013/2/6,Holding,5833008.000
6679.000,2013/2/18,Holding,5797244.500
6680.000,2013/2/19,Holding,5797244.500
6681.000,2013/2/20,Holding,5674309.000
6682.000,2013/2/21,Sell,5526785.500
6683.000,2013/2/22,Waiting,5526785.500
6684.000,2013/2/23,Waiting,5526785.500
6685.000,2013/2/25,Waiting,5526785.500
6686.000,2013/2/26,Waiting,5526785.500
6687.000,2013/2/27,Waiting,5526785.500
6688.000,2013/3/1,Waiting,5526785.500
6689.000,2013/3/4,Waiting,5526785.500
6690.000,2013/3/5,Waiting,5526785.500
6691.000,2013/3/6,Waiting,5526785.500
6692.000,2013/3/7,Waiting,5526785.500
6693.000,2013/3/8,Waiting,5526785.500
6694.000,2013/3/11,Waiting,5526785.500
6695.000,2013/3/12,Waiting,5526785.500
6696.000,2013/3/13,Waiting,5526785.500
6697.000,2013/3/14,Waiting,5526785.500
6698.000,2013/3/15,Waiting,5526785.500
6699.000,2013/3/18,Waiting,5526785.500
6700.000,2013/3/19,Waiting,5526785.500
6701.000,2013/3/20,Waiting,5526785.500
6702.000,2013/3/21,Waiting,5526785.500
6703.000,2013/3/22,Waiting,5526785.500
6704.000,2013/3/25,Waiting,5526785.500
6705.000,2013/3/26,Waiting,5526785.500
6706.000,2013/3/27,Waiting,5526785.500
6707.000,2013/3/28,Waiting,5526785.500
6708.000,2013/3/29,Waiting,5526785.500
6709.000,2013/4/1,Waiting,5526785.500
6710.000,2013/4/2,Waiting,5526785.500
6711.000,2013/4/3,Waiting,5526785.500
6712.000,2013/4/8,Waiting,5526785.500
6713.000,2013/4/9,Waiting,5526785.500
6714.000,2013/4/10,Waiting,5526785.500
6715.000,2013/4/11,Waiting,5526785.500
6716.000,2013/4/12,Waiting,5526785.500
6717.000,2013/4/15,Waiting,5526785.500
6718.000,2013/4/16,Waiting,5526785.500
6719.000,2013/4/17,Waiting,5526785.500
6720.000,2013/4/18,Waiting,5526785.500
6721.000,2013/4/19,Waiting,5526785.500
6722.000,2013/4/22,Waiting,5526785.500
6723.000,2013/4/23,Buy,5526785.500
6724.000,2013/4/24,Holding,5619563.000
6725.000,2013/4/25,Holding,5569938.000
6726.000,2013/4/26,Holding,5552677.000
6727.000,2013/4/29,Holding,5520312.500
6728.000,2013/4/30,Holding,5604460.000
6729.000,2013/5/2,Holding,5485790.500
6730.000,2013/5/3,Holding,5451269.000
6731.000,2013/5/6,Holding,5477160.500
6732.000,2013/5/7,Holding,5468530.000
6733.000,2013/5/8,Holding,5520312.500
6734.000,2013/5/9,Holding,5595829.000
6735.000,2013/5/10,Holding,5604460.000
6736.000,2013/5/13,Holding,5511682.500
6737.000,2013/5/14,Holding,5587199.000
6738.000,2013/5/15,Holding,5645454.000
6739.000,2013/5/16,Holding,5688606.500
6740.000,2013/5/17,Holding,5654085.000
6741.000,2013/5/20,Holding,5610932.500
6742.000,2013/5/21,Holding,5654085.000
6743.000,2013/5/22,Holding,5688606.500
6744.000,2013/5/23,Holding,5628193.500
6745.000,2013/5/24,Holding,5595829.000
6746.000,2013/5/27,Holding,5619563.000
6747.000,2013/5/28,Holding,5619563.000
6748.000,2013/5/29,Holding,5712340.500
6749.000,2013/5/30,Holding,5526785.500
6750.000,2013/5/31,Holding,5645454.000
6751.000,2013/6/3,Holding,5468530.000
6752.000,2013/6/4,Holding,5418904.500
6753.000,2013/6/5,Sell,5334758.000
6754.000,2013/6/6,Waiting,5334758.000
6755.000,2013/6/7,Waiting,5334758.000
6756.000,2013/6/10,Waiting,5334758.000
6757.000,2013/6/11,Waiting,5334758.000
6758.000,2013/6/13,Waiting,5334758.000
6759.000,2013/6/14,Waiting,5334758.000
6760.000,2013/6/17,Waiting,5334758.000
6761.000,2013/6/18,Waiting,5334758.000
6762.000,2013/6/19,Waiting,5334758.000
6763.000,2013/6/20,Waiting,5334758.000
6764.000,2013/6/21,Waiting,5334758.000
6765.000,2013/6/24,Waiting,5334758.000
6766.000,2013/6/25,Waiting,5334758.000
6767.000,2013/6/26,Waiting,5334758.000
6768.000,2013/6/27,Waiting,5334758.000
6769.000,2013/6/28,Waiting,5334758.000
6770.000,2013/7/1,Waiting,5334758.000
6771.000,2013/7/2,Waiting,5334758.000
6772.000,2013/7/3,Waiting,5334758.000
6773.000,2013/7/4,Waiting,5334758.000
6774.000,2013/7/5,Waiting,5334758.000
6775.000,2013/7/8,Waiting,5334758.000
6776.000,2013/7/9,Waiting,5334758.000
6777.000,2013/7/10,Waiting,5334758.000
6778.000,2013/7/11,Waiting,5334758.000
6779.000,2013/7/12,Waiting,5334758.000
6780.000,2013/7/15,Waiting,5334758.000
6781.000,2013/7/16,Waiting,5334758.000
6782.000,2013/7/17,Waiting,5334758.000
6783.000,2013/7/18,Waiting,5334758.000
6784.000,2013/7/19,Waiting,5334758.000
6785.000,2013/7/22,Waiting,5334758.000
6786.000,2013/7/23,Waiting,5334758.000
6787.000,2013/7/24,Waiting,5334758.000
6788.000,2013/7/25,Waiting,5334758.000
6789.000,2013/7/26,Waiting,5334758.000
6790.000,2013/7/29,Waiting,5334758.000
6791.000,2013/7/30,Waiting,5334758.000
6792.000,2013/7/31,Waiting,5334758.000
6793.000,2013/8/1,Waiting,5334758.000
6794.000,2013/8/2,Waiting,5334758.000
6795.000,2013/8/5,Waiting,5334758.000
6796.000,2013/8/6,Waiting,5334758.000
6797.000,2013/8/7,Waiting,5334758.000
6798.000,2013/8/8,Waiting,5334758.000
6799.000,2013/8/9,Waiting,5334758.000
6800.000,2013/8/12,Waiting,5334758.000
6801.000,2013/8/13,Buy,5334758.000
6802.000,2013/8/14,Holding,5285190.000
6803.000,2013/8/15,Holding,5301052.000
6804.000,2013/8/16,Holding,5342688.500
6805.000,2013/8/19,Holding,5318896.500
6806.000,2013/8/20,Holding,5237605.000
6807.000,2013/8/22,Holding,5350619.500
6808.000,2013/8/23,Holding,5308982.500
6809.000,2013/8/26,Holding,5342688.500
6810.000,2013/8/27,Holding,5195968.000
6811.000,2013/8/28,Holding,5261397.500
6812.000,2013/8/29,Holding,5318896.500
6813.000,2013/8/30,Holding,5431910.500
6814.000,2013/9/2,Holding,5423980.000
6815.000,2013/9/3,Holding,5382342.500
6816.000,2013/9/4,Holding,5431910.500
6817.000,2013/9/5,Holding,5463633.500
6818.000,2013/9/6,Holding,5473548.000
6819.000,2013/9/9,Holding,5473548.000
6820.000,2013/9/10,Holding,5513201.500
6821.000,2013/9/11,Holding,5513201.500
6822.000,2013/9/12,Holding,5628199.000
6823.000,2013/9/13,Holding,5546908.000
6824.000,2013/9/14,Holding,5416049.000
6825.000,2013/9/16,Holding,5701559.000
6826.000,2013/9/17,Holding,5644060.500
6827.000,2013/9/18,Holding,5620268.000
6828.000,2013/9/23,Holding,5822504.500
6829.000,2013/9/24,Holding,5757075.500
6830.000,2013/9/25,Holding,5790781.000
6831.000,2013/9/26,Holding,5790781.000
6832.000,2013/9/27,Holding,6002931.000
6833.000,2013/9/30,Holding,5969225.500
6834.000,2013/10/1,Holding,5790781.000
6835.000,2013/10/2,Holding,5887934.500
6836.000,2013/10/3,Holding,5937502.000
6837.000,2013/10/4,Holding,6002931.000
6838.000,2013/10/7,Holding,5961294.500
6839.000,2013/10/8,Holding,6100084.000
6840.000,2013/10/9,Holding,6034654.500
6841.000,2013/10/11,Holding,6002931.000
6842.000,2013/10/14,Holding,6034654.500
6843.000,2013/10/15,Holding,6147669.000
6844.000,2013/10/16,Holding,6139738.000
6845.000,2013/10/17,Holding,6157582.000
6846.000,2013/10/18,Holding,6108014.500
6847.000,2013/10/21,Holding,6034654.500
6848.000,2013/10/22,Holding,6034654.500
6849.000,2013/10/23,Holding,5985086.500
6850.000,2013/10/24,Holding,5969225.500
6851.000,2013/10/25,Holding,5856211.000
6852.000,2013/10/28,Holding,5945432.500
6853.000,2013/10/29,Holding,5919657.500
6854.000,2013/10/30,Holding,5961294.500
6855.000,2013/10/31,Holding,5961294.500
6856.000,2013/11/1,Holding,5903795.500
6857.000,2013/11/4,Holding,5765006.000
6858.000,2013/11/5,Holding,5675783.500
6859.000,2013/11/6,Sell,5644060.500
6860.000,2013/11/7,Waiting,5644060.500
6861.000,2013/11/8,Waiting,5644060.500
6862.000,2013/11/11,Waiting,5644060.500
6863.000,2013/11/12,Waiting,5644060.500
6864.000,2013/11/13,Waiting,5644060.500
6865.000,2013/11/14,Waiting,5644060.500
6866.000,2013/11/15,Waiting,5644060.500
6867.000,2013/11/18,Waiting,5644060.500
6868.000,2013/11/19,Waiting,5644060.500
6869.000,2013/11/20,Buy,5644060.500
6870.000,2013/11/21,Holding,5573723.000
6871.000,2013/11/22,Holding,5651665.000
6872.000,2013/11/25,Holding,5815152.000
6873.000,2013/11/26,Holding,5807548.500
6874.000,2013/11/27,Holding,6026165.000
6875.000,2013/11/28,Holding,6182048.500
6876.000,2013/11/29,Holding,6315120.000
6877.000,2013/12/2,Holding,6237178.500
6878.000,2013/12/3,Holding,6267594.500
6879.000,2013/12/4,Holding,6189653.000
6880.000,2013/12/5,Holding,6189653.000
6881.000,2013/12/6,Holding,5923510.000
6882.000,2013/12/9,Holding,5993848.000
6883.000,2013/12/10,Holding,6026165.000
6884.000,2013/12/11,Holding,6071790.000
6885.000,2013/12/12,Holding,6244782.500
6886.000,2013/12/13,Holding,6166841.000
6887.000,2013/12/16,Holding,6018561.000
6888.000,2013/12/17,Holding,5993848.000
6889.000,2013/12/18,Holding,6018561.000
6890.000,2013/12/19,Holding,6096503.500
6891.000,2013/12/20,Holding,6126919.500
6892.000,2013/12/23,Holding,6159236.500
6893.000,2013/12/24,Holding,6088899.000
6894.000,2013/12/25,Holding,6104107.000
6895.000,2013/12/26,Holding,6126919.500
6896.000,2013/12/27,Holding,6134523.000
6897.000,2013/12/30,Holding,6275199.000
6898.000,2013/12/31,Holding,6220069.000
6899.000,2014/1/2,Holding,6088899.000
6900.000,2014/1/3,Holding,5955827.500
6901.000,2014/1/6,Holding,5807548.500
6902.000,2014/1/7,Sell,5893093.500
6903.000,2014/1/8,Waiting,5893093.500
6904.000,2014/1/9,Waiting,5893093.500
6905.000,2014/1/10,Waiting,5893093.500
6906.000,2014/1/13,Waiting,5893093.500
6907.000,2014/1/14,Waiting,5893093.500
6908.000,2014/1/15,Waiting,5893093.500
6909.000,2014/1/16,Waiting,5893093.500
6910.000,2014/1/17,Waiting,5893093.500
6911.000,2014/1/20,Waiting,5893093.500
6912.000,2014/1/21,Waiting,5893093.500
6913.000,2014/1/22,Waiting,5893093.500
6914.000,2014/1/23,Waiting,5893093.500
6915.000,2014/1/24,Waiting,5893093.500
6916.000,2014/1/27,Waiting,5893093.500
6917.000,2014/2/5,Waiting,5893093.500
6918.000,2014/2/6,Waiting,5893093.500
6919.000,2014/2/7,Waiting,5893093.500
6920.000,2014/2/10,Waiting,5893093.500
6921.000,2014/2/11,Waiting,5893093.500
6922.000,2014/2/12,Waiting,5893093.500
6923.000,2014/2/13,Waiting,5893093.500
6924.000,2014/2/14,Waiting,5893093.500
6925.000,2014/2/17,Waiting,5893093.500
6926.000,2014/2/18,Buy,5893093.500
6927.000,2014/2/19,Holding,5854819.000
6928.000,2014/2/20,Holding,5863932.000
6929.000,2014/2/21,Holding,6027966.500
6930.000,2014/2/24,Holding,5982401.500
6931.000,2014/2/25,Holding,6155548.500
6932.000,2014/2/26,Holding,6117274.000
6933.000,2014/2/27,Holding,6230275.500
6934.000,2014/3/3,Holding,6131855.000
6935.000,2014/3/4,Holding,5960529.500
6936.000,2014/3/5,Holding,6124564.500
6937.000,2014/3/6,Holding,6057128.500
6938.000,2014/3/7,Holding,6035256.500
6939.000,2014/3/10,Holding,6109983.500
6940.000,2014/3/11,Holding,5967820.500
6941.000,2014/3/12,Holding,6073532.000
6942.000,2014/3/13,Holding,6049837.500
6943.000,2014/3/14,Holding,6035256.500
6944.000,2014/3/17,Holding,6095403.000
6945.000,2014/3/18,Holding,6035256.500
6946.000,2014/3/19,Holding,5989691.500
6947.000,2014/3/20,Holding,5989691.500
6948.000,2014/3/21,Holding,5878513.000
6949.000,2014/3/24,Holding,5885803.000
6950.000,2014/3/25,Holding,6124564.500
6951.000,2014/3/26,Holding,6102693.500
6952.000,2014/3/27,Holding,6035256.500
6953.000,2014/3/28,Holding,6064418.000
6954.000,2014/3/31,Holding,6035256.500
6955.000,2014/4/1,Holding,6155548.500
6956.000,2014/4/2,Holding,6042547.000
6957.000,2014/4/3,Holding,6064418.000
6958.000,2014/4/7,Holding,6080821.500
6959.000,2014/4/8,Holding,6020676.000
6960.000,2014/4/9,Holding,6155548.500
6961.000,2014/4/10,Holding,6408891.500
6962.000,2014/4/11,Holding,6408891.500
6963.000,2014/4/14,Holding,6230275.500
6964.000,2014/4/15,Holding,6266727.500
6965.000,2014/4/16,Holding,6244856.500
6966.000,2014/4/17,Holding,6252147.000
6967.000,2014/4/18,Holding,6334164.500
6968.000,2014/4/21,Holding,6348745.000
6969.000,2014/4/22,Holding,6297712.000
6970.000,2014/4/23,Holding,6266727.500
6971.000,2014/4/24,Holding,6206582.000
6972.000,2014/4/25,Holding,5960529.500
6973.000,2014/4/28,Sell,6124564.500
6974.000,2014/4/29,Waiting,6124564.500
6975.000,2014/4/30,Waiting,6124564.500
6976.000,2014/5/2,Waiting,6124564.500
6977.000,2014/5/5,Waiting,6124564.500
6978.000,2014/5/6,Waiting,6124564.500
6979.000,2014/5/7,Waiting,6124564.500
6980.000,2014/5/8,Waiting,6124564.500
6981.000,2014/5/9,Waiting,6124564.500
6982.000,2014/5/12,Waiting,6124564.500
6983.000,2014/5/13,Waiting,6124564.500
6984.000,2014/5/14,Waiting,6124564.500
6985.000,2014/5/15,Waiting,6124564.500
6986.000,2014/5/16,Waiting,6124564.500
6987.000,2014/5/19,Waiting,6124564.500
6988.000,2014/5/20,Waiting,6124564.500
6989.000,2014/5/21,Waiting,6124564.500
6990.000,2014/5/22,Waiting,6124564.500
6991.000,2014/5/23,Waiting,6124564.500
6992.000,2014/5/26,Waiting,6124564.500
6993.000,2014/5/27,Waiting,6124564.500
6994.000,2014/5/28,Waiting,6124564.500
6995.000,2014/5/29,Waiting,6124564.500
6996.000,2014/5/30,Waiting,6124564.500
6997.000,2014/6/3,Waiting,6124564.500
6998.000,2014/6/4,Waiting,6124564.500
6999.000,2014/6/5,Waiting,6124564.500
7000.000,2014/6/6,Waiting,6124564.500
7001.000,2014/6/9,Waiting,6124564.500
7002.000,2014/6/10,Waiting,6124564.500
7003.000,2014/6/11,Waiting,6124564.500
7004.000,2014/6/12,Waiting,6124564.500
7005.000,2014/6/13,Waiting,6124564.500
7006.000,2014/6/16,Waiting,6124564.500
7007.000,2014/6/17,Waiting,6124564.500
7008.000,2014/6/18,Waiting,6124564.500
7009.000,2014/6/19,Waiting,6124564.500
7010.000,2014/6/20,Waiting,6124564.500
7011.000,2014/6/23,Waiting,6124564.500
7012.000,2014/6/24,Waiting,6124564.500
7013.000,2014/6/25,Waiting,6124564.500
7014.000,2014/6/26,Waiting,6124564.500
7015.000,2014/6/27,Waiting,6124564.500
7016.000,2014/6/30,Waiting,6124564.500
7017.000,2014/7/1,Waiting,6124564.500
7018.000,2014/7/2,Waiting,6124564.500
7019.000,2014/7/3,Waiting,6124564.500
7020.000,2014/7/4,Waiting,6124564.500
7021.000,2014/7/7,Waiting,6124564.500
7022.000,2014/7/8,Waiting,6124564.500
7023.000,2014/7/9,Waiting,6124564.500
7024.000,2014/7/10,Waiting,6124564.500
7025.000,2014/7/11,Waiting,6124564.500
7026.000,2014/7/14,Waiting,6124564.500
7027.000,2014/7/15,Waiting,6124564.500
7028.000,2014/7/16,Waiting,6124564.500
7029.000,2014/7/17,Waiting,6124564.500
7030.000,2014/7/18,Waiting,6124564.500
7031.000,2014/7/21,Waiting,6124564.500
7032.000,2014/7/22,Buy,6124564.500
7033.000,2014/7/24,Holding,6124564.500
7034.000,2014/7/25,Holding,6124564.500
7035.000,2014/7/28,Holding,6132058.500
7036.000,2014/7/29,Holding,6368108.000
7037.000,2014/7/30,Holding,6399955.500
7038.000,2014/7/31,Holding,6261323.000
7039.000,2014/8/1,Holding,6197627.500
7040.000,2014/8/4,Holding,6375601.000
7041.000,2014/8/5,Holding,6173273.500
7042.000,2014/8/6,Holding,6156413.000
7043.000,2014/8/7,Holding,6221982.000
7044.000,2014/8/8,Holding,6253830.000
7045.000,2014/8/11,Holding,6270690.500
7046.000,2014/8/12,Holding,6285677.500
7047.000,2014/8/13,Holding,6368108.000
7048.000,2014/8/14,Holding,6441171.000
7049.000,2014/8/15,Holding,6441171.000
7050.000,2014/8/18,Holding,6383095.000
7051.000,2014/8/19,Holding,6497373.000
7052.000,2014/8/20,Holding,6609777.000
7053.000,2014/8/21,Holding,6690333.500
7054.000,2014/8/22,Holding,7023800.500
7055.000,2014/8/25,Holding,6821472.000
7056.000,2014/8/26,Holding,6836460.000
7057.000,2014/8/27,Holding,6821472.000
7058.000,2014/8/28,Holding,6804611.500
7059.000,2014/8/29,Holding,6690333.500
7060.000,2014/9/1,Holding,6853320.000
7061.000,2014/9/2,Holding,6626637.500
7062.000,2014/9/3,Holding,6731548.500
7063.000,2014/9/4,Holding,6755903.000
7064.000,2014/9/5,Holding,6658486.000
7065.000,2014/9/9,Holding,6714688.000
7066.000,2014/9/10,Holding,6626637.500
7067.000,2014/9/11,Holding,6634131.500
7068.000,2014/9/12,Holding,6463651.500
7069.000,2014/9/15,Holding,6570435.500
7070.000,2014/9/16,Holding,6497373.000
7071.000,2014/9/17,Holding,6658486.000
7072.000,2014/9/18,Holding,6561068.500
7073.000,2014/9/19,Holding,6602284.000
7074.000,2014/9/22,Holding,6416816.000
7075.000,2014/9/23,Holding,6358740.500
7076.000,2014/9/24,Sell,6561068.500
7077.000,2014/9/25,Waiting,6561068.500
7078.000,2014/9/26,Waiting,6561068.500
7079.000,2014/9/29,Waiting,6561068.500
7080.000,2014/9/30,Waiting,6561068.500
7081.000,2014/10/1,Waiting,6561068.500
7082.000,2014/10/2,Waiting,6561068.500
7083.000,2014/10/3,Waiting,6561068.500
7084.000,2014/10/6,Waiting,6561068.500
7085.000,2014/10/7,Waiting,6561068.500
7086.000,2014/10/8,Waiting,6561068.500
7087.000,2014/10/9,Waiting,6561068.500
7088.000,2014/10/13,Waiting,6561068.500
7089.000,2014/10/14,Waiting,6561068.500
7090.000,2014/10/15,Waiting,6561068.500
7091.000,2014/10/16,Waiting,6561068.500
7092.000,2014/10/17,Waiting,6561068.500
7093.000,2014/10/20,Waiting,6561068.500
7094.000,2014/10/21,Waiting,6561068.500
7095.000,2014/10/22,Waiting,6561068.500
7096.000,2014/10/23,Waiting,6561068.500
7097.000,2014/10/24,Waiting,6561068.500
7098.000,2014/10/27,Waiting,6561068.500
7099.000,2014/10/28,Waiting,6561068.500
7100.000,2014/10/29,Waiting,6561068.500
7101.000,2014/10/30,Waiting,6561068.500
7102.000,2014/10/31,Waiting,6561068.500
7103.000,2014/11/3,Waiting,6561068.500
7104.000,2014/11/4,Waiting,6561068.500
7105.000,2014/11/5,Waiting,6561068.500
7106.000,2014/11/6,Waiting,6561068.500
7107.000,2014/11/7,Waiting,6561068.500
7108.000,2014/11/10,Waiting,6561068.500
7109.000,2014/11/11,Waiting,6561068.500
7110.000,2014/11/12,Waiting,6561068.500
7111.000,2014/11/13,Waiting,6561068.500
7112.000,2014/11/14,Waiting,6561068.500
7113.000,2014/11/17,Waiting,6561068.500
7114.000,2014/11/18,Waiting,6561068.500
7115.000,2014/11/19,Waiting,6561068.500
7116.000,2014/11/20,Waiting,6561068.500
7117.000,2014/11/21,Waiting,6561068.500
7118.000,2014/11/24,Waiting,6561068.500
7119.000,2014/11/25,Waiting,6561068.500
7120.000,2014/11/26,Waiting,6561068.500
7121.000,2014/11/27,Waiting,6561068.500
7122.000,2014/11/28,Waiting,6561068.500
7123.000,2014/12/1,Waiting,6561068.500
7124.000,2014/12/2,Waiting,6561068.500
7125.000,2014/12/3,Waiting,6561068.500
7126.000,2014/12/4,Waiting,6561068.500
7127.000,2014/12/5,Waiting,6561068.500
7128.000,2014/12/8,Waiting,6561068.500
7129.000,2014/12/9,Waiting,6561068.500
7130.000,2014/12/10,Waiting,6561068.500
7131.000,2014/12/11,Waiting,6561068.500
7132.000,2014/12/12,Waiting,6561068.500
7133.000,2014/12/15,Waiting,6561068.500
7134.000,2014/12/16,Waiting,6561068.500
7135.000,2014/12/17,Waiting,6561068.500
7136.000,2014/12/18,Waiting,6561068.500
7137.000,2014/12/19,Waiting,6561068.500
7138.000,2014/12/22,Waiting,6561068.500
7139.000,2014/12/23,Waiting,6561068.500
7140.000,2014/12/24,Waiting,6561068.500
7141.000,2014/12/25,Waiting,6561068.500
7142.000,2014/12/26,Waiting,6561068.500
7143.000,2014/12/27,Waiting,6561068.500
7144.000,2014/12/29,Waiting,6561068.500
7145.000,2014/12/30,Waiting,6561068.500
7146.000,2014/12/31,Waiting,6561068.500
7147.000,2015/1/5,Waiting,6561068.500
7148.000,2015/1/6,Waiting,6561068.500
7149.000,2015/1/7,Waiting,6561068.500
7150.000,2015/1/8,Waiting,6561068.500
7151.000,2015/1/9,Waiting,6561068.500
7152.000,2015/1/12,Waiting,6561068.500
7153.000,2015/1/13,Waiting,6561068.500
7154.000,2015/1/14,Waiting,6561068.500
7155.000,2015/1/15,Waiting,6561068.500
7156.000,2015/1/16,Waiting,6561068.500
7157.000,2015/1/19,Waiting,6561068.500
7158.000,2015/1/20,Waiting,6561068.500
7159.000,2015/1/21,Waiting,6561068.500
7160.000,2015/1/22,Waiting,6561068.500
7161.000,2015/1/23,Waiting,6561068.500
7162.000,2015/1/26,Waiting,6561068.500
7163.000,2015/1/27,Waiting,6561068.500
7164.000,2015/1/28,Waiting,6561068.500
7165.000,2015/1/29,Waiting,6561068.500
7166.000,2015/1/30,Waiting,6561068.500
7167.000,2015/2/2,Waiting,6561068.500
7168.000,2015/2/3,Waiting,6561068.500
7169.000,2015/2/4,Waiting,6561068.500
7170.000,2015/2/5,Waiting,6561068.500
7171.000,2015/2/6,Waiting,6561068.500
7172.000,2015/2/9,Waiting,6561068.500
7173.000,2015/2/10,Waiting,6561068.500
7174.000,2015/2/11,Waiting,6561068.500
7175.000,2015/2/12,Waiting,6561068.500
7176.000,2015/2/13,Waiting,6561068.500
7177.000,2015/2/24,Waiting,6561068.500
7178.000,2015/2/25,Waiting,6561068.500
7179.000,2015/2/26,Waiting,6561068.500
7180.000,2015/3/2,Waiting,6561068.500
7181.000,2015/3/3,Waiting,6561068.500
7182.000,2015/3/4,Waiting,6561068.500
7183.000,2015/3/5,Waiting,6561068.500
7184.000,2015/3/6,Waiting,6561068.500
7185.000,2015/3/9,Waiting,6561068.500
7186.000,2015/3/10,Waiting,6561068.500
7187.000,2015/3/11,Waiting,6561068.500
7188.000,2015/3/12,Waiting,6561068.500
7189.000,2015/3/13,Waiting,6561068.500
7190.000,2015/3/16,Waiting,6561068.500
7191.000,2015/3/17,Waiting,6561068.500
7192.000,2015/3/18,Waiting,6561068.500
7193.000,2015/3/19,Waiting,6561068.500
7194.000,2015/3/20,Waiting,6561068.500
7195.000,2015/3/23,Waiting,6561068.500
7196.000,2015/3/24,Waiting,6561068.500
7197.000,2015/3/25,Waiting,6561068.500
7198.000,2015/3/26,Waiting,6561068.500
7199.000,2015/3/27,Waiting,6561068.500
7200.000,2015/3/30,Waiting,6561068.500
7201.000,2015/3/31,Waiting,6561068.500
7202.000,2015/4/1,Buy,6561068.500
7203.000,2015/4/2,Holding,6508840.500
7204.000,2015/4/7,Holding,6639411.000
7205.000,2015/4/8,Holding,6605262.000
7206.000,2015/4/9,Holding,6639411.000
7207.000,2015/4/10,Holding,6595218.500
7208.000,2015/4/13,Holding,6579147.500
7209.000,2015/4/14,Holding,6587183.000
7210.000,2015/4/15,Holding,6553033.000
7211.000,2015/4/16,Holding,6595218.500
7212.000,2015/4/17,Holding,6569104.000
7213.000,2015/4/20,Holding,6534954.000
7214.000,2015/4/21,Holding,6595218.500
7215.000,2015/4/22,Holding,6595218.500
7216.000,2015/4/23,Holding,6830246.000
7217.000,2015/4/24,Holding,6804131.500
7218.000,2015/4/27,Holding,6759938.500
7219.000,2015/4/28,Holding,6631376.500
7220.000,2015/4/29,Holding,6569104.000
7221.000,2015/4/30,Holding,6569104.000
7222.000,2015/5/4,Holding,6534954.000
7223.000,2015/5/5,Holding,6516875.000
7224.000,2015/5/6,Holding,6490761.500
7225.000,2015/5/7,Holding,6362199.000
7226.000,2015/5/8,Sell,6388313.000
7227.000,2015/5/11,Waiting,6388313.000
7228.000,2015/5/12,Waiting,6388313.000
7229.000,2015/5/13,Waiting,6388313.000
7230.000,2015/5/14,Waiting,6388313.000
7231.000,2015/5/15,Waiting,6388313.000
7232.000,2015/5/18,Waiting,6388313.000
7233.000,2015/5/19,Waiting,6388313.000
7234.000,2015/5/20,Waiting,6388313.000
7235.000,2015/5/21,Waiting,6388313.000
7236.000,2015/5/22,Waiting,6388313.000
7237.000,2015/5/25,Waiting,6388313.000
7238.000,2015/5/26,Waiting,6388313.000
7239.000,2015/5/27,Waiting,6388313.000
7240.000,2015/5/28,Waiting,6388313.000
7241.000,2015/5/29,Waiting,6388313.000
7242.000,2015/6/1,Waiting,6388313.000
7243.000,2015/6/2,Waiting,6388313.000
7244.000,2015/6/3,Waiting,6388313.000
7245.000,2015/6/4,Waiting,6388313.000
7246.000,2015/6/5,Waiting,6388313.000
7247.000,2015/6/8,Waiting,6388313.000
7248.000,2015/6/9,Waiting,6388313.000
7249.000,2015/6/10,Waiting,6388313.000
7250.000,2015/6/11,Waiting,6388313.000
7251.000,2015/6/12,Waiting,6388313.000
7252.000,2015/6/15,Waiting,6388313.000
7253.000,2015/6/16,Waiting,6388313.000
7254.000,2015/6/17,Waiting,6388313.000
7255.000,2015/6/18,Waiting,6388313.000
7256.000,2015/6/22,Waiting,6388313.000
7257.000,2015/6/23,Waiting,6388313.000
7258.000,2015/6/24,Waiting,6388313.000
7259.000,2015/6/25,Waiting,6388313.000
7260.000,2015/6/26,Waiting,6388313.000
7261.000,2015/6/29,Waiting,6388313.000
7262.000,2015/6/30,Waiting,6388313.000
7263.000,2015/7/1,Waiting,6388313.000
7264.000,2015/7/2,Waiting,6388313.000
7265.000,2015/7/3,Waiting,6388313.000
7266.000,2015/7/6,Waiting,6388313.000
7267.000,2015/7/7,Waiting,6388313.000
7268.000,2015/7/8,Waiting,6388313.000
7269.000,2015/7/9,Waiting,6388313.000
7270.000,2015/7/13,Waiting,6388313.000
7271.000,2015/7/14,Waiting,6388313.000
7272.000,2015/7/15,Waiting,6388313.000
7273.000,2015/7/16,Waiting,6388313.000
7274.000,2015/7/17,Waiting,6388313.000
7275.000,2015/7/20,Waiting,6388313.000
7276.000,2015/7/21,Waiting,6388313.000
7277.000,2015/7/22,Waiting,6388313.000
7278.000,2015/7/23,Waiting,6388313.000
7279.000,2015/7/24,Waiting,6388313.000
7280.000,2015/7/27,Waiting,6388313.000
7281.000,2015/7/28,Waiting,6388313.000
7282.000,2015/7/29,Waiting,6388313.000
7283.000,2015/7/30,Waiting,6388313.000
7284.000,2015/7/31,Waiting,6388313.000
7285.000,2015/8/3,Waiting,6388313.000
7286.000,2015/8/4,Waiting,6388313.000
7287.000,2015/8/5,Waiting,6388313.000
7288.000,2015/8/6,Waiting,6388313.000
7289.000,2015/8/7,Waiting,6388313.000
7290.000,2015/8/10,Waiting,6388313.000
7291.000,2015/8/11,Waiting,6388313.000
7292.000,2015/8/12,Waiting,6388313.000
7293.000,2015/8/13,Waiting,6388313.000
7294.000,2015/8/14,Waiting,6388313.000
7295.000,2015/8/17,Waiting,6388313.000
7296.000,2015/8/18,Waiting,6388313.000
7297.000,2015/8/19,Waiting,6388313.000
7298.000,2015/8/20,Waiting,6388313.000
7299.000,2015/8/21,Waiting,6388313.000
7300.000,2015/8/24,Waiting,6388313.000
7301.000,2015/8/25,Waiting,6388313.000
7302.000,2015/8/26,Waiting,6388313.000
7303.000,2015/8/27,Waiting,6388313.000
7304.000,2015/8/28,Waiting,6388313.000
7305.000,2015/8/31,Waiting,6388313.000
7306.000,2015/9/1,Waiting,6388313.000
7307.000,2015/9/2,Waiting,6388313.000
7308.000,2015/9/3,Waiting,6388313.000
7309.000,2015/9/4,Waiting,6388313.000
7310.000,2015/9/7,Waiting,6388313.000
7311.000,2015/9/8,Waiting,6388313.000
7312.000,2015/9/9,Waiting,6388313.000
7313.000,2015/9/10,Waiting,6388313.000
7314.000,2015/9/11,Waiting,6388313.000
7315.000,2015/9/14,Waiting,6388313.000
7316.000,2015/9/15,Waiting,6388313.000
7317.000,2015/9/16,Waiting,6388313.000
7318.000,2015/9/17,Waiting,6388313.000
7319.000,2015/9/18,Waiting,6388313.000
7320.000,2015/9/21,Waiting,6388313.000
7321.000,2015/9/22,Waiting,6388313.000
7322.000,2015/9/23,Waiting,6388313.000
7323.000,2015/9/24,Waiting,6388313.000
7324.000,2015/9/25,Waiting,6388313.000
7325.000,2015/9/30,Waiting,6388313.000
7326.000,2015/10/1,Waiting,6388313.000
7327.000,2015/10/2,Waiting,6388313.000
7328.000,2015/10/5,Waiting,6388313.000
7329.000,2015/10/6,Waiting,6388313.000
7330.000,2015/10/7,Waiting,6388313.000
7331.000,2015/10/8,Waiting,6388313.000
7332.000,2015/10/12,Waiting,6388313.000
7333.000,2015/10/13,Waiting,6388313.000
7334.000,2015/10/14,Waiting,6388313.000
7335.000,2015/10/15,Waiting,6388313.000
7336.000,2015/10/16,Waiting,6388313.000
7337.000,2015/10/19,Waiting,6388313.000
7338.000,2015/10/20,Waiting,6388313.000
7339.000,2015/10/21,Waiting,6388313.000
7340.000,2015/10/22,Waiting,6388313.000
7341.000,2015/10/23,Waiting,6388313.000
7342.000,2015/10/26,Waiting,6388313.000
7343.000,2015/10/27,Waiting,6388313.000
7344.000,2015/10/28,Waiting,6388313.000
7345.000,2015/10/29,Waiting,6388313.000
7346.000,2015/10/30,Waiting,6388313.000
7347.000,2015/11/2,Waiting,6388313.000
7348.000,2015/11/3,Waiting,6388313.000
7349.000,2015/11/4,Buy,6388313.000
7350.000,2015/11/5,Holding,6366741.500
7351.000,2015/11/6,Holding,6228682.000
7352.000,2015/11/9,Holding,6217896.000
7353.000,2015/11/10,Holding,6049637.000
7354.000,2015/11/11,Holding,5870592.000
7355.000,2015/11/12,Sell,5820977.000
7356.000,2015/11/13,Waiting,5820977.000
7357.000,2015/11/16,Waiting,5820977.000
7358.000,2015/11/17,Waiting,5820977.000
7359.000,2015/11/18,Waiting,5820977.000
7360.000,2015/11/19,Waiting,5820977.000
7361.000,2015/11/20,Waiting,5820977.000
7362.000,2015/11/23,Waiting,5820977.000
7363.000,2015/11/24,Waiting,5820977.000
7364.000,2015/11/25,Waiting,5820977.000
7365.000,2015/11/26,Waiting,5820977.000
7366.000,2015/11/27,Waiting,5820977.000
7367.000,2015/11/30,Waiting,5820977.000
7368.000,2015/12/1,Waiting,5820977.000
7369.000,2015/12/2,Waiting,5820977.000
7370.000,2015/12/3,Waiting,5820977.000
7371.000,2015/12/4,Waiting,5820977.000
7372.000,2015/12/7,Waiting,5820977.000
7373.000,2015/12/8,Waiting,5820977.000
7374.000,2015/12/9,Waiting,5820977.000
7375.000,2015/12/10,Waiting,5820977.000
7376.000,2015/12/11,Waiting,5820977.000
7377.000,2015/12/14,Waiting,5820977.000
7378.000,2015/12/15,Waiting,5820977.000
7379.000,2015/12/16,Waiting,5820977.000
7380.000,2015/12/17,Waiting,5820977.000
7381.000,2015/12/18,Waiting,5820977.000
7382.000,2015/12/21,Waiting,5820977.000
7383.000,2015/12/22,Waiting,5820977.000
7384.000,2015/12/23,Waiting,5820977.000
7385.000,2015/12/24,Waiting,5820977.000
7386.000,2015/12/25,Waiting,5820977.000
7387.000,2015/12/28,Waiting,5820977.000
7388.000,2015/12/29,Waiting,5820977.000
7389.000,2015/12/30,Waiting,5820977.000
7390.000,2015/12/31,Waiting,5820977.000
7391.000,2016/1/4,Waiting,5820977.000
7392.000,2016/1/5,Waiting,5820977.000
7393.000,2016/1/6,Waiting,5820977.000
7394.000,2016/1/7,Waiting,5820977.000
7395.000,2016/1/8,Waiting,5820977.000
7396.000,2016/1/11,Waiting,5820977.000
7397.000,2016/1/12,Waiting,5820977.000
7398.000,2016/1/13,Waiting,5820977.000
7399.000,2016/1/14,Waiting,5820977.000
7400.000,2016/1/15,Waiting,5820977.000
7401.000,2016/1/18,Waiting,5820977.000
7402.000,2016/1/19,Waiting,5820977.000
7403.000,2016/1/20,Waiting,5820977.000
7404.000,2016/1/21,Waiting,5820977.000
7405.000,2016/1/22,Waiting,5820977.000
7406.000,2016/1/25,Waiting,5820977.000
7407.000,2016/1/26,Waiting,5820977.000
7408.000,2016/1/27,Waiting,5820977.000
7409.000,2016/1/28,Waiting,5820977.000
7410.000,2016/1/29,Waiting,5820977.000
7411.000,2016/1/30,Waiting,5820977.000
7412.000,2016/2/1,Waiting,5820977.000
7413.000,2016/2/2,Waiting,5820977.000
7414.000,2016/2/3,Waiting,5820977.000
7415.000,2016/2/15,Waiting,5820977.000
7416.000,2016/2/16,Waiting,5820977.000
7417.000,2016/2/17,Waiting,5820977.000
7418.000,2016/2/18,Waiting,5820977.000
7419.000,2016/2/19,Waiting,5820977.000
7420.000,2016/2/22,Waiting,5820977.000
7421.000,2016/2/23,Waiting,5820977.000
7422.000,2016/2/24,Waiting,5820977.000
7423.000,2016/2/25,Waiting,5820977.000
7424.000,2016/2/26,Waiting,5820977.000
7425.000,2016/3/1,Waiting,5820977.000
7426.000,2016/3/2,Waiting,5820977.000
7427.000,2016/3/3,Waiting,5820977.000
7428.000,2016/3/4,Waiting,5820977.000
7429.000,2016/3/7,Waiting,5820977.000
7430.000,2016/3/8,Waiting,5820977.000
7431.000,2016/3/9,Waiting,5820977.000
7432.000,2016/3/10,Waiting,5820977.000
7433.000,2016/3/11,Waiting,5820977.000
7434.000,2016/3/14,Waiting,5820977.000
7435.000,2016/3/15,Waiting,5820977.000
7436.000,2016/3/16,Waiting,5820977.000
7437.000,2016/3/17,Waiting,5820977.000
7438.000,2016/3/18,Waiting,5820977.000
7439.000,2016/3/21,Waiting,5820977.000
7440.000,2016/3/22,Waiting,5820977.000
7441.000,2016/3/23,Waiting,5820977.000
7442.000,2016/3/24,Waiting,5820977.000
7443.000,2016/3/25,Waiting,5820977.000
7444.000,2016/3/28,Waiting,5820977.000
7445.000,2016/3/29,Waiting,5820977.000
7446.000,2016/3/30,Waiting,5820977.000
7447.000,2016/3/31,Waiting,5820977.000
7448.000,2016/4/1,Waiting,5820977.000
7449.000,2016/4/6,Waiting,5820977.000
7450.000,2016/4/7,Waiting,5820977.000
7451.000,2016/4/8,Waiting,5820977.000
7452.000,2016/4/11,Waiting,5820977.000
7453.000,2016/4/12,Waiting,5820977.000
7454.000,2016/4/13,Waiting,5820977.000
7455.000,2016/4/14,Buy,5820977.000
7456.000,2016/4/15,Holding,5935182.500
7457.000,2016/4/18,Holding,6018037.500
7458.000,2016/4/19,Holding,5923986.000
7459.000,2016/4/20,Holding,5789626.500
7460.000,2016/4/21,Holding,5923986.000
7461.000,2016/4/22,Holding,5841131.000
7462.000,2016/4/25,Holding,5863524.500
7463.000,2016/4/26,Holding,5812020.000
7464.000,2016/4/27,Holding,5820977.000
7465.000,2016/4/28,Holding,5872482.000
7466.000,2016/4/29,Holding,5800823.500
7467.000,2016/5/3,Holding,5749318.500
7468.000,2016/5/4,Holding,5408942.000
7469.000,2016/5/5,Holding,5366394.500
7470.000,2016/5/6,Holding,5346240.500
7471.000,2016/5/9,Holding,5200685.000
7472.000,2016/5/10,Sell,5243231.500
7473.000,2016/5/11,Waiting,5243231.500
7474.000,2016/5/12,Waiting,5243231.500
7475.000,2016/5/13,Waiting,5243231.500
7476.000,2016/5/16,Waiting,5243231.500
7477.000,2016/5/17,Waiting,5243231.500
7478.000,2016/5/18,Waiting,5243231.500
7479.000,2016/5/19,Waiting,5243231.500
7480.000,2016/5/20,Waiting,5243231.500
7481.000,2016/5/23,Waiting,5243231.500
7482.000,2016/5/24,Waiting,5243231.500
7483.000,2016/5/25,Waiting,5243231.500
7484.000,2016/5/26,Waiting,5243231.500
7485.000,2016/5/27,Waiting,5243231.500
7486.000,2016/5/30,Waiting,5243231.500
7487.000,2016/5/31,Waiting,5243231.500
7488.000,2016/6/1,Waiting,5243231.500
7489.000,2016/6/2,Waiting,5243231.500
7490.000,2016/6/3,Waiting,5243231.500
7491.000,2016/6/4,Waiting,5243231.500
7492.000,2016/6/6,Waiting,5243231.500
7493.000,2016/6/7,Waiting,5243231.500
7494.000,2016/6/8,Waiting,5243231.500
7495.000,2016/6/13,Waiting,5243231.500
7496.000,2016/6/14,Waiting,5243231.500
7497.000,2016/6/15,Waiting,5243231.500
7498.000,2016/6/16,Waiting,5243231.500
7499.000,2016/6/17,Waiting,5243231.500
7500.000,2016/6/20,Waiting,5243231.500
7501.000,2016/6/21,Waiting,5243231.500
7502.000,2016/6/22,Buy,5243231.500
7503.000,2016/6/23,Holding,5090403.500
7504.000,2016/6/24,Holding,5005728.500
7505.000,2016/6/27,Holding,5005728.500
7506.000,2016/6/28,Holding,5071816.000
7507.000,2016/6/29,Holding,5005728.500
7508.000,2016/6/30,Holding,5111056.000
7509.000,2016/7/1,Holding,5224644.500
7510.000,2016/7/4,Holding,5414647.000
7511.000,2016/7/5,Holding,5472473.500
7512.000,2016/7/6,Holding,5309319.000
7513.000,2016/7/7,Holding,5501387.000
7514.000,2016/7/11,Holding,5691390.000
7515.000,2016/7/12,Holding,5633562.500
7516.000,2016/7/13,Holding,5672802.500
7517.000,2016/7/14,Holding,5681063.000
7518.000,2016/7/15,Holding,5720303.000
7519.000,2016/7/18,Holding,5767804.000
7520.000,2016/7/19,Holding,5786391.000
7521.000,2016/7/20,Holding,5730629.000
7522.000,2016/7/21,Holding,5767804.000
7523.000,2016/7/22,Holding,5643888.500
7524.000,2016/7/25,Holding,5759542.500
7525.000,2016/7/26,Holding,5689324.000
7526.000,2016/7/27,Holding,5749216.500
7527.000,2016/7/28,Holding,5759542.500
7528.000,2016/7/29,Holding,5718237.500
7529.000,2016/8/1,Holding,5718237.500
7530.000,2016/8/2,Holding,5817369.000
7531.000,2016/8/3,Holding,5916501.500
7532.000,2016/8/4,Holding,5838022.000
7533.000,2016/8/5,Holding,5916501.500
7534.000,2016/8/8,Holding,5937153.500
7535.000,2016/8/9,Holding,5937153.500
7536.000,2016/8/10,Holding,5947480.000
7537.000,2016/8/11,Holding,5937153.500
7538.000,2016/8/12,Holding,5937153.500
7539.000,2016/8/15,Holding,5937153.500
7540.000,2016/8/16,Holding,5908240.500
7541.000,2016/8/17,Holding,5778130.000
7542.000,2016/8/18,Holding,5957806.000
7543.000,2016/8/19,Holding,6284115.000
7544.000,2016/8/22,Holding,6453465.000
7545.000,2016/8/23,Holding,6443138.500
7546.000,2016/8/24,Holding,6443138.500
7547.000,2016/8/25,Holding,6492704.000
7548.000,2016/8/26,Holding,6453465.000
7549.000,2016/8/29,Holding,6294441.000
7550.000,2016/8/30,Holding,6184983.000
7551.000,2016/8/31,Holding,6184983.000
7552.000,2016/9/1,Holding,5986720.000
7553.000,2016/9/2,Holding,6085851.500
7554.000,2016/9/5,Holding,6213896.500
7555.000,2016/9/6,Holding,6432812.500
7556.000,2016/9/7,Holding,6432812.500
7557.000,2016/9/8,Holding,6234548.500
7558.000,2016/9/9,Holding,6085851.500
7559.000,2016/9/10,Holding,6036285.500
7560.000,2016/9/12,Holding,5877261.500
7561.000,2016/9/13,Holding,5817369.000
7562.000,2016/9/14,Sell,5728564.500
7563.000,2016/9/19,Waiting,5728564.500
7564.000,2016/9/20,Waiting,5728564.500
7565.000,2016/9/21,Waiting,5728564.500
7566.000,2016/9/22,Waiting,5728564.500
7567.000,2016/9/23,Waiting,5728564.500
7568.000,2016/9/26,Waiting,5728564.500
7569.000,2016/9/29,Waiting,5728564.500
7570.000,2016/9/30,Buy,5728564.500
7571.000,2016/10/3,Holding,5748233.500
7572.000,2016/10/4,Holding,5785603.000
7573.000,2016/10/5,Holding,5870177.500
7574.000,2016/10/6,Holding,5909514.500
7575.000,2016/10/7,Holding,5917381.000
7576.000,2016/10/11,Holding,5805271.000
7577.000,2016/10/12,Holding,5805271.000
7578.000,2016/10/13,Holding,5606620.500
7579.000,2016/10/14,Sell,5767901.500
7580.000,2016/10/17,Waiting,5767901.500
7581.000,2016/10/18,Waiting,5767901.500
7582.000,2016/10/19,Waiting,5767901.500
7583.000,2016/10/20,Buy,5767901.500
7584.000,2016/10/21,Holding,5731587.000
7585.000,2016/10/24,Holding,5787014.000
7586.000,2016/10/25,Holding,5869200.000
7587.000,2016/10/26,Holding,5888313.500
7588.000,2016/10/27,Holding,5888313.500
7589.000,2016/10/28,Holding,5934184.000
7590.000,2016/10/31,Holding,5943741.000
7591.000,2016/11/1,Holding,5851998.500
7592.000,2016/11/2,Holding,5649401.500
7593.000,2016/11/3,Holding,5584417.000
7594.000,2016/11/4,Sell,5613086.000
7595.000,2016/11/7,Waiting,5613086.000
7596.000,2016/11/8,Waiting,5613086.000
7597.000,2016/11/9,Buy,5613086.000
7598.000,2016/11/10,Holding,5949055.000
7599.000,2016/11/11,Holding,5831371.500
7600.000,2016/11/14,Holding,5749751.500
7601.000,2016/11/15,Holding,5685215.000
7602.000,2016/11/16,Holding,5658641.500
7603.000,2016/11/17,Holding,5594105.000
7604.000,2016/11/18,Sell,5531466.500
7605.000,2016/11/21,Waiting,5531466.500
7606.000,2016/11/22,Waiting,5531466.500
7607.000,2016/11/23,Waiting,5531466.500
7608.000,2016/11/24,Waiting,5531466.500
7609.000,2016/11/25,Waiting,5531466.500
7610.000,2016/11/28,Waiting,5531466.500
7611.000,2016/11/29,Waiting,5531466.500
7612.000,2016/11/30,Waiting,5531466.500
7613.000,2016/12/1,Waiting,5531466.500
7614.000,2016/12/2,Waiting,5531466.500
7615.000,2016/12/5,Waiting,5531466.500
7616.000,2016/12/6,Waiting,5531466.500
7617.000,2016/12/7,Waiting,5531466.500
7618.000,2016/12/8,Waiting,5531466.500
7619.000,2016/12/9,Buy,5531466.500
7620.000,2016/12/12,Holding,5522500.000
7621.000,2016/12/13,Holding,5515327.000
7622.000,2016/12/14,Holding,5488426.000
7623.000,2016/12/15,Holding,5377237.000
7624.000,2016/12/16,Holding,5307295.000
7625.000,2016/12/19,Sell,5196106.000
7626.000,2016/12/20,Waiting,5196106.000
7627.000,2016/12/21,Waiting,5196106.000
7628.000,2016/12/22,Waiting,5196106.000
7629.000,2016/12/23,Waiting,5196106.000
7630.000,2016/12/26,Waiting,5196106.000
7631.000,2016/12/27,Waiting,5196106.000
7632.000,2016/12/28,Waiting,5196106.000
7633.000,2016/12/29,Waiting,5196106.000
7634.000,2016/12/30,Waiting,5196106.000
7635.000,2017/1/3,Waiting,5196106.000
7636.000,2017/1/4,Waiting,5196106.000
7637.000,2017/1/5,Waiting,5196106.000
7638.000,2017/1/6,Waiting,5196106.000
7639.000,2017/1/9,Waiting,5196106.000
7640.000,2017/1/10,Waiting,5196106.000
7641.000,2017/1/11,Waiting,5196106.000
7642.000,2017/1/12,Waiting,5196106.000
7643.000,2017/1/13,Waiting,5196106.000
7644.000,2017/1/16,Waiting,5196106.000
7645.000,2017/1/17,Waiting,5196106.000
7646.000,2017/1/18,Waiting,5196106.000
7647.000,2017/1/19,Waiting,5196106.000
7648.000,2017/1/20,Waiting,5196106.000
7649.000,2017/1/23,Waiting,5196106.000
7650.000,2017/1/24,Waiting,5196106.000
7651.000,2017/2/2,Waiting,5196106.000
7652.000,2017/2/3,Waiting,5196106.000
7653.000,2017/2/6,Waiting,5196106.000
7654.000,2017/2/7,Waiting,5196106.000
7655.000,2017/2/8,Waiting,5196106.000
7656.000,2017/2/9,Waiting,5196106.000
7657.000,2017/2/10,Waiting,5196106.000
7658.000,2017/2/13,Buy,5196106.000
7659.000,2017/2/14,Holding,5163825.500
7660.000,2017/2/15,Holding,5204600.500
7661.000,2017/2/16,Holding,5138341.500
7662.000,2017/2/17,Holding,5114556.000
7663.000,2017/2/18,Holding,5082275.500
7664.000,2017/2/20,Holding,4968445.500
7665.000,2017/2/21,Holding,5041500.500
7666.000,2017/2/22,Holding,5228386.000
7667.000,2017/2/23,Holding,5196106.000
7668.000,2017/2/24,Holding,5138341.500
7669.000,2017/3/1,Holding,5146836.000
7670.000,2017/3/2,Holding,5219891.500
7671.000,2017/3/3,Holding,5196106.000
7672.000,2017/3/6,Holding,5163825.500
7673.000,2017/3/7,Holding,5228386.000
7674.000,2017/3/8,Holding,5219891.500
7675.000,2017/3/9,Holding,5114556.000
7676.000,2017/3/10,Holding,5033005.500
7677.000,2017/3/13,Holding,5131545.500
7678.000,2017/3/14,Holding,5163825.500
7679.000,2017/3/15,Holding,5228386.000
7680.000,2017/3/16,Holding,5196106.000
7681.000,2017/3/17,Holding,5228386.000
7682.000,2017/3/20,Holding,5219891.500
7683.000,2017/3/21,Holding,5260666.000
7684.000,2017/3/22,Holding,5179116.000
7685.000,2017/3/23,Holding,5196106.000
7686.000,2017/3/24,Holding,5196106.000
7687.000,2017/3/27,Holding,5155330.500
7688.000,2017/3/28,Holding,5056791.500
7689.000,2017/3/29,Holding,5146836.000
7690.000,2017/3/30,Holding,5009220.000
7691.000,2017/3/31,Holding,4919175.500
7692.000,2017/4/5,Sell,5041500.500
7693.000,2017/4/6,Waiting,5041500.500
7694.000,2017/4/7,Waiting,5041500.500
7695.000,2017/4/10,Waiting,5041500.500
7696.000,2017/4/11,Waiting,5041500.500
7697.000,2017/4/12,Waiting,5041500.500
7698.000,2017/4/13,Waiting,5041500.500
7699.000,2017/4/14,Waiting,5041500.500
7700.000,2017/4/17,Waiting,5041500.500
7701.000,2017/4/18,Waiting,5041500.500
7702.000,2017/4/19,Waiting,5041500.500
7703.000,2017/4/20,Waiting,5041500.500
7704.000,2017/4/21,Waiting,5041500.500
7705.000,2017/4/24,Waiting,5041500.500
7706.000,2017/4/25,Waiting,5041500.500
7707.000,2017/4/26,Waiting,5041500.500
7708.000,2017/4/27,Waiting,5041500.500
7709.000,2017/4/28,Waiting,5041500.500
7710.000,2017/5/2,Waiting,5041500.500
7711.000,2017/5/3,Waiting,5041500.500
7712.000,2017/5/4,Waiting,5041500.500
7713.000,2017/5/5,Waiting,5041500.500
7714.000,2017/5/8,Waiting,5041500.500
7715.000,2017/5/9,Waiting,5041500.500
7716.000,2017/5/10,Waiting,5041500.500
7717.000,2017/5/11,Waiting,5041500.500
7718.000,2017/5/12,Waiting,5041500.500
7719.000,2017/5/15,Waiting,5041500.500
7720.000,2017/5/16,Waiting,5041500.500
7721.000,2017/5/17,Waiting,5041500.500
7722.000,2017/5/18,Waiting,5041500.500
7723.000,2017/5/19,Waiting,5041500.500
7724.000,2017/5/22,Waiting,5041500.500
7725.000,2017/5/23,Waiting,5041500.500
7726.000,2017/5/24,Waiting,5041500.500
7727.000,2017/5/25,Waiting,5041500.500
7728.000,2017/5/26,Waiting,5041500.500
7729.000,2017/5/31,Waiting,5041500.500
7730.000,2017/6/1,Waiting,5041500.500
7731.000,2017/6/2,Waiting,5041500.500
7732.000,2017/6/3,Waiting,5041500.500
7733.000,2017/6/5,Waiting,5041500.500
7734.000,2017/6/6,Waiting,5041500.500
7735.000,2017/6/7,Waiting,5041500.500
7736.000,2017/6/8,Waiting,5041500.500
7737.000,2017/6/9,Waiting,5041500.500
7738.000,2017/6/12,Waiting,5041500.500
7739.000,2017/6/13,Waiting,5041500.500
7740.000,2017/6/14,Waiting,5041500.500
7741.000,2017/6/15,Waiting,5041500.500
7742.000,2017/6/16,Waiting,5041500.500
7743.000,2017/6/19,Waiting,5041500.500
7744.000,2017/6/20,Waiting,5041500.500
7745.000,2017/6/21,Waiting,5041500.500
7746.000,2017/6/22,Waiting,5041500.500
7747.000,2017/6/23,Waiting,5041500.500
7748.000,2017/6/26,Waiting,5041500.500
7749.000,2017/6/27,Waiting,5041500.500
7750.000,2017/6/28,Waiting,5041500.500
7751.000,2017/6/29,Waiting,5041500.500
7752.000,2017/6/30,Waiting,5041500.500
7753.000,2017/7/3,Waiting,5041500.500
7754.000,2017/7/4,Waiting,5041500.500
7755.000,2017/7/5,Waiting,5041500.500
7756.000,2017/7/6,Waiting,5041500.500
7757.000,2017/7/7,Waiting,5041500.500
7758.000,2017/7/10,Waiting,5041500.500
7759.000,2017/7/11,Waiting,5041500.500
7760.000,2017/7/12,Waiting,5041500.500
7761.000,2017/7/13,Waiting,5041500.500
7762.000,2017/7/14,Waiting,5041500.500
7763.000,2017/7/17,Waiting,5041500.500
7764.000,2017/7/18,Waiting,5041500.500
7765.000,2017/7/19,Waiting,5041500.500
7766.000,2017/7/20,Waiting,5041500.500
7767.000,2017/7/21,Waiting,5041500.500
7768.000,2017/7/24,Waiting,5041500.500
7769.000,2017/7/25,Waiting,5041500.500
7770.000,2017/7/26,Waiting,5041500.500
7771.000,2017/7/27,Waiting,5041500.500
7772.000,2017/7/28,Waiting,5041500.500
7773.000,2017/7/31,Waiting,5041500.500
7774.000,2017/8/1,Waiting,5041500.500
7775.000,2017/8/2,Waiting,5041500.500
7776.000,2017/8/3,Waiting,5041500.500
7777.000,2017/8/4,Waiting,5041500.500
7778.000,2017/8/7,Waiting,5041500.500
7779.000,2017/8/8,Waiting,5041500.500
7780.000,2017/8/9,Waiting,5041500.500
7781.000,2017/8/10,Waiting,5041500.500
7782.000,2017/8/11,Waiting,5041500.500
7783.000,2017/8/14,Waiting,5041500.500
7784.000,2017/8/15,Waiting,5041500.500
7785.000,2017/8/16,Waiting,5041500.500
7786.000,2017/8/17,Waiting,5041500.500
7787.000,2017/8/18,Waiting,5041500.500
7788.000,2017/8/21,Waiting,5041500.500
7789.000,2017/8/22,Waiting,5041500.500
7790.000,2017/8/23,Waiting,5041500.500
7791.000,2017/8/24,Waiting,5041500.500
7792.000,2017/8/25,Waiting,5041500.500
7793.000,2017/8/28,Buy,5041500.500
7794.000,2017/8/29,Holding,5024140.000
7795.000,2017/8/30,Holding,5032820.500
7796.000,2017/8/31,Holding,5050180.500
7797.000,2017/9/1,Holding,5015460.000
7798.000,2017/9/4,Holding,4980738.500
7799.000,2017/9/5,Holding,4946017.000
7800.000,2017/9/6,Holding,4919976.000
7801.000,2017/9/7,Sell,4867894.000
7802.000,2017/9/8,Waiting,4867894.000
7803.000,2017/9/11,Waiting,4867894.000
7804.000,2017/9/12,Waiting,4867894.000
7805.000,2017/9/13,Waiting,4867894.000
7806.000,2017/9/14,Waiting,4867894.000
7807.000,2017/9/15,Waiting,4867894.000
7808.000,2017/9/18,Waiting,4867894.000
7809.000,2017/9/19,Waiting,4867894.000
7810.000,2017/9/20,Waiting,4867894.000
7811.000,2017/9/21,Waiting,4867894.000
7812.000,2017/9/22,Waiting,4867894.000
7813.000,2017/9/25,Waiting,4867894.000
7814.000,2017/9/26,Waiting,4867894.000
7815.000,2017/9/27,Waiting,4867894.000
7816.000,2017/9/28,Waiting,4867894.000
7817.000,2017/9/29,Waiting,4867894.000
7818.000,2017/9/30,Waiting,4867894.000
7819.000,2017/10/2,Waiting,4867894.000
7820.000,2017/10/3,Waiting,4867894.000
7821.000,2017/10/5,Waiting,4867894.000
7822.000,2017/10/6,Waiting,4867894.000
7823.000,2017/10/11,Waiting,4867894.000
7824.000,2017/10/12,Waiting,4867894.000
7825.000,2017/10/13,Waiting,4867894.000
7826.000,2017/10/16,Waiting,4867894.000
7827.000,2017/10/17,Waiting,4867894.000
7828.000,2017/10/18,Waiting,4867894.000
7829.000,2017/10/19,Waiting,4867894.000
7830.000,2017/10/20,Waiting,4867894.000
7831.000,2017/10/23,Waiting,4867894.000
7832.000,2017/10/24,Waiting,4867894.000
7833.000,2017/10/25,Waiting,4867894.000
7834.000,2017/10/26,Waiting,4867894.000
7835.000,2017/10/27,Waiting,4867894.000
7836.000,2017/10/30,Waiting,4867894.000
7837.000,2017/10/31,Waiting,4867894.000
7838.000,2017/11/1,Waiting,4867894.000
7839.000,2017/11/2,Waiting,4867894.000
7840.000,2017/11/3,Waiting,4867894.000
7841.000,2017/11/6,Waiting,4867894.000
7842.000,2017/11/7,Waiting,4867894.000
7843.000,2017/11/8,Waiting,4867894.000
7844.000,2017/11/9,Waiting,4867894.000
7845.000,2017/11/10,Waiting,4867894.000
7846.000,2017/11/13,Waiting,4867894.000
7847.000,2017/11/14,Waiting,4867894.000
7848.000,2017/11/15,Waiting,4867894.000
7849.000,2017/11/16,Buy,4867894.000
7850.000,2017/11/17,Holding,4927771.000
7851.000,2017/11/20,Holding,4850786.500
7852.000,2017/11/21,Holding,4876447.500
7853.000,2017/11/22,Holding,4936324.500
7854.000,2017/11/23,Holding,4902109.500
7855.000,2017/11/24,Holding,4910663.000
7856.000,2017/11/27,Holding,4885002.000
7857.000,2017/11/28,Holding,4748141.000
7858.000,2017/11/29,Sell,4799464.000
7859.000,2017/11/30,Waiting,4799464.000
7860.000,2017/12/1,Waiting,4799464.000
7861.000,2017/12/4,Waiting,4799464.000
7862.000,2017/12/5,Waiting,4799464.000
7863.000,2017/12/6,Waiting,4799464.000
7864.000,2017/12/7,Waiting,4799464.000
7865.000,2017/12/8,Waiting,4799464.000
7866.000,2017/12/11,Waiting,4799464.000
7867.000,2017/12/12,Waiting,4799464.000
7868.000,2017/12/13,Waiting,4799464.000
7869.000,2017/12/14,Waiting,4799464.000
7870.000,2017/12/15,Waiting,4799464.000
7871.000,2017/12/18,Waiting,4799464.000
7872.000,2017/12/19,Waiting,4799464.000
7873.000,2017/12/20,Buy,4799464.000
7874.000,2017/12/21,Holding,4799464.000
7875.000,2017/12/22,Holding,4799464.000
7876.000,2017/12/25,Holding,4799464.000
7877.000,2017/12/26,Holding,4799464.000
7878.000,2017/12/27,Holding,4799464.000
7879.000,2017/12/28,Holding,4799464.000
7880.000,2017/12/29,Holding,4799464.000
