K-bars,Day,action,NetProfit
   1.000,1988/1/5,Waiting,   0.000
   2.000,1988/1/6,Waiting,   0.000
   3.000,1988/1/7,Waiting,   0.000
   4.000,1988/1/8,Waiting,   0.000
   5.000,1988/1/9,Waiting,   0.000
   6.000,1988/1/11,Waiting,   0.000
   7.000,1988/1/12,Waiting,   0.000
   8.000,1988/1/13,Waiting,   0.000
   9.000,1988/1/14,Waiting,   0.000
  10.000,1988/1/15,Waiting,   0.000
  11.000,1988/1/16,Waiting,   0.000
  12.000,1988/1/18,Waiting,   0.000
  13.000,1988/1/19,Waiting,   0.000
  14.000,1988/1/20,Waiting,   0.000
  15.000,1988/1/21,Waiting,   0.000
  16.000,1988/1/22,Waiting,   0.000
  17.000,1988/1/23,Waiting,   0.000
  18.000,1988/1/25,Waiting,   0.000
  19.000,1988/1/26,Waiting,   0.000
  20.000,1988/1/27,Waiting,   0.000
  21.000,1988/1/28,Waiting,   0.000
  22.000,1988/1/29,Waiting,   0.000
  23.000,1988/2/1,Waiting,   0.000
  24.000,1988/2/2,Waiting,   0.000
  25.000,1988/2/3,Waiting,   0.000
  26.000,1988/2/4,Waiting,   0.000
  27.000,1988/2/5,Waiting,   0.000
  28.000,1988/2/6,Waiting,   0.000
  29.000,1988/2/8,Waiting,   0.000
  30.000,1988/2/9,Waiting,   0.000
  31.000,1988/2/10,Waiting,   0.000
  32.000,1988/2/11,Waiting,   0.000
  33.000,1988/2/12,Waiting,   0.000
  34.000,1988/2/22,Waiting,   0.000
  35.000,1988/2/23,Waiting,   0.000
  36.000,1988/2/24,Waiting,   0.000
  37.000,1988/2/25,Waiting,   0.000
  38.000,1988/2/26,Waiting,   0.000
  39.000,1988/2/27,Waiting,   0.000
  40.000,1988/2/29,Waiting,   0.000
  41.000,1988/3/1,Waiting,   0.000
  42.000,1988/3/2,Waiting,   0.000
  43.000,1988/3/3,Waiting,   0.000
  44.000,1988/3/4,Waiting,   0.000
  45.000,1988/3/5,Waiting,   0.000
  46.000,1988/3/7,Waiting,   0.000
  47.000,1988/3/8,Waiting,   0.000
  48.000,1988/3/9,Waiting,   0.000
  49.000,1988/3/10,Waiting,   0.000
  50.000,1988/3/11,Waiting,   0.000
  51.000,1988/3/12,Waiting,   0.000
  52.000,1988/3/14,Waiting,   0.000
  53.000,1988/3/15,Waiting,   0.000
  54.000,1988/3/16,Waiting,   0.000
  55.000,1988/3/17,Waiting,   0.000
  56.000,1988/3/18,Waiting,   0.000
  57.000,1988/3/19,Waiting,   0.000
  58.000,1988/3/21,Waiting,   0.000
  59.000,1988/3/22,Waiting,   0.000
  60.000,1988/3/23,Waiting,   0.000
  61.000,1988/3/24,Waiting,   0.000
  62.000,1988/3/25,Waiting,   0.000
  63.000,1988/3/26,Waiting,   0.000
  64.000,1988/3/28,Waiting,   0.000
  65.000,1988/3/30,Waiting,   0.000
  66.000,1988/3/31,Waiting,   0.000
  67.000,1988/4/1,Waiting,   0.000
  68.000,1988/4/2,Waiting,   0.000
  69.000,1988/4/5,Waiting,   0.000
  70.000,1988/4/6,Waiting,   0.000
  71.000,1988/4/7,Waiting,   0.000
  72.000,1988/4/8,Waiting,   0.000
  73.000,1988/4/9,Waiting,   0.000
  74.000,1988/4/11,Waiting,   0.000
  75.000,1988/4/12,Waiting,   0.000
  76.000,1988/4/13,Waiting,   0.000
  77.000,1988/4/14,Waiting,   0.000
  78.000,1988/4/15,Waiting,   0.000
  79.000,1988/4/16,Waiting,   0.000
  80.000,1988/4/18,Waiting,   0.000
  81.000,1988/4/19,Waiting,   0.000
  82.000,1988/4/20,Waiting,   0.000
  83.000,1988/4/21,Waiting,   0.000
  84.000,1988/4/22,Waiting,   0.000
  85.000,1988/4/23,Waiting,   0.000
  86.000,1988/4/25,Waiting,   0.000
  87.000,1988/4/26,Waiting,   0.000
  88.000,1988/4/27,Waiting,   0.000
  89.000,1988/4/28,Waiting,   0.000
  90.000,1988/4/29,Waiting,   0.000
  91.000,1988/4/30,Waiting,   0.000
  92.000,1988/5/2,Waiting,   0.000
  93.000,1988/5/3,Waiting,   0.000
  94.000,1988/5/4,Waiting,   0.000
  95.000,1988/5/5,Waiting,   0.000
  96.000,1988/5/6,Waiting,   0.000
  97.000,1988/5/7,Waiting,   0.000
  98.000,1988/5/9,Waiting,   0.000
  99.000,1988/5/10,Waiting,   0.000
 100.000,1988/5/11,Waiting,   0.000
 101.000,1988/5/12,Waiting,   0.000
 102.000,1988/5/13,Waiting,   0.000
 103.000,1988/5/14,Waiting,   0.000
 104.000,1988/5/16,Waiting,   0.000
 105.000,1988/5/17,Waiting,   0.000
 106.000,1988/5/18,Waiting,   0.000
 107.000,1988/5/19,Waiting,   0.000
 108.000,1988/5/20,Waiting,   0.000
 109.000,1988/5/21,Waiting,   0.000
 110.000,1988/5/23,Waiting,   0.000
 111.000,1988/5/24,Waiting,   0.000
 112.000,1988/5/25,Waiting,   0.000
 113.000,1988/5/26,Waiting,   0.000
 114.000,1988/5/27,Waiting,   0.000
 115.000,1988/5/28,Waiting,   0.000
 116.000,1988/5/30,Waiting,   0.000
 117.000,1988/5/31,Waiting,   0.000
 118.000,1988/6/1,Waiting,   0.000
 119.000,1988/6/2,Waiting,   0.000
 120.000,1988/6/3,Waiting,   0.000
 121.000,1988/6/4,Waiting,   0.000
 122.000,1988/6/6,Waiting,   0.000
 123.000,1988/6/7,Waiting,   0.000
 124.000,1988/6/8,Waiting,   0.000
 125.000,1988/6/9,Waiting,   0.000
 126.000,1988/6/10,Waiting,   0.000
 127.000,1988/6/11,Waiting,   0.000
 128.000,1988/6/13,Waiting,   0.000
 129.000,1988/6/14,Waiting,   0.000
 130.000,1988/6/15,Waiting,   0.000
 131.000,1988/6/16,Waiting,   0.000
 132.000,1988/6/17,Waiting,   0.000
 133.000,1988/6/20,Waiting,   0.000
 134.000,1988/6/21,Waiting,   0.000
 135.000,1988/6/22,Waiting,   0.000
 136.000,1988/6/23,Waiting,   0.000
 137.000,1988/6/24,Waiting,   0.000
 138.000,1988/6/25,Waiting,   0.000
 139.000,1988/6/27,Waiting,   0.000
 140.000,1988/6/28,Waiting,   0.000
 141.000,1988/6/29,Waiting,   0.000
 142.000,1988/6/30,Waiting,   0.000
 143.000,1988/7/2,Waiting,   0.000
 144.000,1988/7/4,Waiting,   0.000
 145.000,1988/7/5,Waiting,   0.000
 146.000,1988/7/6,Waiting,   0.000
 147.000,1988/7/7,Waiting,   0.000
 148.000,1988/7/8,Waiting,   0.000
 149.000,1988/7/9,Waiting,   0.000
 150.000,1988/7/11,Waiting,   0.000
 151.000,1988/7/12,Waiting,   0.000
 152.000,1988/7/13,Waiting,   0.000
 153.000,1988/7/14,Waiting,   0.000
 154.000,1988/7/15,Waiting,   0.000
 155.000,1988/7/16,Waiting,   0.000
 156.000,1988/7/18,Buy,   0.000
 157.000,1988/7/19,Holding,-26221.723
 158.000,1988/7/20,Holding,   0.000
 159.000,1988/7/21,Holding,20262.225
 160.000,1988/7/22,Holding,   0.000
 161.000,1988/7/23,Holding,-15494.649
 162.000,1988/7/25,Holding,-20262.225
 163.000,1988/7/26,Holding,-20262.225
 164.000,1988/7/27,Holding,4767.576
 165.000,1988/7/28,Holding,-10727.074
 166.000,1988/7/29,Holding,15494.649
 167.000,1988/7/30,Holding,26221.609
 168.000,1988/8/1,Holding,   0.000
 169.000,1988/8/2,Holding,26221.609
 170.000,1988/8/3,Holding,52443.332
 171.000,1988/8/4,Holding,83432.633
 172.000,1988/8/5,Holding,114421.930
 173.000,1988/8/6,Holding,145411.125
 174.000,1988/8/8,Holding,177592.344
 175.000,1988/8/9,Holding,208581.641
 176.000,1988/8/10,Holding,176400.422
 177.000,1988/8/11,Holding,143027.391
 178.000,1988/8/12,Holding,176400.422
 179.000,1988/8/13,Holding,159713.844
 180.000,1988/8/15,Holding,191895.063
 181.000,1988/8/16,Holding,225268.094
 182.000,1988/8/17,Holding,257449.313
 183.000,1988/8/18,Holding,290822.344
 184.000,1988/8/19,Holding,328962.969
 185.000,1988/8/20,Holding,367103.688
 186.000,1988/8/22,Holding,405244.281
 187.000,1988/8/23,Holding,443384.875
 188.000,1988/8/24,Holding,482717.406
 189.000,1988/8/25,Holding,525625.688
 190.000,1988/8/26,Holding,482717.406
 191.000,1988/8/27,Holding,438617.313
 192.000,1988/8/29,Holding,405244.281
 193.000,1988/8/30,Holding,367103.688
 194.000,1988/8/31,Holding,405244.281
 195.000,1988/9/1,Holding,443384.875
 196.000,1988/9/2,Holding,482717.406
 197.000,1988/9/3,Holding,525625.688
 198.000,1988/9/5,Holding,569725.813
 199.000,1988/9/6,Holding,613825.938
 200.000,1988/9/7,Holding,651966.500
 201.000,1988/9/8,Holding,601906.938
 202.000,1988/9/9,Holding,558998.750
 203.000,1988/9/10,Holding,558998.750
 204.000,1988/9/12,Holding,601906.938
 205.000,1988/9/13,Holding,641239.563
 206.000,1988/9/14,Holding,684147.750
 207.000,1988/9/15,Holding,728247.875
 208.000,1988/9/16,Holding,772347.938
 209.000,1988/9/17,Holding,783075.000
 210.000,1988/9/19,Holding,783075.000
 211.000,1988/9/20,Holding,827175.125
 212.000,1988/9/21,Holding,848629.313
 213.000,1988/9/22,Holding,903456.438
 214.000,1988/9/23,Holding,958283.625
 215.000,1988/9/24,Holding,1013110.688
 216.000,1988/9/29,Holding,958283.625
 217.000,1988/9/30,Holding,903456.438
 218.000,1988/10/1,Holding,848629.313
 219.000,1988/10/3,Holding,793802.125
 220.000,1988/10/4,Holding,749702.000
 221.000,1988/10/5,Holding,706793.688
 222.000,1988/10/6,Holding,662693.625
 223.000,1988/10/7,Holding,613825.938
 224.000,1988/10/8,Holding,569725.813
 225.000,1988/10/11,Holding,525625.688
 226.000,1988/10/12,Holding,482717.406
 227.000,1988/10/13,Holding,438617.313
 228.000,1988/10/14,Holding,400476.719
 229.000,1988/10/15,Holding,362336.094
 230.000,1988/10/17,Sell,323003.563
 231.000,1988/10/18,Waiting,323003.563
 232.000,1988/10/19,Waiting,323003.563
 233.000,1988/10/20,Waiting,323003.563
 234.000,1988/10/21,Waiting,323003.563
 235.000,1988/10/22,Waiting,323003.563
 236.000,1988/10/24,Waiting,323003.563
 237.000,1988/10/26,Waiting,323003.563
 238.000,1988/10/27,Waiting,323003.563
 239.000,1988/10/28,Waiting,323003.563
 240.000,1988/10/29,Waiting,323003.563
 241.000,1988/11/1,Waiting,323003.563
 242.000,1988/11/2,Waiting,323003.563
 243.000,1988/11/3,Waiting,323003.563
 244.000,1988/11/4,Waiting,323003.563
 245.000,1988/11/5,Waiting,323003.563
 246.000,1988/11/7,Waiting,323003.563
 247.000,1988/11/8,Waiting,323003.563
 248.000,1988/11/9,Waiting,323003.563
 249.000,1988/11/10,Waiting,323003.563
 250.000,1988/11/11,Waiting,323003.563
 251.000,1988/11/14,Waiting,323003.563
 252.000,1988/11/15,Waiting,323003.563
 253.000,1988/11/16,Waiting,323003.563
 254.000,1988/11/17,Waiting,323003.563
 255.000,1988/11/18,Waiting,323003.563
 256.000,1988/11/19,Buy,323003.563
 257.000,1988/11/21,Holding,375846.750
 258.000,1988/11/22,Holding,375846.750
 259.000,1988/11/23,Holding,401788.063
 260.000,1988/11/24,Holding,375846.750
 261.000,1988/11/25,Holding,309552.500
 262.000,1988/11/26,Holding,366238.938
 263.000,1988/11/28,Holding,384493.875
 264.000,1988/11/29,Holding,323003.563
 265.000,1988/11/30,Holding,260552.359
 266.000,1988/12/1,Sell,323003.563
 267.000,1988/12/2,Waiting,323003.563
 268.000,1988/12/3,Waiting,323003.563
 269.000,1988/12/5,Waiting,323003.563
 270.000,1988/12/6,Waiting,323003.563
 271.000,1988/12/7,Waiting,323003.563
 272.000,1988/12/8,Waiting,323003.563
 273.000,1988/12/9,Waiting,323003.563
 274.000,1988/12/10,Waiting,323003.563
 275.000,1988/12/12,Waiting,323003.563
 276.000,1988/12/13,Waiting,323003.563
 277.000,1988/12/14,Waiting,323003.563
 278.000,1988/12/15,Waiting,323003.563
 279.000,1988/12/16,Waiting,323003.563
 280.000,1988/12/17,Waiting,323003.563
 281.000,1988/12/19,Waiting,323003.563
 282.000,1988/12/20,Waiting,323003.563
 283.000,1988/12/21,Waiting,323003.563
 284.000,1988/12/22,Waiting,323003.563
 285.000,1988/12/23,Waiting,323003.563
 286.000,1988/12/24,Waiting,323003.563
 287.000,1988/12/27,Waiting,323003.563
 288.000,1988/12/28,Waiting,323003.563
 289.000,1988/12/29,Waiting,323003.563
 290.000,1989/1/5,Waiting,323003.563
 291.000,1989/1/6,Waiting,323003.563
 292.000,1989/1/7,Waiting,323003.563
 293.000,1989/1/9,Waiting,323003.563
 294.000,1989/1/10,Waiting,323003.563
 295.000,1989/1/11,Waiting,323003.563
 296.000,1989/1/12,Waiting,323003.563
 297.000,1989/1/13,Waiting,323003.563
 298.000,1989/1/14,Waiting,323003.563
 299.000,1989/1/16,Waiting,323003.563
 300.000,1989/1/17,Waiting,323003.563
 301.000,1989/1/18,Waiting,323003.563
 302.000,1989/1/19,Waiting,323003.563
 303.000,1989/1/20,Waiting,323003.563
 304.000,1989/1/21,Waiting,323003.563
 305.000,1989/1/23,Waiting,323003.563
 306.000,1989/1/24,Waiting,323003.563
 307.000,1989/1/25,Waiting,323003.563
 308.000,1989/1/26,Waiting,323003.563
 309.000,1989/1/27,Waiting,323003.563
 310.000,1989/1/28,Waiting,323003.563
 311.000,1989/1/30,Waiting,323003.563
 312.000,1989/1/31,Buy,323003.563
 313.000,1989/2/1,Holding,314412.719
 314.000,1989/2/10,Holding,375503.719
 315.000,1989/2/11,Holding,419412.938
 316.000,1989/2/13,Holding,392685.625
 317.000,1989/2/14,Holding,453776.625
 318.000,1989/2/15,Holding,428003.875
 319.000,1989/2/16,Holding,463322.156
 320.000,1989/2/17,Holding,489095.000
 321.000,1989/2/18,Holding,463322.156
 322.000,1989/2/20,Holding,445185.781
 323.000,1989/2/21,Holding,471913.094
 324.000,1989/2/22,Holding,445185.781
 325.000,1989/2/23,Holding,471913.094
 326.000,1989/2/24,Holding,463322.156
 327.000,1989/2/25,Holding,463322.156
 328.000,1989/2/27,Holding,463322.156
 329.000,1989/2/28,Holding,489095.000
 330.000,1989/3/1,Holding,489095.000
 331.000,1989/3/2,Holding,489095.000
 332.000,1989/3/3,Holding,497685.844
 333.000,1989/3/4,Holding,471913.094
 334.000,1989/3/6,Holding,497685.844
 335.000,1989/3/7,Holding,497685.844
 336.000,1989/3/8,Holding,533004.125
 337.000,1989/3/9,Holding,515822.313
 338.000,1989/3/10,Holding,489095.000
 339.000,1989/3/11,Holding,506276.813
 340.000,1989/3/13,Holding,515822.313
 341.000,1989/3/14,Holding,489095.000
 342.000,1989/3/15,Holding,445185.781
 343.000,1989/3/16,Holding,375503.719
 344.000,1989/3/17,Holding,366912.781
 345.000,1989/3/18,Holding,419412.938
 346.000,1989/3/20,Holding,379321.906
 347.000,1989/3/21,Holding,379321.906
 348.000,1989/3/22,Holding,379321.906
 349.000,1989/3/23,Holding,423231.125
 350.000,1989/3/24,Holding,494822.250
 351.000,1989/3/25,Holding,548276.875
 352.000,1989/3/27,Holding,476685.875
 353.000,1989/3/28,Holding,476685.875
 354.000,1989/3/30,Holding,494822.250
 355.000,1989/3/31,Holding,476685.875
 356.000,1989/4/1,Holding,406049.250
 357.000,1989/4/3,Holding,468094.906
 358.000,1989/4/4,Holding,468094.906
 359.000,1989/4/6,Holding,486231.281
 360.000,1989/4/7,Holding,530140.625
 361.000,1989/4/8,Holding,601731.688
 362.000,1989/4/10,Holding,681913.750
 363.000,1989/4/11,Holding,762095.625
 364.000,1989/4/12,Holding,841323.250
 365.000,1989/4/13,Holding,788823.000
 366.000,1989/4/14,Holding,699095.438
 367.000,1989/4/15,Holding,779277.500
 368.000,1989/4/17,Holding,841323.250
 369.000,1989/4/18,Holding,806004.875
 370.000,1989/4/19,Holding,841323.250
 371.000,1989/4/20,Holding,931050.688
 372.000,1989/4/21,Holding,993096.250
 373.000,1989/4/22,Holding,974959.938
 374.000,1989/4/24,Holding,939641.625
 375.000,1989/4/25,Holding,939641.625
 376.000,1989/4/26,Holding,904323.438
 377.000,1989/4/27,Holding,948232.563
 378.000,1989/4/28,Holding,886186.938
 379.000,1989/4/29,Holding,912914.375
 380.000,1989/5/1,Holding,1001687.188
 381.000,1989/5/2,Holding,1019823.625
 382.000,1989/5/3,Holding,984505.500
 383.000,1989/5/4,Holding,993096.250
 384.000,1989/5/5,Holding,1046551.063
 385.000,1989/5/6,Holding,1019823.625
 386.000,1989/5/8,Holding,1046551.063
 387.000,1989/5/9,Holding,1081869.250
 388.000,1989/5/10,Holding,1100005.750
 389.000,1989/5/11,Holding,1055142.000
 390.000,1989/5/12,Holding,1001687.188
 391.000,1989/5/13,Holding,1001687.188
 392.000,1989/5/15,Holding,1019823.625
 393.000,1989/5/16,Holding,1046551.063
 394.000,1989/5/17,Holding,1046551.063
 395.000,1989/5/18,Holding,1046551.063
 396.000,1989/5/19,Holding,1046551.063
 397.000,1989/5/20,Holding,1143914.750
 398.000,1989/5/22,Holding,1250824.250
 399.000,1989/5/23,Holding,1206915.250
 400.000,1989/5/24,Holding,1224096.875
 401.000,1989/5/25,Holding,1233642.375
 402.000,1989/5/26,Holding,1206915.250
 403.000,1989/5/27,Holding,1135324.000
 404.000,1989/5/29,Holding,1170642.250
 405.000,1989/5/30,Holding,1180187.750
 406.000,1989/5/31,Holding,1268960.750
 407.000,1989/6/1,Holding,1170642.250
 408.000,1989/6/2,Holding,1090460.250
 409.000,1989/6/3,Holding,1153460.375
 410.000,1989/6/5,Holding,1046551.063
 411.000,1989/6/6,Holding,948232.563
 412.000,1989/6/7,Holding,974959.938
 413.000,1989/6/9,Holding,1046551.063
 414.000,1989/6/10,Holding,1108596.625
 415.000,1989/6/12,Holding,1108596.625
 416.000,1989/6/13,Holding,1197369.625
 417.000,1989/6/14,Holding,1197369.625
 418.000,1989/6/15,Holding,1180187.750
 419.000,1989/6/16,Holding,1242233.250
 420.000,1989/6/17,Holding,1224096.875
 421.000,1989/6/19,Holding,1250824.250
 422.000,1989/6/20,Holding,1206915.250
 423.000,1989/6/21,Holding,1260369.750
 424.000,1989/6/22,Holding,1233642.375
 425.000,1989/6/23,Holding,1170642.250
 426.000,1989/6/24,Holding,1162051.250
 427.000,1989/6/26,Holding,1055142.000
 428.000,1989/6/27,Holding,1063733.000
 429.000,1989/6/28,Holding,1081869.250
 430.000,1989/6/29,Holding,993096.250
 431.000,1989/6/30,Holding,1037960.125
 432.000,1989/7/3,Holding,957778.063
 433.000,1989/7/4,Sell,957778.063
 434.000,1989/7/5,Waiting,957778.063
 435.000,1989/7/6,Waiting,957778.063
 436.000,1989/7/7,Waiting,957778.063
 437.000,1989/7/8,Waiting,957778.063
 438.000,1989/7/10,Waiting,957778.063
 439.000,1989/7/11,Waiting,957778.063
 440.000,1989/7/12,Waiting,957778.063
 441.000,1989/7/13,Waiting,957778.063
 442.000,1989/7/14,Waiting,957778.063
 443.000,1989/7/15,Waiting,957778.063
 444.000,1989/7/17,Waiting,957778.063
 445.000,1989/7/18,Waiting,957778.063
 446.000,1989/7/19,Waiting,957778.063
 447.000,1989/7/20,Waiting,957778.063
 448.000,1989/7/21,Waiting,957778.063
 449.000,1989/7/22,Waiting,957778.063
 450.000,1989/7/24,Waiting,957778.063
 451.000,1989/7/25,Waiting,957778.063
 452.000,1989/7/26,Waiting,957778.063
 453.000,1989/7/27,Waiting,957778.063
 454.000,1989/7/28,Waiting,957778.063
 455.000,1989/7/29,Waiting,957778.063
 456.000,1989/7/31,Waiting,957778.063
 457.000,1989/8/1,Waiting,957778.063
 458.000,1989/8/2,Waiting,957778.063
 459.000,1989/8/3,Waiting,957778.063
 460.000,1989/8/4,Waiting,957778.063
 461.000,1989/8/5,Waiting,957778.063
 462.000,1989/8/7,Waiting,957778.063
 463.000,1989/8/8,Buy,957778.063
 464.000,1989/8/9,Holding,868393.813
 465.000,1989/8/10,Holding,852773.188
 466.000,1989/8/11,Sell,779877.188
 467.000,1989/8/12,Waiting,779877.188
 468.000,1989/8/14,Waiting,779877.188
 469.000,1989/8/15,Waiting,779877.188
 470.000,1989/8/16,Waiting,779877.188
 471.000,1989/8/17,Waiting,779877.188
 472.000,1989/8/18,Waiting,779877.188
 473.000,1989/8/19,Waiting,779877.188
 474.000,1989/8/21,Waiting,779877.188
 475.000,1989/8/22,Waiting,779877.188
 476.000,1989/8/23,Waiting,779877.188
 477.000,1989/8/24,Waiting,779877.188
 478.000,1989/8/25,Waiting,779877.188
 479.000,1989/8/26,Waiting,779877.188
 480.000,1989/8/28,Waiting,779877.188
 481.000,1989/8/29,Buy,779877.188
 482.000,1989/8/30,Holding,718202.125
 483.000,1989/8/31,Holding,726109.250
 484.000,1989/9/1,Holding,733225.563
 485.000,1989/9/2,Holding,718202.125
 486.000,1989/9/4,Holding,726109.250
 487.000,1989/9/5,Holding,702388.125
 488.000,1989/9/6,Holding,710295.063
 489.000,1989/9/7,Holding,733225.563
 490.000,1989/9/8,Holding,787784.250
 491.000,1989/9/9,Holding,764063.000
 492.000,1989/9/11,Holding,749039.750
 493.000,1989/9/13,Holding,818621.750
 494.000,1989/9/15,Holding,857366.250
 495.000,1989/9/16,Holding,826528.813
 496.000,1989/9/18,Holding,841552.250
 497.000,1989/9/19,Holding,826528.813
 498.000,1989/9/20,Holding,795691.188
 499.000,1989/9/21,Holding,787784.250
 500.000,1989/9/22,Holding,787784.250
 501.000,1989/9/23,Holding,795691.188
 502.000,1989/9/25,Holding,818621.750
 503.000,1989/9/26,Holding,795691.188
 504.000,1989/9/27,Holding,779877.188
 505.000,1989/9/29,Holding,749039.750
 506.000,1989/9/30,Holding,741132.625
 507.000,1989/10/2,Holding,702388.125
 508.000,1989/10/3,Holding,726109.250
 509.000,1989/10/4,Holding,671550.500
 510.000,1989/10/5,Sell,594061.500
 511.000,1989/10/6,Waiting,594061.500
 512.000,1989/10/7,Waiting,594061.500
 513.000,1989/10/9,Waiting,594061.500
 514.000,1989/10/11,Waiting,594061.500
 515.000,1989/10/12,Buy,594061.500
 516.000,1989/10/13,Holding,545629.063
 517.000,1989/10/14,Holding,504215.750
 518.000,1989/10/16,Holding,463504.375
 519.000,1989/10/17,Sell,511235.000
 520.000,1989/10/18,Waiting,511235.000
 521.000,1989/10/19,Waiting,511235.000
 522.000,1989/10/20,Waiting,511235.000
 523.000,1989/10/21,Waiting,511235.000
 524.000,1989/10/23,Waiting,511235.000
 525.000,1989/10/24,Waiting,511235.000
 526.000,1989/10/26,Waiting,511235.000
 527.000,1989/10/27,Waiting,511235.000
 528.000,1989/10/28,Waiting,511235.000
 529.000,1989/10/30,Waiting,511235.000
 530.000,1989/11/1,Waiting,511235.000
 531.000,1989/11/2,Waiting,511235.000
 532.000,1989/11/3,Buy,511235.000
 533.000,1989/11/4,Holding,497632.594
 534.000,1989/11/6,Holding,464306.563
 535.000,1989/11/7,Sell,437781.656
 536.000,1989/11/8,Waiting,437781.656
 537.000,1989/11/9,Waiting,437781.656
 538.000,1989/11/10,Waiting,437781.656
 539.000,1989/11/11,Waiting,437781.656
 540.000,1989/11/14,Waiting,437781.656
 541.000,1989/11/15,Buy,437781.656
 542.000,1989/11/16,Holding,406881.969
 543.000,1989/11/17,Holding,406881.969
 544.000,1989/11/18,Holding,437781.656
 545.000,1989/11/20,Holding,425800.219
 546.000,1989/11/21,Holding,388594.469
 547.000,1989/11/22,Holding,364000.750
 548.000,1989/11/23,Sell,382288.375
 549.000,1989/11/24,Waiting,382288.375
 550.000,1989/11/25,Waiting,382288.375
 551.000,1989/11/27,Waiting,382288.375
 552.000,1989/11/28,Waiting,382288.375
 553.000,1989/11/29,Waiting,382288.375
 554.000,1989/11/30,Waiting,382288.375
 555.000,1989/12/1,Waiting,382288.375
 556.000,1989/12/4,Waiting,382288.375
 557.000,1989/12/5,Waiting,382288.375
 558.000,1989/12/6,Waiting,382288.375
 559.000,1989/12/7,Waiting,382288.375
 560.000,1989/12/8,Waiting,382288.375
 561.000,1989/12/9,Waiting,382288.375
 562.000,1989/12/11,Waiting,382288.375
 563.000,1989/12/12,Waiting,382288.375
 564.000,1989/12/13,Waiting,382288.375
 565.000,1989/12/14,Waiting,382288.375
 566.000,1989/12/15,Waiting,382288.375
 567.000,1989/12/16,Waiting,382288.375
 568.000,1989/12/18,Waiting,382288.375
 569.000,1989/12/19,Waiting,382288.375
 570.000,1989/12/20,Waiting,382288.375
 571.000,1989/12/21,Waiting,382288.375
 572.000,1989/12/22,Waiting,382288.375
 573.000,1989/12/23,Waiting,382288.375
 574.000,1989/12/26,Waiting,382288.375
 575.000,1989/12/27,Buy,382288.375
 576.000,1989/12/28,Holding,443807.063
 577.000,1990/1/4,Holding,542362.563
 578.000,1990/1/5,Holding,585049.000
 579.000,1990/1/6,Holding,560567.125
 580.000,1990/1/8,Holding,548012.250
 581.000,1990/1/9,Holding,517252.875
 582.000,1990/1/10,Holding,548012.250
 583.000,1990/1/11,Holding,609530.938
 584.000,1990/1/12,Holding,720013.563
 585.000,1990/1/13,Holding,671049.750
 586.000,1990/1/15,Holding,757050.375
 587.000,1990/1/16,Holding,738845.875
 588.000,1990/1/17,Holding,708086.438
 589.000,1990/1/18,Holding,738845.875
 590.000,1990/1/19,Holding,781532.250
 591.000,1990/1/22,Holding,843051.063
 592.000,1990/1/23,Holding,787809.688
 593.000,1990/1/31,Holding,781532.250
 594.000,1990/2/1,Holding,800364.625
 595.000,1990/2/2,Holding,812291.750
 596.000,1990/2/3,Holding,745123.250
 597.000,1990/2/5,Holding,769605.250
 598.000,1990/2/6,Holding,763327.750
 599.000,1990/2/7,Holding,738845.875
 600.000,1990/2/8,Holding,726291.000
 601.000,1990/2/9,Holding,781532.250
 602.000,1990/2/10,Holding,750772.875
 603.000,1990/2/12,Holding,750772.875
 604.000,1990/2/13,Holding,745123.250
 605.000,1990/2/14,Holding,769605.250
 606.000,1990/2/15,Holding,738845.875
 607.000,1990/2/16,Holding,677327.063
 608.000,1990/2/17,Holding,689254.250
 609.000,1990/2/19,Holding,683604.500
 610.000,1990/2/20,Holding,763327.750
 611.000,1990/2/21,Holding,714363.875
 612.000,1990/2/22,Holding,689254.250
 613.000,1990/2/23,Holding,695531.625
 614.000,1990/2/24,Holding,664772.313
 615.000,1990/2/26,Holding,585049.000
 616.000,1990/2/27,Holding,628363.250
 617.000,1990/2/28,Holding,652845.188
 618.000,1990/3/1,Holding,622085.813
 619.000,1990/3/2,Holding,597603.938
 620.000,1990/3/3,Holding,591326.500
 621.000,1990/3/5,Holding,542362.563
 622.000,1990/3/6,Holding,609530.938
 623.000,1990/3/7,Holding,591326.500
 624.000,1990/3/8,Holding,573121.875
 625.000,1990/3/9,Holding,573121.875
 626.000,1990/3/10,Holding,671049.750
 627.000,1990/3/12,Holding,640290.250
 628.000,1990/3/13,Holding,646567.750
 629.000,1990/3/14,Holding,634012.938
 630.000,1990/3/15,Holding,646567.750
 631.000,1990/3/16,Holding,585049.000
 632.000,1990/3/17,Holding,597603.938
 633.000,1990/3/19,Holding,588187.688
 634.000,1990/3/20,Holding,606392.250
 635.000,1990/3/21,Holding,588187.688
 636.000,1990/3/22,Holding,544873.563
 637.000,1990/3/23,Sell,514114.250
 638.000,1990/3/24,Waiting,514114.250
 639.000,1990/3/26,Waiting,514114.250
 640.000,1990/3/27,Waiting,514114.250
 641.000,1990/3/28,Waiting,514114.250
 642.000,1990/3/30,Waiting,514114.250
 643.000,1990/3/31,Waiting,514114.250
 644.000,1990/4/2,Waiting,514114.250
 645.000,1990/4/3,Waiting,514114.250
 646.000,1990/4/4,Waiting,514114.250
 647.000,1990/4/6,Waiting,514114.250
 648.000,1990/4/7,Waiting,514114.250
 649.000,1990/4/9,Waiting,514114.250
 650.000,1990/4/10,Waiting,514114.250
 651.000,1990/4/11,Waiting,514114.250
 652.000,1990/4/12,Waiting,514114.250
 653.000,1990/4/13,Waiting,514114.250
 654.000,1990/4/14,Waiting,514114.250
 655.000,1990/4/16,Waiting,514114.250
 656.000,1990/4/17,Waiting,514114.250
 657.000,1990/4/18,Waiting,514114.250
 658.000,1990/4/19,Waiting,514114.250
 659.000,1990/4/20,Waiting,514114.250
 660.000,1990/4/21,Waiting,514114.250
 661.000,1990/4/23,Waiting,514114.250
 662.000,1990/4/24,Waiting,514114.250
 663.000,1990/4/25,Waiting,514114.250
 664.000,1990/4/26,Waiting,514114.250
 665.000,1990/4/27,Waiting,514114.250
 666.000,1990/4/28,Waiting,514114.250
 667.000,1990/4/30,Waiting,514114.250
 668.000,1990/5/1,Waiting,514114.250
 669.000,1990/5/2,Waiting,514114.250
 670.000,1990/5/3,Waiting,514114.250
 671.000,1990/5/4,Waiting,514114.250
 672.000,1990/5/5,Waiting,514114.250
 673.000,1990/5/7,Waiting,514114.250
 674.000,1990/5/8,Waiting,514114.250
 675.000,1990/5/9,Waiting,514114.250
 676.000,1990/5/10,Waiting,514114.250
 677.000,1990/5/11,Waiting,514114.250
 678.000,1990/5/12,Waiting,514114.250
 679.000,1990/5/14,Waiting,514114.250
 680.000,1990/5/15,Waiting,514114.250
 681.000,1990/5/16,Waiting,514114.250
 682.000,1990/5/17,Waiting,514114.250
 683.000,1990/5/18,Waiting,514114.250
 684.000,1990/5/21,Waiting,514114.250
 685.000,1990/5/22,Waiting,514114.250
 686.000,1990/5/23,Waiting,514114.250
 687.000,1990/5/24,Waiting,514114.250
 688.000,1990/5/25,Waiting,514114.250
 689.000,1990/5/26,Waiting,514114.250
 690.000,1990/5/29,Waiting,514114.250
 691.000,1990/5/30,Waiting,514114.250
 692.000,1990/5/31,Waiting,514114.250
 693.000,1990/6/1,Waiting,514114.250
 694.000,1990/6/2,Waiting,514114.250
 695.000,1990/6/4,Waiting,514114.250
 696.000,1990/6/5,Waiting,514114.250
 697.000,1990/6/6,Waiting,514114.250
 698.000,1990/6/7,Waiting,514114.250
 699.000,1990/6/8,Waiting,514114.250
 700.000,1990/6/9,Waiting,514114.250
 701.000,1990/6/11,Waiting,514114.250
 702.000,1990/6/12,Waiting,514114.250
 703.000,1990/6/13,Waiting,514114.250
 704.000,1990/6/14,Waiting,514114.250
 705.000,1990/6/15,Waiting,514114.250
 706.000,1990/6/18,Waiting,514114.250
 707.000,1990/6/19,Waiting,514114.250
 708.000,1990/6/20,Waiting,514114.250
 709.000,1990/6/21,Waiting,514114.250
 710.000,1990/6/22,Waiting,514114.250
 711.000,1990/6/25,Waiting,514114.250
 712.000,1990/6/26,Waiting,514114.250
 713.000,1990/6/27,Waiting,514114.250
 714.000,1990/6/29,Waiting,514114.250
 715.000,1990/6/30,Waiting,514114.250
 716.000,1990/7/3,Waiting,514114.250
 717.000,1990/7/4,Waiting,514114.250
 718.000,1990/7/5,Waiting,514114.250
 719.000,1990/7/6,Waiting,514114.250
 720.000,1990/7/7,Waiting,514114.250
 721.000,1990/7/9,Waiting,514114.250
 722.000,1990/7/10,Waiting,514114.250
 723.000,1990/7/11,Waiting,514114.250
 724.000,1990/7/12,Waiting,514114.250
 725.000,1990/7/13,Waiting,514114.250
 726.000,1990/7/14,Waiting,514114.250
 727.000,1990/7/16,Waiting,514114.250
 728.000,1990/7/17,Waiting,514114.250
 729.000,1990/7/18,Waiting,514114.250
 730.000,1990/7/19,Waiting,514114.250
 731.000,1990/7/20,Waiting,514114.250
 732.000,1990/7/21,Waiting,514114.250
 733.000,1990/7/23,Waiting,514114.250
 734.000,1990/7/24,Waiting,514114.250
 735.000,1990/7/25,Waiting,514114.250
 736.000,1990/7/26,Waiting,514114.250
 737.000,1990/7/27,Waiting,514114.250
 738.000,1990/7/28,Waiting,514114.250
 739.000,1990/7/30,Waiting,514114.250
 740.000,1990/7/31,Waiting,514114.250
 741.000,1990/8/1,Waiting,514114.250
 742.000,1990/8/2,Waiting,514114.250
 743.000,1990/8/3,Waiting,514114.250
 744.000,1990/8/4,Waiting,514114.250
 745.000,1990/8/6,Waiting,514114.250
 746.000,1990/8/7,Waiting,514114.250
 747.000,1990/8/8,Waiting,514114.250
 748.000,1990/8/9,Waiting,514114.250
 749.000,1990/8/10,Waiting,514114.250
 750.000,1990/8/11,Waiting,514114.250
 751.000,1990/8/13,Waiting,514114.250
 752.000,1990/8/14,Waiting,514114.250
 753.000,1990/8/15,Waiting,514114.250
 754.000,1990/8/16,Waiting,514114.250
 755.000,1990/8/17,Waiting,514114.250
 756.000,1990/8/18,Waiting,514114.250
 757.000,1990/8/20,Waiting,514114.250
 758.000,1990/8/21,Waiting,514114.250
 759.000,1990/8/22,Waiting,514114.250
 760.000,1990/8/23,Waiting,514114.250
 761.000,1990/8/24,Waiting,514114.250
 762.000,1990/8/25,Waiting,514114.250
 763.000,1990/8/27,Waiting,514114.250
 764.000,1990/8/28,Waiting,514114.250
 765.000,1990/8/29,Waiting,514114.250
 766.000,1990/8/31,Waiting,514114.250
 767.000,1990/9/1,Waiting,514114.250
 768.000,1990/9/3,Waiting,514114.250
 769.000,1990/9/4,Waiting,514114.250
 770.000,1990/9/5,Waiting,514114.250
 771.000,1990/9/6,Waiting,514114.250
 772.000,1990/9/10,Waiting,514114.250
 773.000,1990/9/11,Waiting,514114.250
 774.000,1990/9/12,Waiting,514114.250
 775.000,1990/9/13,Waiting,514114.250
 776.000,1990/9/14,Waiting,514114.250
 777.000,1990/9/15,Waiting,514114.250
 778.000,1990/9/17,Waiting,514114.250
 779.000,1990/9/18,Waiting,514114.250
 780.000,1990/9/19,Waiting,514114.250
 781.000,1990/9/20,Waiting,514114.250
 782.000,1990/9/21,Waiting,514114.250
 783.000,1990/9/22,Waiting,514114.250
 784.000,1990/9/24,Waiting,514114.250
 785.000,1990/9/25,Waiting,514114.250
 786.000,1990/9/26,Waiting,514114.250
 787.000,1990/9/27,Waiting,514114.250
 788.000,1990/10/1,Waiting,514114.250
 789.000,1990/10/2,Waiting,514114.250
 790.000,1990/10/4,Waiting,514114.250
 791.000,1990/10/5,Waiting,514114.250
 792.000,1990/10/6,Waiting,514114.250
 793.000,1990/10/8,Waiting,514114.250
 794.000,1990/10/9,Waiting,514114.250
 795.000,1990/10/11,Waiting,514114.250
 796.000,1990/10/12,Waiting,514114.250
 797.000,1990/10/13,Waiting,514114.250
 798.000,1990/10/15,Waiting,514114.250
 799.000,1990/10/16,Waiting,514114.250
 800.000,1990/10/17,Waiting,514114.250
 801.000,1990/10/18,Waiting,514114.250
 802.000,1990/10/19,Waiting,514114.250
 803.000,1990/10/20,Waiting,514114.250
 804.000,1990/10/22,Waiting,514114.250
 805.000,1990/10/23,Waiting,514114.250
 806.000,1990/10/24,Waiting,514114.250
 807.000,1990/10/26,Waiting,514114.250
 808.000,1990/10/27,Waiting,514114.250
 809.000,1990/10/29,Waiting,514114.250
 810.000,1990/10/30,Waiting,514114.250
 811.000,1990/11/1,Waiting,514114.250
 812.000,1990/11/2,Waiting,514114.250
 813.000,1990/11/3,Waiting,514114.250
 814.000,1990/11/5,Waiting,514114.250
 815.000,1990/11/6,Waiting,514114.250
 816.000,1990/11/7,Waiting,514114.250
 817.000,1990/11/8,Waiting,514114.250
 818.000,1990/11/9,Waiting,514114.250
 819.000,1990/11/10,Waiting,514114.250
 820.000,1990/11/13,Waiting,514114.250
 821.000,1990/11/14,Waiting,514114.250
 822.000,1990/11/15,Waiting,514114.250
 823.000,1990/11/16,Waiting,514114.250
 824.000,1990/11/17,Waiting,514114.250
 825.000,1990/11/19,Waiting,514114.250
 826.000,1990/11/20,Waiting,514114.250
 827.000,1990/11/21,Waiting,514114.250
 828.000,1990/11/22,Waiting,514114.250
 829.000,1990/11/23,Waiting,514114.250
 830.000,1990/11/24,Waiting,514114.250
 831.000,1990/11/26,Waiting,514114.250
 832.000,1990/11/27,Waiting,514114.250
 833.000,1990/11/28,Waiting,514114.250
 834.000,1990/11/29,Waiting,514114.250
 835.000,1990/11/30,Waiting,514114.250
 836.000,1990/12/1,Waiting,514114.250
 837.000,1990/12/3,Waiting,514114.250
 838.000,1990/12/4,Waiting,514114.250
 839.000,1990/12/5,Waiting,514114.250
 840.000,1990/12/6,Waiting,514114.250
 841.000,1990/12/7,Waiting,514114.250
 842.000,1990/12/8,Waiting,514114.250
 843.000,1990/12/10,Waiting,514114.250
 844.000,1990/12/11,Waiting,514114.250
 845.000,1990/12/12,Waiting,514114.250
 846.000,1990/12/13,Waiting,514114.250
 847.000,1990/12/14,Waiting,514114.250
 848.000,1990/12/15,Waiting,514114.250
 849.000,1990/12/17,Waiting,514114.250
 850.000,1990/12/18,Waiting,514114.250
 851.000,1990/12/19,Waiting,514114.250
 852.000,1990/12/20,Waiting,514114.250
 853.000,1990/12/21,Waiting,514114.250
 854.000,1990/12/22,Waiting,514114.250
 855.000,1990/12/24,Waiting,514114.250
 856.000,1990/12/26,Waiting,514114.250
 857.000,1990/12/27,Waiting,514114.250
 858.000,1991/1/3,Buy,514114.250
 859.000,1991/1/4,Holding,524580.375
 860.000,1991/1/5,Holding,576911.563
 861.000,1991/1/7,Holding,484459.938
 862.000,1991/1/8,Sell,421662.469
 863.000,1991/1/9,Waiting,421662.469
 864.000,1991/1/10,Waiting,421662.469
 865.000,1991/1/11,Waiting,421662.469
 866.000,1991/1/12,Waiting,421662.469
 867.000,1991/1/14,Waiting,421662.469
 868.000,1991/1/15,Waiting,421662.469
 869.000,1991/1/16,Waiting,421662.469
 870.000,1991/1/17,Waiting,421662.469
 871.000,1991/1/18,Waiting,421662.469
 872.000,1991/1/19,Waiting,421662.469
 873.000,1991/1/21,Waiting,421662.469
 874.000,1991/1/22,Waiting,421662.469
 875.000,1991/1/23,Waiting,421662.469
 876.000,1991/1/24,Waiting,421662.469
 877.000,1991/1/25,Waiting,421662.469
 878.000,1991/1/26,Waiting,421662.469
 879.000,1991/1/28,Waiting,421662.469
 880.000,1991/1/29,Waiting,421662.469
 881.000,1991/1/30,Waiting,421662.469
 882.000,1991/1/31,Waiting,421662.469
 883.000,1991/2/1,Waiting,421662.469
 884.000,1991/2/2,Waiting,421662.469
 885.000,1991/2/4,Waiting,421662.469
 886.000,1991/2/5,Waiting,421662.469
 887.000,1991/2/6,Waiting,421662.469
 888.000,1991/2/7,Waiting,421662.469
 889.000,1991/2/8,Waiting,421662.469
 890.000,1991/2/9,Waiting,421662.469
 891.000,1991/2/11,Waiting,421662.469
 892.000,1991/2/19,Buy,421662.469
 893.000,1991/2/20,Holding,380415.000
 894.000,1991/2/21,Holding,469784.438
 895.000,1991/2/22,Holding,380415.000
 896.000,1991/2/23,Holding,469784.438
 897.000,1991/2/25,Holding,486283.531
 898.000,1991/2/26,Holding,436786.500
 899.000,1991/2/27,Holding,478033.969
 900.000,1991/2/28,Holding,519281.438
 901.000,1991/3/1,Holding,478033.969
 902.000,1991/3/2,Holding,380415.000
 903.000,1991/3/4,Holding,340542.438
 904.000,1991/3/5,Holding,315793.938
 905.000,1991/3/6,Holding,299294.969
 906.000,1991/3/7,Holding,340542.438
 907.000,1991/3/8,Holding,347417.063
 908.000,1991/3/9,Holding,396913.938
 909.000,1991/3/11,Holding,421662.469
 910.000,1991/3/12,Holding,413412.906
 911.000,1991/3/13,Holding,388664.531
 912.000,1991/3/14,Holding,380415.000
 913.000,1991/3/15,Holding,413412.906
 914.000,1991/3/16,Holding,405163.500
 915.000,1991/3/18,Holding,363916.031
 916.000,1991/3/19,Holding,363916.031
 917.000,1991/3/20,Holding,347417.063
 918.000,1991/3/21,Holding,340542.438
 919.000,1991/3/22,Holding,347417.063
 920.000,1991/3/23,Holding,332292.906
 921.000,1991/3/25,Holding,347417.063
 922.000,1991/3/26,Holding,347417.063
 923.000,1991/3/27,Holding,380415.000
 924.000,1991/3/28,Holding,436786.500
 925.000,1991/4/1,Holding,461535.000
 926.000,1991/4/2,Holding,388664.531
 927.000,1991/4/3,Holding,421662.469
 928.000,1991/4/8,Holding,445036.031
 929.000,1991/4/9,Holding,436786.500
 930.000,1991/4/10,Holding,445036.031
 931.000,1991/4/11,Holding,511031.906
 932.000,1991/4/12,Holding,478033.969
 933.000,1991/4/13,Holding,486283.531
 934.000,1991/4/15,Holding,526156.063
 935.000,1991/4/16,Holding,421662.469
 936.000,1991/4/17,Holding,453285.469
 937.000,1991/4/18,Holding,502782.500
 938.000,1991/4/19,Holding,494532.938
 939.000,1991/4/20,Holding,519281.438
 940.000,1991/4/22,Holding,526156.063
 941.000,1991/4/23,Holding,526156.063
 942.000,1991/4/24,Holding,511031.906
 943.000,1991/4/25,Holding,519281.438
 944.000,1991/4/26,Holding,526156.063
 945.000,1991/4/27,Holding,608650.875
 946.000,1991/4/29,Holding,640274.000
 947.000,1991/4/30,Holding,754391.938
 948.000,1991/5/1,Holding,673271.938
 949.000,1991/5/2,Holding,648523.438
 950.000,1991/5/3,Holding,640274.000
 951.000,1991/5/4,Holding,682896.313
 952.000,1991/5/6,Holding,765391.250
 953.000,1991/5/7,Holding,732393.313
 954.000,1991/5/8,Holding,748892.250
 955.000,1991/5/9,Holding,831387.125
 956.000,1991/5/10,Holding,831387.125
 957.000,1991/5/11,Holding,781890.250
 958.000,1991/5/13,Holding,748892.250
 959.000,1991/5/14,Holding,757141.750
 960.000,1991/5/15,Holding,641648.813
 961.000,1991/5/16,Holding,666397.313
 962.000,1991/5/17,Holding,715894.250
 963.000,1991/5/18,Holding,674646.875
 964.000,1991/5/20,Holding,707644.813
 965.000,1991/5/21,Holding,724143.750
 966.000,1991/5/22,Holding,724143.750
 967.000,1991/5/23,Holding,715894.250
 968.000,1991/5/24,Holding,715894.250
 969.000,1991/5/25,Holding,682896.313
 970.000,1991/5/27,Holding,666397.313
 971.000,1991/5/28,Holding,682896.313
 972.000,1991/5/29,Holding,583902.500
 973.000,1991/5/30,Holding,583902.500
 974.000,1991/5/31,Holding,600401.500
 975.000,1991/6/1,Holding,625149.875
 976.000,1991/6/3,Holding,674646.875
 977.000,1991/6/4,Holding,616900.438
 978.000,1991/6/5,Holding,674646.875
 979.000,1991/6/6,Holding,666397.313
 980.000,1991/6/7,Holding,699395.250
 981.000,1991/6/8,Holding,707644.813
 982.000,1991/6/10,Holding,674646.875
 983.000,1991/6/11,Holding,724143.750
 984.000,1991/6/12,Holding,699395.250
 985.000,1991/6/13,Holding,699395.250
 986.000,1991/6/14,Holding,724143.750
 987.000,1991/6/15,Holding,765391.250
 988.000,1991/6/18,Holding,748892.250
 989.000,1991/6/19,Holding,757141.750
 990.000,1991/6/20,Holding,748892.250
 991.000,1991/6/21,Holding,748892.250
 992.000,1991/6/22,Holding,748892.250
 993.000,1991/6/24,Holding,757141.750
 994.000,1991/6/25,Holding,682896.313
 995.000,1991/6/26,Holding,715894.250
 996.000,1991/6/27,Holding,699395.250
 997.000,1991/6/28,Holding,715894.250
 998.000,1991/6/29,Holding,682896.313
 999.000,1991/7/2,Holding,649898.375
1000.000,1991/7/3,Holding,682896.313
1001.000,1991/7/4,Holding,699395.250
1002.000,1991/7/5,Holding,691145.875
1003.000,1991/7/6,Holding,649898.375
1004.000,1991/7/8,Holding,600401.500
1005.000,1991/7/9,Sell,583902.500
1006.000,1991/7/10,Waiting,583902.500
1007.000,1991/7/11,Waiting,583902.500
1008.000,1991/7/12,Waiting,583902.500
1009.000,1991/7/13,Waiting,583902.500
1010.000,1991/7/15,Waiting,583902.500
1011.000,1991/7/16,Waiting,583902.500
1012.000,1991/7/17,Waiting,583902.500
1013.000,1991/7/18,Waiting,583902.500
1014.000,1991/7/20,Waiting,583902.500
1015.000,1991/7/22,Waiting,583902.500
1016.000,1991/7/23,Waiting,583902.500
1017.000,1991/7/24,Waiting,583902.500
1018.000,1991/7/25,Waiting,583902.500
1019.000,1991/7/26,Waiting,583902.500
1020.000,1991/7/27,Waiting,583902.500
1021.000,1991/7/29,Waiting,583902.500
1022.000,1991/7/30,Waiting,583902.500
1023.000,1991/7/31,Waiting,583902.500
1024.000,1991/8/1,Waiting,583902.500
1025.000,1991/8/2,Waiting,583902.500
1026.000,1991/8/3,Waiting,583902.500
1027.000,1991/8/5,Waiting,583902.500
1028.000,1991/8/6,Waiting,583902.500
1029.000,1991/8/7,Waiting,583902.500
1030.000,1991/8/8,Waiting,583902.500
1031.000,1991/8/9,Waiting,583902.500
1032.000,1991/8/10,Waiting,583902.500
1033.000,1991/8/12,Waiting,583902.500
1034.000,1991/8/13,Waiting,583902.500
1035.000,1991/8/14,Waiting,583902.500
1036.000,1991/8/15,Waiting,583902.500
1037.000,1991/8/16,Waiting,583902.500
1038.000,1991/8/17,Waiting,583902.500
1039.000,1991/8/19,Waiting,583902.500
1040.000,1991/8/20,Waiting,583902.500
1041.000,1991/8/21,Waiting,583902.500
1042.000,1991/8/22,Waiting,583902.500
1043.000,1991/8/23,Waiting,583902.500
1044.000,1991/8/24,Waiting,583902.500
1045.000,1991/8/26,Waiting,583902.500
1046.000,1991/8/27,Waiting,583902.500
1047.000,1991/8/28,Waiting,583902.500
1048.000,1991/8/29,Waiting,583902.500
1049.000,1991/8/30,Waiting,583902.500
1050.000,1991/8/31,Waiting,583902.500
1051.000,1991/9/2,Waiting,583902.500
1052.000,1991/9/3,Waiting,583902.500
1053.000,1991/9/4,Waiting,583902.500
1054.000,1991/9/5,Waiting,583902.500
1055.000,1991/9/6,Waiting,583902.500
1056.000,1991/9/7,Waiting,583902.500
1057.000,1991/9/9,Waiting,583902.500
1058.000,1991/9/10,Waiting,583902.500
1059.000,1991/9/11,Waiting,583902.500
1060.000,1991/9/12,Waiting,583902.500
1061.000,1991/9/13,Waiting,583902.500
1062.000,1991/9/14,Waiting,583902.500
1063.000,1991/9/16,Waiting,583902.500
1064.000,1991/9/17,Waiting,583902.500
1065.000,1991/9/18,Waiting,583902.500
1066.000,1991/9/19,Waiting,583902.500
1067.000,1991/9/20,Waiting,583902.500
1068.000,1991/9/21,Waiting,583902.500
1069.000,1991/9/24,Waiting,583902.500
1070.000,1991/9/25,Waiting,583902.500
1071.000,1991/9/26,Waiting,583902.500
1072.000,1991/9/27,Waiting,583902.500
1073.000,1991/9/30,Waiting,583902.500
1074.000,1991/10/1,Waiting,583902.500
1075.000,1991/10/2,Waiting,583902.500
1076.000,1991/10/3,Waiting,583902.500
1077.000,1991/10/4,Waiting,583902.500
1078.000,1991/10/5,Waiting,583902.500
1079.000,1991/10/7,Waiting,583902.500
1080.000,1991/10/8,Waiting,583902.500
1081.000,1991/10/9,Waiting,583902.500
1082.000,1991/10/11,Waiting,583902.500
1083.000,1991/10/12,Waiting,583902.500
1084.000,1991/10/14,Waiting,583902.500
1085.000,1991/10/15,Waiting,583902.500
1086.000,1991/10/16,Waiting,583902.500
1087.000,1991/10/17,Waiting,583902.500
1088.000,1991/10/18,Waiting,583902.500
1089.000,1991/10/19,Waiting,583902.500
1090.000,1991/10/21,Waiting,583902.500
1091.000,1991/10/22,Waiting,583902.500
1092.000,1991/10/23,Waiting,583902.500
1093.000,1991/10/24,Waiting,583902.500
1094.000,1991/10/28,Waiting,583902.500
1095.000,1991/10/29,Waiting,583902.500
1096.000,1991/10/30,Waiting,583902.500
1097.000,1991/11/1,Waiting,583902.500
1098.000,1991/11/2,Waiting,583902.500
1099.000,1991/11/4,Waiting,583902.500
1100.000,1991/11/5,Waiting,583902.500
1101.000,1991/11/6,Waiting,583902.500
1102.000,1991/11/7,Waiting,583902.500
1103.000,1991/11/8,Waiting,583902.500
1104.000,1991/11/9,Waiting,583902.500
1105.000,1991/11/11,Waiting,583902.500
1106.000,1991/11/13,Waiting,583902.500
1107.000,1991/11/14,Waiting,583902.500
1108.000,1991/11/15,Waiting,583902.500
1109.000,1991/11/16,Waiting,583902.500
1110.000,1991/11/18,Waiting,583902.500
1111.000,1991/11/19,Waiting,583902.500
1112.000,1991/11/20,Waiting,583902.500
1113.000,1991/11/21,Waiting,583902.500
1114.000,1991/11/22,Waiting,583902.500
1115.000,1991/11/23,Waiting,583902.500
1116.000,1991/11/25,Waiting,583902.500
1117.000,1991/11/26,Waiting,583902.500
1118.000,1991/11/27,Waiting,583902.500
1119.000,1991/11/28,Waiting,583902.500
1120.000,1991/11/29,Waiting,583902.500
1121.000,1991/11/30,Waiting,583902.500
1122.000,1991/12/2,Waiting,583902.500
1123.000,1991/12/3,Waiting,583902.500
1124.000,1991/12/4,Waiting,583902.500
1125.000,1991/12/5,Waiting,583902.500
1126.000,1991/12/6,Waiting,583902.500
1127.000,1991/12/7,Waiting,583902.500
1128.000,1991/12/9,Waiting,583902.500
1129.000,1991/12/10,Waiting,583902.500
1130.000,1991/12/11,Waiting,583902.500
1131.000,1991/12/12,Waiting,583902.500
1132.000,1991/12/13,Waiting,583902.500
1133.000,1991/12/14,Waiting,583902.500
1134.000,1991/12/16,Waiting,583902.500
1135.000,1991/12/17,Waiting,583902.500
1136.000,1991/12/18,Waiting,583902.500
1137.000,1991/12/19,Waiting,583902.500
1138.000,1991/12/20,Waiting,583902.500
1139.000,1991/12/23,Waiting,583902.500
1140.000,1991/12/24,Waiting,583902.500
1141.000,1991/12/26,Waiting,583902.500
1142.000,1991/12/27,Waiting,583902.500
1143.000,1991/12/28,Waiting,583902.500
1144.000,1992/1/4,Waiting,583902.500
1145.000,1992/1/6,Waiting,583902.500
1146.000,1992/1/7,Waiting,583902.500
1147.000,1992/1/8,Waiting,583902.500
1148.000,1992/1/9,Waiting,583902.500
1149.000,1992/1/10,Waiting,583902.500
1150.000,1992/1/11,Waiting,583902.500
1151.000,1992/1/13,Waiting,583902.500
1152.000,1992/1/14,Waiting,583902.500
1153.000,1992/1/15,Waiting,583902.500
1154.000,1992/1/16,Waiting,583902.500
1155.000,1992/1/17,Waiting,583902.500
1156.000,1992/1/18,Waiting,583902.500
1157.000,1992/1/20,Waiting,583902.500
1158.000,1992/1/21,Waiting,583902.500
1159.000,1992/1/22,Waiting,583902.500
1160.000,1992/1/23,Waiting,583902.500
1161.000,1992/1/24,Waiting,583902.500
1162.000,1992/1/25,Waiting,583902.500
1163.000,1992/1/27,Waiting,583902.500
1164.000,1992/1/28,Waiting,583902.500
1165.000,1992/1/29,Waiting,583902.500
1166.000,1992/1/30,Waiting,583902.500
1167.000,1992/2/7,Waiting,583902.500
1168.000,1992/2/8,Waiting,583902.500
1169.000,1992/2/10,Waiting,583902.500
1170.000,1992/2/11,Waiting,583902.500
1171.000,1992/2/12,Waiting,583902.500
1172.000,1992/2/13,Waiting,583902.500
1173.000,1992/2/14,Waiting,583902.500
1174.000,1992/2/15,Waiting,583902.500
1175.000,1992/2/17,Waiting,583902.500
1176.000,1992/2/18,Waiting,583902.500
1177.000,1992/2/19,Waiting,583902.500
1178.000,1992/2/20,Waiting,583902.500
1179.000,1992/2/21,Waiting,583902.500
1180.000,1992/2/22,Waiting,583902.500
1181.000,1992/2/24,Waiting,583902.500
1182.000,1992/2/25,Waiting,583902.500
1183.000,1992/2/26,Waiting,583902.500
1184.000,1992/2/27,Waiting,583902.500
1185.000,1992/2/28,Waiting,583902.500
1186.000,1992/2/29,Waiting,583902.500
1187.000,1992/3/2,Waiting,583902.500
1188.000,1992/3/3,Waiting,583902.500
1189.000,1992/3/4,Waiting,583902.500
1190.000,1992/3/5,Waiting,583902.500
1191.000,1992/3/6,Waiting,583902.500
1192.000,1992/3/7,Waiting,583902.500
1193.000,1992/3/9,Waiting,583902.500
1194.000,1992/3/10,Waiting,583902.500
1195.000,1992/3/11,Waiting,583902.500
1196.000,1992/3/12,Waiting,583902.500
1197.000,1992/3/13,Waiting,583902.500
1198.000,1992/3/14,Waiting,583902.500
1199.000,1992/3/16,Waiting,583902.500
1200.000,1992/3/17,Waiting,583902.500
1201.000,1992/3/18,Waiting,583902.500
1202.000,1992/3/19,Waiting,583902.500
1203.000,1992/3/20,Waiting,583902.500
1204.000,1992/3/21,Waiting,583902.500
1205.000,1992/3/23,Waiting,583902.500
1206.000,1992/3/24,Waiting,583902.500
1207.000,1992/3/25,Waiting,583902.500
1208.000,1992/3/26,Waiting,583902.500
1209.000,1992/3/27,Waiting,583902.500
1210.000,1992/3/28,Waiting,583902.500
1211.000,1992/3/31,Waiting,583902.500
1212.000,1992/4/1,Waiting,583902.500
1213.000,1992/4/2,Waiting,583902.500
1214.000,1992/4/6,Waiting,583902.500
1215.000,1992/4/7,Waiting,583902.500
1216.000,1992/4/8,Waiting,583902.500
1217.000,1992/4/9,Waiting,583902.500
1218.000,1992/4/10,Waiting,583902.500
1219.000,1992/4/11,Waiting,583902.500
1220.000,1992/4/13,Waiting,583902.500
1221.000,1992/4/14,Waiting,583902.500
1222.000,1992/4/15,Waiting,583902.500
1223.000,1992/4/16,Waiting,583902.500
1224.000,1992/4/17,Waiting,583902.500
1225.000,1992/4/18,Waiting,583902.500
1226.000,1992/4/20,Waiting,583902.500
1227.000,1992/4/21,Waiting,583902.500
1228.000,1992/4/22,Waiting,583902.500
1229.000,1992/4/23,Waiting,583902.500
1230.000,1992/4/24,Waiting,583902.500
1231.000,1992/4/25,Waiting,583902.500
1232.000,1992/4/27,Waiting,583902.500
1233.000,1992/4/28,Waiting,583902.500
1234.000,1992/4/29,Waiting,583902.500
1235.000,1992/4/30,Waiting,583902.500
1236.000,1992/5/1,Waiting,583902.500
1237.000,1992/5/2,Waiting,583902.500
1238.000,1992/5/4,Waiting,583902.500
1239.000,1992/5/5,Waiting,583902.500
1240.000,1992/5/6,Waiting,583902.500
1241.000,1992/5/7,Waiting,583902.500
1242.000,1992/5/8,Waiting,583902.500
1243.000,1992/5/9,Waiting,583902.500
1244.000,1992/5/11,Waiting,583902.500
1245.000,1992/5/12,Waiting,583902.500
1246.000,1992/5/13,Waiting,583902.500
1247.000,1992/5/14,Waiting,583902.500
1248.000,1992/5/15,Waiting,583902.500
1249.000,1992/5/16,Waiting,583902.500
1250.000,1992/5/18,Waiting,583902.500
1251.000,1992/5/19,Waiting,583902.500
1252.000,1992/5/20,Waiting,583902.500
1253.000,1992/5/21,Waiting,583902.500
1254.000,1992/5/22,Waiting,583902.500
1255.000,1992/5/23,Waiting,583902.500
1256.000,1992/5/25,Waiting,583902.500
1257.000,1992/5/26,Waiting,583902.500
1258.000,1992/5/27,Waiting,583902.500
1259.000,1992/5/28,Waiting,583902.500
1260.000,1992/5/29,Waiting,583902.500
1261.000,1992/5/30,Waiting,583902.500
1262.000,1992/6/1,Waiting,583902.500
1263.000,1992/6/2,Waiting,583902.500
1264.000,1992/6/3,Waiting,583902.500
1265.000,1992/6/4,Waiting,583902.500
1266.000,1992/6/8,Waiting,583902.500
1267.000,1992/6/9,Waiting,583902.500
1268.000,1992/6/10,Waiting,583902.500
1269.000,1992/6/11,Waiting,583902.500
1270.000,1992/6/12,Waiting,583902.500
1271.000,1992/6/13,Waiting,583902.500
1272.000,1992/6/15,Waiting,583902.500
1273.000,1992/6/16,Waiting,583902.500
1274.000,1992/6/17,Waiting,583902.500
1275.000,1992/6/18,Waiting,583902.500
1276.000,1992/6/19,Waiting,583902.500
1277.000,1992/6/20,Waiting,583902.500
1278.000,1992/6/22,Waiting,583902.500
1279.000,1992/6/23,Waiting,583902.500
1280.000,1992/6/24,Waiting,583902.500
1281.000,1992/6/25,Waiting,583902.500
1282.000,1992/6/26,Waiting,583902.500
1283.000,1992/6/27,Waiting,583902.500
1284.000,1992/6/29,Waiting,583902.500
1285.000,1992/6/30,Waiting,583902.500
1286.000,1992/7/2,Waiting,583902.500
1287.000,1992/7/3,Waiting,583902.500
1288.000,1992/7/4,Waiting,583902.500
1289.000,1992/7/6,Waiting,583902.500
1290.000,1992/7/7,Waiting,583902.500
1291.000,1992/7/8,Waiting,583902.500
1292.000,1992/7/9,Waiting,583902.500
1293.000,1992/7/10,Waiting,583902.500
1294.000,1992/7/11,Waiting,583902.500
1295.000,1992/7/13,Waiting,583902.500
1296.000,1992/7/14,Waiting,583902.500
1297.000,1992/7/15,Waiting,583902.500
1298.000,1992/7/16,Waiting,583902.500
1299.000,1992/7/17,Waiting,583902.500
1300.000,1992/7/18,Waiting,583902.500
1301.000,1992/7/20,Waiting,583902.500
1302.000,1992/7/21,Waiting,583902.500
1303.000,1992/7/22,Waiting,583902.500
1304.000,1992/7/23,Waiting,583902.500
1305.000,1992/7/24,Waiting,583902.500
1306.000,1992/7/25,Waiting,583902.500
1307.000,1992/7/27,Waiting,583902.500
1308.000,1992/7/28,Waiting,583902.500
1309.000,1992/7/29,Waiting,583902.500
1310.000,1992/7/30,Waiting,583902.500
1311.000,1992/7/31,Waiting,583902.500
1312.000,1992/8/1,Waiting,583902.500
1313.000,1992/8/3,Waiting,583902.500
1314.000,1992/8/4,Waiting,583902.500
1315.000,1992/8/5,Waiting,583902.500
1316.000,1992/8/6,Waiting,583902.500
1317.000,1992/8/7,Waiting,583902.500
1318.000,1992/8/8,Waiting,583902.500
1319.000,1992/8/10,Waiting,583902.500
1320.000,1992/8/11,Waiting,583902.500
1321.000,1992/8/12,Waiting,583902.500
1322.000,1992/8/13,Waiting,583902.500
1323.000,1992/8/14,Waiting,583902.500
1324.000,1992/8/15,Waiting,583902.500
1325.000,1992/8/17,Waiting,583902.500
1326.000,1992/8/18,Waiting,583902.500
1327.000,1992/8/19,Waiting,583902.500
1328.000,1992/8/20,Waiting,583902.500
1329.000,1992/8/21,Waiting,583902.500
1330.000,1992/8/22,Waiting,583902.500
1331.000,1992/8/24,Waiting,583902.500
1332.000,1992/8/25,Waiting,583902.500
1333.000,1992/8/26,Waiting,583902.500
1334.000,1992/8/27,Waiting,583902.500
1335.000,1992/8/28,Waiting,583902.500
1336.000,1992/8/31,Waiting,583902.500
1337.000,1992/9/1,Waiting,583902.500
1338.000,1992/9/2,Waiting,583902.500
1339.000,1992/9/3,Waiting,583902.500
1340.000,1992/9/7,Waiting,583902.500
1341.000,1992/9/8,Waiting,583902.500
1342.000,1992/9/9,Waiting,583902.500
1343.000,1992/9/10,Waiting,583902.500
1344.000,1992/9/14,Waiting,583902.500
1345.000,1992/9/15,Waiting,583902.500
1346.000,1992/9/16,Waiting,583902.500
1347.000,1992/9/17,Waiting,583902.500
1348.000,1992/9/18,Waiting,583902.500
1349.000,1992/9/19,Waiting,583902.500
1350.000,1992/9/21,Waiting,583902.500
1351.000,1992/9/22,Waiting,583902.500
1352.000,1992/9/23,Waiting,583902.500
1353.000,1992/9/24,Waiting,583902.500
1354.000,1992/9/25,Waiting,583902.500
1355.000,1992/9/26,Waiting,583902.500
1356.000,1992/9/29,Waiting,583902.500
1357.000,1992/9/30,Waiting,583902.500
1358.000,1992/10/1,Waiting,583902.500
1359.000,1992/10/2,Waiting,583902.500
1360.000,1992/10/3,Waiting,583902.500
1361.000,1992/10/5,Waiting,583902.500
1362.000,1992/10/6,Waiting,583902.500
1363.000,1992/10/7,Waiting,583902.500
1364.000,1992/10/8,Waiting,583902.500
1365.000,1992/10/9,Waiting,583902.500
1366.000,1992/10/12,Waiting,583902.500
1367.000,1992/10/13,Waiting,583902.500
1368.000,1992/10/14,Waiting,583902.500
1369.000,1992/10/15,Waiting,583902.500
1370.000,1992/10/16,Waiting,583902.500
1371.000,1992/10/17,Waiting,583902.500
1372.000,1992/10/19,Waiting,583902.500
1373.000,1992/10/20,Waiting,583902.500
1374.000,1992/10/21,Waiting,583902.500
1375.000,1992/10/22,Waiting,583902.500
1376.000,1992/10/23,Waiting,583902.500
1377.000,1992/10/24,Waiting,583902.500
1378.000,1992/10/27,Waiting,583902.500
1379.000,1992/10/28,Waiting,583902.500
1380.000,1992/10/29,Waiting,583902.500
1381.000,1992/10/30,Waiting,583902.500
1382.000,1992/11/2,Waiting,583902.500
1383.000,1992/11/3,Waiting,583902.500
1384.000,1992/11/4,Waiting,583902.500
1385.000,1992/11/5,Waiting,583902.500
1386.000,1992/11/6,Waiting,583902.500
1387.000,1992/11/7,Waiting,583902.500
1388.000,1992/11/9,Waiting,583902.500
1389.000,1992/11/10,Waiting,583902.500
1390.000,1992/11/11,Waiting,583902.500
1391.000,1992/11/13,Waiting,583902.500
1392.000,1992/11/14,Waiting,583902.500
1393.000,1992/11/16,Waiting,583902.500
1394.000,1992/11/17,Waiting,583902.500
1395.000,1992/11/18,Waiting,583902.500
1396.000,1992/11/19,Waiting,583902.500
1397.000,1992/11/20,Waiting,583902.500
1398.000,1992/11/21,Waiting,583902.500
1399.000,1992/11/23,Waiting,583902.500
1400.000,1992/11/24,Waiting,583902.500
1401.000,1992/11/25,Waiting,583902.500
1402.000,1992/11/26,Waiting,583902.500
1403.000,1992/11/27,Waiting,583902.500
1404.000,1992/11/28,Waiting,583902.500
1405.000,1992/11/30,Waiting,583902.500
1406.000,1992/12/1,Waiting,583902.500
1407.000,1992/12/2,Waiting,583902.500
1408.000,1992/12/3,Waiting,583902.500
1409.000,1992/12/4,Waiting,583902.500
1410.000,1992/12/5,Waiting,583902.500
1411.000,1992/12/7,Waiting,583902.500
1412.000,1992/12/8,Waiting,583902.500
1413.000,1992/12/9,Waiting,583902.500
1414.000,1992/12/10,Waiting,583902.500
1415.000,1992/12/11,Waiting,583902.500
1416.000,1992/12/12,Waiting,583902.500
1417.000,1992/12/14,Waiting,583902.500
1418.000,1992/12/15,Waiting,583902.500
1419.000,1992/12/16,Waiting,583902.500
1420.000,1992/12/17,Waiting,583902.500
1421.000,1992/12/18,Waiting,583902.500
1422.000,1992/12/21,Waiting,583902.500
1423.000,1992/12/22,Waiting,583902.500
1424.000,1992/12/23,Waiting,583902.500
1425.000,1992/12/24,Waiting,583902.500
1426.000,1992/12/28,Waiting,583902.500
1427.000,1992/12/29,Waiting,583902.500
1428.000,1993/1/5,Waiting,583902.500
1429.000,1993/1/6,Waiting,583902.500
1430.000,1993/1/7,Waiting,583902.500
1431.000,1993/1/8,Waiting,583902.500
1432.000,1993/1/9,Waiting,583902.500
1433.000,1993/1/11,Waiting,583902.500
1434.000,1993/1/12,Waiting,583902.500
1435.000,1993/1/13,Waiting,583902.500
1436.000,1993/1/14,Waiting,583902.500
1437.000,1993/1/15,Waiting,583902.500
1438.000,1993/1/16,Waiting,583902.500
1439.000,1993/1/18,Waiting,583902.500
1440.000,1993/1/19,Waiting,583902.500
1441.000,1993/1/27,Waiting,583902.500
1442.000,1993/1/28,Waiting,583902.500
1443.000,1993/1/29,Waiting,583902.500
1444.000,1993/1/30,Waiting,583902.500
1445.000,1993/2/1,Waiting,583902.500
1446.000,1993/2/2,Buy,583902.500
1447.000,1993/2/3,Holding,583902.500
1448.000,1993/2/4,Holding,567460.563
1449.000,1993/2/5,Holding,583902.500
1450.000,1993/2/6,Holding,598517.500
1451.000,1993/2/8,Holding,613132.500
1452.000,1993/2/9,Holding,583902.500
1453.000,1993/2/10,Holding,552845.563
1454.000,1993/2/11,Holding,583902.500
1455.000,1993/2/12,Holding,673419.438
1456.000,1993/2/13,Holding,673419.438
1457.000,1993/2/15,Holding,748321.375
1458.000,1993/2/16,Holding,702649.438
1459.000,1993/2/17,Holding,806781.500
1460.000,1993/2/18,Holding,762936.375
1461.000,1993/2/19,Holding,731879.438
1462.000,1993/2/20,Holding,762936.375
1463.000,1993/2/22,Holding,731879.438
1464.000,1993/2/23,Holding,731879.438
1465.000,1993/2/24,Holding,762936.375
1466.000,1993/2/25,Holding,852453.438
1467.000,1993/2/26,Holding,910913.500
1468.000,1993/2/27,Holding,896298.438
1469.000,1993/3/1,Holding,896298.438
1470.000,1993/3/2,Holding,852453.438
1471.000,1993/3/3,Holding,910913.500
1472.000,1993/3/4,Holding,1031487.313
1473.000,1993/3/5,Holding,971200.375
1474.000,1993/3/6,Holding,910913.500
1475.000,1993/3/8,Holding,881683.438
1476.000,1993/3/9,Holding,867068.438
1477.000,1993/3/10,Holding,852453.438
1478.000,1993/3/11,Holding,896298.438
1479.000,1993/3/12,Holding,881683.438
1480.000,1993/3/13,Holding,852453.438
1481.000,1993/3/15,Holding,837838.438
1482.000,1993/3/16,Holding,852453.438
1483.000,1993/3/17,Holding,821396.500
1484.000,1993/3/18,Holding,867068.438
1485.000,1993/3/19,Holding,837838.438
1486.000,1993/3/20,Holding,837838.438
1487.000,1993/3/22,Holding,852453.438
1488.000,1993/3/23,Holding,867068.438
1489.000,1993/3/24,Holding,852453.438
1490.000,1993/3/25,Holding,881683.438
1491.000,1993/3/26,Holding,837838.438
1492.000,1993/3/27,Holding,837838.438
1493.000,1993/3/30,Holding,852453.438
1494.000,1993/3/31,Holding,896298.438
1495.000,1993/4/1,Holding,867068.438
1496.000,1993/4/2,Holding,910913.500
1497.000,1993/4/3,Holding,910913.500
1498.000,1993/4/7,Holding,910913.500
1499.000,1993/4/8,Holding,910913.500
1500.000,1993/4/9,Holding,867068.438
1501.000,1993/4/10,Holding,837838.438
1502.000,1993/4/12,Holding,837838.438
1503.000,1993/4/13,Holding,806781.500
1504.000,1993/4/14,Holding,821396.500
1505.000,1993/4/15,Holding,837838.438
1506.000,1993/4/16,Holding,777551.375
1507.000,1993/4/17,Holding,762936.375
1508.000,1993/4/19,Holding,792166.500
1509.000,1993/4/20,Holding,748321.375
1510.000,1993/4/21,Holding,762936.375
1511.000,1993/4/22,Holding,792166.500
1512.000,1993/4/23,Holding,777551.375
1513.000,1993/4/24,Holding,762936.375
1514.000,1993/4/26,Holding,762936.375
1515.000,1993/4/27,Holding,748321.375
1516.000,1993/4/28,Sell,748321.375
1517.000,1993/4/29,Waiting,748321.375
1518.000,1993/4/30,Waiting,748321.375
1519.000,1993/5/1,Waiting,748321.375
1520.000,1993/5/3,Waiting,748321.375
1521.000,1993/5/4,Waiting,748321.375
1522.000,1993/5/5,Waiting,748321.375
1523.000,1993/5/6,Waiting,748321.375
1524.000,1993/5/7,Waiting,748321.375
1525.000,1993/5/8,Waiting,748321.375
1526.000,1993/5/10,Waiting,748321.375
1527.000,1993/5/11,Waiting,748321.375
1528.000,1993/5/12,Waiting,748321.375
1529.000,1993/5/13,Buy,748321.375
1530.000,1993/5/14,Holding,706694.688
1531.000,1993/5/15,Holding,678388.500
1532.000,1993/5/17,Holding,663402.875
1533.000,1993/5/18,Holding,678388.500
1534.000,1993/5/19,Holding,678388.500
1535.000,1993/5/20,Holding,678388.500
1536.000,1993/5/21,Holding,678388.500
1537.000,1993/5/22,Holding,678388.500
1538.000,1993/5/24,Holding,678388.500
1539.000,1993/5/25,Holding,663402.875
1540.000,1993/5/26,Sell,650082.375
1541.000,1993/5/27,Waiting,650082.375
1542.000,1993/5/28,Waiting,650082.375
1543.000,1993/5/29,Waiting,650082.375
1544.000,1993/5/31,Waiting,650082.375
1545.000,1993/6/1,Waiting,650082.375
1546.000,1993/6/2,Waiting,650082.375
1547.000,1993/6/3,Waiting,650082.375
1548.000,1993/6/4,Waiting,650082.375
1549.000,1993/6/5,Waiting,650082.375
1550.000,1993/6/7,Waiting,650082.375
1551.000,1993/6/8,Waiting,650082.375
1552.000,1993/6/9,Waiting,650082.375
1553.000,1993/6/10,Waiting,650082.375
1554.000,1993/6/11,Waiting,650082.375
1555.000,1993/6/12,Waiting,650082.375
1556.000,1993/6/14,Waiting,650082.375
1557.000,1993/6/15,Waiting,650082.375
1558.000,1993/6/16,Waiting,650082.375
1559.000,1993/6/17,Waiting,650082.375
1560.000,1993/6/18,Waiting,650082.375
1561.000,1993/6/19,Waiting,650082.375
1562.000,1993/6/21,Waiting,650082.375
1563.000,1993/6/22,Waiting,650082.375
1564.000,1993/6/23,Waiting,650082.375
1565.000,1993/6/25,Waiting,650082.375
1566.000,1993/6/26,Waiting,650082.375
1567.000,1993/6/28,Waiting,650082.375
1568.000,1993/6/29,Waiting,650082.375
1569.000,1993/6/30,Waiting,650082.375
1570.000,1993/7/2,Waiting,650082.375
1571.000,1993/7/3,Waiting,650082.375
1572.000,1993/7/5,Waiting,650082.375
1573.000,1993/7/6,Waiting,650082.375
1574.000,1993/7/7,Waiting,650082.375
1575.000,1993/7/8,Waiting,650082.375
1576.000,1993/7/9,Waiting,650082.375
1577.000,1993/7/10,Waiting,650082.375
1578.000,1993/7/12,Waiting,650082.375
1579.000,1993/7/13,Waiting,650082.375
1580.000,1993/7/14,Waiting,650082.375
1581.000,1993/7/15,Waiting,650082.375
1582.000,1993/7/16,Waiting,650082.375
1583.000,1993/7/17,Waiting,650082.375
1584.000,1993/7/19,Waiting,650082.375
1585.000,1993/7/20,Waiting,650082.375
1586.000,1993/7/21,Waiting,650082.375
1587.000,1993/7/22,Waiting,650082.375
1588.000,1993/7/23,Waiting,650082.375
1589.000,1993/7/24,Waiting,650082.375
1590.000,1993/7/26,Waiting,650082.375
1591.000,1993/7/27,Waiting,650082.375
1592.000,1993/7/28,Waiting,650082.375
1593.000,1993/7/29,Waiting,650082.375
1594.000,1993/7/30,Waiting,650082.375
1595.000,1993/7/31,Waiting,650082.375
1596.000,1993/8/2,Waiting,650082.375
1597.000,1993/8/3,Waiting,650082.375
1598.000,1993/8/4,Waiting,650082.375
1599.000,1993/8/5,Waiting,650082.375
1600.000,1993/8/6,Waiting,650082.375
1601.000,1993/8/7,Waiting,650082.375
1602.000,1993/8/9,Waiting,650082.375
1603.000,1993/8/10,Waiting,650082.375
1604.000,1993/8/11,Waiting,650082.375
1605.000,1993/8/12,Waiting,650082.375
1606.000,1993/8/13,Waiting,650082.375
1607.000,1993/8/14,Waiting,650082.375
1608.000,1993/8/16,Waiting,650082.375
1609.000,1993/8/17,Waiting,650082.375
1610.000,1993/8/18,Waiting,650082.375
1611.000,1993/8/19,Waiting,650082.375
1612.000,1993/8/20,Waiting,650082.375
1613.000,1993/8/21,Waiting,650082.375
1614.000,1993/8/23,Waiting,650082.375
1615.000,1993/8/24,Waiting,650082.375
1616.000,1993/8/25,Waiting,650082.375
1617.000,1993/8/26,Waiting,650082.375
1618.000,1993/8/27,Waiting,650082.375
1619.000,1993/8/28,Waiting,650082.375
1620.000,1993/8/30,Waiting,650082.375
1621.000,1993/8/31,Waiting,650082.375
1622.000,1993/9/1,Waiting,650082.375
1623.000,1993/9/2,Waiting,650082.375
1624.000,1993/9/3,Waiting,650082.375
1625.000,1993/9/4,Waiting,650082.375
1626.000,1993/9/6,Waiting,650082.375
1627.000,1993/9/7,Waiting,650082.375
1628.000,1993/9/8,Waiting,650082.375
1629.000,1993/9/9,Waiting,650082.375
1630.000,1993/9/10,Waiting,650082.375
1631.000,1993/9/11,Waiting,650082.375
1632.000,1993/9/13,Waiting,650082.375
1633.000,1993/9/14,Waiting,650082.375
1634.000,1993/9/15,Waiting,650082.375
1635.000,1993/9/16,Waiting,650082.375
1636.000,1993/9/17,Waiting,650082.375
1637.000,1993/9/18,Waiting,650082.375
1638.000,1993/9/20,Waiting,650082.375
1639.000,1993/9/21,Waiting,650082.375
1640.000,1993/9/22,Waiting,650082.375
1641.000,1993/9/23,Waiting,650082.375
1642.000,1993/9/24,Waiting,650082.375
1643.000,1993/9/25,Waiting,650082.375
1644.000,1993/9/27,Waiting,650082.375
1645.000,1993/9/29,Waiting,650082.375
1646.000,1993/10/1,Waiting,650082.375
1647.000,1993/10/2,Waiting,650082.375
1648.000,1993/10/4,Waiting,650082.375
1649.000,1993/10/5,Waiting,650082.375
1650.000,1993/10/6,Waiting,650082.375
1651.000,1993/10/7,Waiting,650082.375
1652.000,1993/10/8,Waiting,650082.375
1653.000,1993/10/9,Waiting,650082.375
1654.000,1993/10/12,Buy,650082.375
1655.000,1993/10/13,Holding,665267.188
1656.000,1993/10/14,Holding,682139.250
1657.000,1993/10/15,Holding,682139.250
1658.000,1993/10/16,Holding,712508.750
1659.000,1993/10/18,Holding,729380.875
1660.000,1993/10/19,Holding,682139.250
1661.000,1993/10/20,Holding,665267.188
1662.000,1993/10/21,Holding,665267.188
1663.000,1993/10/22,Holding,697324.125
1664.000,1993/10/23,Holding,697324.125
1665.000,1993/10/26,Holding,697324.125
1666.000,1993/10/27,Holding,697324.125
1667.000,1993/10/28,Holding,682139.250
1668.000,1993/10/29,Holding,682139.250
1669.000,1993/10/30,Holding,697324.125
1670.000,1993/11/2,Holding,729380.875
1671.000,1993/11/3,Holding,759750.500
1672.000,1993/11/4,Holding,729380.875
1673.000,1993/11/5,Holding,729380.875
1674.000,1993/11/6,Holding,712508.750
1675.000,1993/11/8,Holding,712508.750
1676.000,1993/11/9,Holding,729380.875
1677.000,1993/11/10,Holding,729380.875
1678.000,1993/11/11,Holding,759750.500
1679.000,1993/11/15,Holding,839048.813
1680.000,1993/11/16,Holding,823864.125
1681.000,1993/11/17,Holding,806992.063
1682.000,1993/11/18,Holding,823864.125
1683.000,1993/11/19,Holding,806992.063
1684.000,1993/11/20,Holding,791807.250
1685.000,1993/11/22,Holding,791807.250
1686.000,1993/11/23,Holding,791807.250
1687.000,1993/11/24,Holding,776622.438
1688.000,1993/11/25,Holding,776622.438
1689.000,1993/11/26,Holding,791807.250
1690.000,1993/11/29,Holding,871105.750
1691.000,1993/11/30,Holding,854233.625
1692.000,1993/12/1,Holding,901475.375
1693.000,1993/12/2,Holding,948717.000
1694.000,1993/12/3,Holding,916660.063
1695.000,1993/12/4,Holding,933532.125
1696.000,1993/12/6,Holding,963901.750
1697.000,1993/12/7,Holding,933532.125
1698.000,1993/12/8,Holding,916660.063
1699.000,1993/12/9,Holding,901475.375
1700.000,1993/12/10,Holding,916660.063
1701.000,1993/12/11,Holding,948717.000
1702.000,1993/12/13,Holding,1043200.125
1703.000,1993/12/14,Holding,1105626.500
1704.000,1993/12/15,Holding,1105626.500
1705.000,1993/12/16,Holding,1232166.500
1706.000,1993/12/17,Holding,1184925.000
1707.000,1993/12/18,Holding,1122498.625
1708.000,1993/12/20,Holding,1122498.625
1709.000,1993/12/21,Holding,1122498.625
1710.000,1993/12/22,Holding,1200109.750
1711.000,1993/12/23,Holding,1122498.625
1712.000,1993/12/24,Holding,1137683.375
1713.000,1993/12/27,Holding,1184925.000
1714.000,1993/12/28,Holding,1137683.375
1715.000,1993/12/29,Holding,1122498.625
1716.000,1993/12/30,Holding,1247351.375
1717.000,1993/12/31,Holding,1309777.750
1718.000,1994/1/5,Holding,1373891.500
1719.000,1994/1/6,Holding,1341834.750
1720.000,1994/1/7,Holding,1262536.250
1721.000,1994/1/8,Holding,1262536.250
1722.000,1994/1/10,Holding,1262536.250
1723.000,1994/1/11,Holding,1200109.750
1724.000,1994/1/12,Holding,1169740.125
1725.000,1994/1/13,Holding,1058385.000
1726.000,1994/1/14,Holding,1122498.625
1727.000,1994/1/15,Holding,1215294.625
1728.000,1994/1/17,Holding,1152868.250
1729.000,1994/1/18,Holding,1105626.500
1730.000,1994/1/19,Holding,1122498.625
1731.000,1994/1/20,Holding,1105626.500
1732.000,1994/1/21,Holding,1122498.625
1733.000,1994/1/22,Holding,1122498.625
1734.000,1994/1/24,Holding,1105626.500
1735.000,1994/1/25,Holding,1090441.875
1736.000,1994/1/26,Holding,1075257.000
1737.000,1994/1/27,Holding,1105626.500
1738.000,1994/1/28,Holding,1105626.500
1739.000,1994/1/31,Holding,1169740.125
1740.000,1994/2/1,Holding,1247351.375
1741.000,1994/2/2,Holding,1232166.500
1742.000,1994/2/3,Holding,1247351.375
1743.000,1994/2/4,Holding,1279408.250
1744.000,1994/2/5,Holding,1262536.250
1745.000,1994/2/14,Holding,1169740.125
1746.000,1994/2/15,Holding,1169740.125
1747.000,1994/2/16,Holding,1137683.375
1748.000,1994/2/17,Holding,1137683.375
1749.000,1994/2/18,Holding,1152868.250
1750.000,1994/2/19,Holding,1137683.375
1751.000,1994/2/21,Holding,1122498.625
1752.000,1994/2/22,Holding,1105626.500
1753.000,1994/2/23,Holding,1105626.500
1754.000,1994/2/24,Holding,1105626.500
1755.000,1994/2/25,Holding,1090441.875
1756.000,1994/2/26,Holding,1075257.000
1757.000,1994/2/28,Holding,1028015.438
1758.000,1994/3/1,Sell,1058385.000
1759.000,1994/3/2,Waiting,1058385.000
1760.000,1994/3/3,Waiting,1058385.000
1761.000,1994/3/4,Waiting,1058385.000
1762.000,1994/3/5,Waiting,1058385.000
1763.000,1994/3/7,Waiting,1058385.000
1764.000,1994/3/8,Waiting,1058385.000
1765.000,1994/3/9,Waiting,1058385.000
1766.000,1994/3/10,Waiting,1058385.000
1767.000,1994/3/11,Waiting,1058385.000
1768.000,1994/3/12,Waiting,1058385.000
1769.000,1994/3/14,Waiting,1058385.000
1770.000,1994/3/15,Buy,1058385.000
1771.000,1994/3/16,Holding,1042379.000
1772.000,1994/3/17,Holding,1058385.000
1773.000,1994/3/18,Holding,1013567.938
1774.000,1994/3/19,Sell,952744.750
1775.000,1994/3/21,Waiting,952744.750
1776.000,1994/3/22,Waiting,952744.750
1777.000,1994/3/23,Waiting,952744.750
1778.000,1994/3/24,Waiting,952744.750
1779.000,1994/3/25,Waiting,952744.750
1780.000,1994/3/26,Waiting,952744.750
1781.000,1994/3/28,Waiting,952744.750
1782.000,1994/3/30,Waiting,952744.750
1783.000,1994/3/31,Waiting,952744.750
1784.000,1994/4/1,Waiting,952744.750
1785.000,1994/4/2,Waiting,952744.750
1786.000,1994/4/6,Waiting,952744.750
1787.000,1994/4/7,Waiting,952744.750
1788.000,1994/4/8,Waiting,952744.750
1789.000,1994/4/9,Waiting,952744.750
1790.000,1994/4/11,Waiting,952744.750
1791.000,1994/4/12,Waiting,952744.750
1792.000,1994/4/13,Waiting,952744.750
1793.000,1994/4/14,Waiting,952744.750
1794.000,1994/4/15,Waiting,952744.750
1795.000,1994/4/16,Waiting,952744.750
1796.000,1994/4/18,Waiting,952744.750
1797.000,1994/4/19,Waiting,952744.750
1798.000,1994/4/20,Waiting,952744.750
1799.000,1994/4/21,Waiting,952744.750
1800.000,1994/4/22,Waiting,952744.750
1801.000,1994/4/23,Waiting,952744.750
1802.000,1994/4/25,Waiting,952744.750
1803.000,1994/4/26,Waiting,952744.750
1804.000,1994/4/27,Waiting,952744.750
1805.000,1994/4/28,Waiting,952744.750
1806.000,1994/4/29,Waiting,952744.750
1807.000,1994/4/30,Waiting,952744.750
1808.000,1994/5/2,Waiting,952744.750
1809.000,1994/5/3,Waiting,952744.750
1810.000,1994/5/4,Waiting,952744.750
1811.000,1994/5/5,Waiting,952744.750
1812.000,1994/5/6,Waiting,952744.750
1813.000,1994/5/7,Waiting,952744.750
1814.000,1994/5/9,Waiting,952744.750
1815.000,1994/5/10,Waiting,952744.750
1816.000,1994/5/11,Waiting,952744.750
1817.000,1994/5/12,Waiting,952744.750
1818.000,1994/5/13,Waiting,952744.750
1819.000,1994/5/14,Waiting,952744.750
1820.000,1994/5/16,Waiting,952744.750
1821.000,1994/5/17,Waiting,952744.750
1822.000,1994/5/18,Waiting,952744.750
1823.000,1994/5/19,Waiting,952744.750
1824.000,1994/5/20,Waiting,952744.750
1825.000,1994/5/21,Waiting,952744.750
1826.000,1994/5/23,Waiting,952744.750
1827.000,1994/5/24,Waiting,952744.750
1828.000,1994/5/25,Waiting,952744.750
1829.000,1994/5/26,Waiting,952744.750
1830.000,1994/5/27,Waiting,952744.750
1831.000,1994/5/28,Waiting,952744.750
1832.000,1994/5/30,Waiting,952744.750
1833.000,1994/5/31,Waiting,952744.750
1834.000,1994/6/1,Waiting,952744.750
1835.000,1994/6/2,Waiting,952744.750
1836.000,1994/6/3,Waiting,952744.750
1837.000,1994/6/4,Waiting,952744.750
1838.000,1994/6/6,Waiting,952744.750
1839.000,1994/6/7,Waiting,952744.750
1840.000,1994/6/8,Waiting,952744.750
1841.000,1994/6/9,Waiting,952744.750
1842.000,1994/6/10,Waiting,952744.750
1843.000,1994/6/11,Waiting,952744.750
1844.000,1994/6/14,Waiting,952744.750
1845.000,1994/6/15,Waiting,952744.750
1846.000,1994/6/16,Waiting,952744.750
1847.000,1994/6/17,Waiting,952744.750
1848.000,1994/6/20,Waiting,952744.750
1849.000,1994/6/21,Waiting,952744.750
1850.000,1994/6/22,Waiting,952744.750
1851.000,1994/6/23,Waiting,952744.750
1852.000,1994/6/24,Waiting,952744.750
1853.000,1994/6/25,Waiting,952744.750
1854.000,1994/6/27,Waiting,952744.750
1855.000,1994/6/28,Waiting,952744.750
1856.000,1994/6/29,Waiting,952744.750
1857.000,1994/6/30,Waiting,952744.750
1858.000,1994/7/2,Waiting,952744.750
1859.000,1994/7/4,Waiting,952744.750
1860.000,1994/7/5,Waiting,952744.750
1861.000,1994/7/6,Waiting,952744.750
1862.000,1994/7/7,Waiting,952744.750
1863.000,1994/7/8,Waiting,952744.750
1864.000,1994/7/9,Waiting,952744.750
1865.000,1994/7/11,Waiting,952744.750
1866.000,1994/7/12,Waiting,952744.750
1867.000,1994/7/13,Waiting,952744.750
1868.000,1994/7/14,Waiting,952744.750
1869.000,1994/7/15,Waiting,952744.750
1870.000,1994/7/18,Waiting,952744.750
1871.000,1994/7/19,Waiting,952744.750
1872.000,1994/7/20,Waiting,952744.750
1873.000,1994/7/21,Waiting,952744.750
1874.000,1994/7/22,Waiting,952744.750
1875.000,1994/7/23,Waiting,952744.750
1876.000,1994/7/25,Waiting,952744.750
1877.000,1994/7/26,Waiting,952744.750
1878.000,1994/7/27,Waiting,952744.750
1879.000,1994/7/28,Waiting,952744.750
1880.000,1994/7/29,Waiting,952744.750
1881.000,1994/7/30,Waiting,952744.750
1882.000,1994/8/1,Waiting,952744.750
1883.000,1994/8/2,Waiting,952744.750
1884.000,1994/8/3,Waiting,952744.750
1885.000,1994/8/4,Waiting,952744.750
1886.000,1994/8/5,Waiting,952744.750
1887.000,1994/8/6,Waiting,952744.750
1888.000,1994/8/9,Waiting,952744.750
1889.000,1994/8/10,Waiting,952744.750
1890.000,1994/8/11,Waiting,952744.750
1891.000,1994/8/12,Waiting,952744.750
1892.000,1994/8/13,Waiting,952744.750
1893.000,1994/8/15,Waiting,952744.750
1894.000,1994/8/16,Waiting,952744.750
1895.000,1994/8/17,Waiting,952744.750
1896.000,1994/8/18,Waiting,952744.750
1897.000,1994/8/19,Waiting,952744.750
1898.000,1994/8/20,Waiting,952744.750
1899.000,1994/8/22,Waiting,952744.750
1900.000,1994/8/23,Waiting,952744.750
1901.000,1994/8/24,Waiting,952744.750
1902.000,1994/8/25,Waiting,952744.750
1903.000,1994/8/26,Waiting,952744.750
1904.000,1994/8/27,Waiting,952744.750
1905.000,1994/8/29,Waiting,952744.750
1906.000,1994/8/30,Waiting,952744.750
1907.000,1994/8/31,Waiting,952744.750
1908.000,1994/9/1,Waiting,952744.750
1909.000,1994/9/2,Waiting,952744.750
1910.000,1994/9/3,Waiting,952744.750
1911.000,1994/9/5,Waiting,952744.750
1912.000,1994/9/6,Waiting,952744.750
1913.000,1994/9/7,Waiting,952744.750
1914.000,1994/9/8,Waiting,952744.750
1915.000,1994/9/9,Waiting,952744.750
1916.000,1994/9/10,Waiting,952744.750
1917.000,1994/9/12,Waiting,952744.750
1918.000,1994/9/13,Waiting,952744.750
1919.000,1994/9/14,Waiting,952744.750
1920.000,1994/9/15,Waiting,952744.750
1921.000,1994/9/16,Waiting,952744.750
1922.000,1994/9/17,Waiting,952744.750
1923.000,1994/9/21,Waiting,952744.750
1924.000,1994/9/22,Waiting,952744.750
1925.000,1994/9/23,Waiting,952744.750
1926.000,1994/9/24,Waiting,952744.750
1927.000,1994/9/26,Waiting,952744.750
1928.000,1994/9/27,Waiting,952744.750
1929.000,1994/9/29,Waiting,952744.750
1930.000,1994/9/30,Buy,952744.750
1931.000,1994/10/1,Holding,935080.188
1932.000,1994/10/3,Holding,935080.188
1933.000,1994/10/4,Holding,935080.188
1934.000,1994/10/5,Holding,882086.313
1935.000,1994/10/6,Holding,813033.625
1936.000,1994/10/7,Sell,795369.000
1937.000,1994/10/8,Waiting,795369.000
1938.000,1994/10/11,Waiting,795369.000
1939.000,1994/10/12,Waiting,795369.000
1940.000,1994/10/13,Waiting,795369.000
1941.000,1994/10/14,Waiting,795369.000
1942.000,1994/10/15,Waiting,795369.000
1943.000,1994/10/17,Waiting,795369.000
1944.000,1994/10/18,Waiting,795369.000
1945.000,1994/10/19,Waiting,795369.000
1946.000,1994/10/20,Waiting,795369.000
1947.000,1994/10/21,Waiting,795369.000
1948.000,1994/10/22,Waiting,795369.000
1949.000,1994/10/24,Waiting,795369.000
1950.000,1994/10/26,Waiting,795369.000
1951.000,1994/10/27,Waiting,795369.000
1952.000,1994/10/28,Waiting,795369.000
1953.000,1994/10/29,Waiting,795369.000
1954.000,1994/11/1,Waiting,795369.000
1955.000,1994/11/2,Waiting,795369.000
1956.000,1994/11/3,Waiting,795369.000
1957.000,1994/11/4,Waiting,795369.000
1958.000,1994/11/5,Waiting,795369.000
1959.000,1994/11/7,Waiting,795369.000
1960.000,1994/11/8,Waiting,795369.000
1961.000,1994/11/9,Waiting,795369.000
1962.000,1994/11/10,Waiting,795369.000
1963.000,1994/11/11,Waiting,795369.000
1964.000,1994/11/14,Waiting,795369.000
1965.000,1994/11/15,Waiting,795369.000
1966.000,1994/11/16,Waiting,795369.000
1967.000,1994/11/17,Waiting,795369.000
1968.000,1994/11/18,Waiting,795369.000
1969.000,1994/11/19,Waiting,795369.000
1970.000,1994/11/21,Waiting,795369.000
1971.000,1994/11/22,Waiting,795369.000
1972.000,1994/11/23,Waiting,795369.000
1973.000,1994/11/24,Waiting,795369.000
1974.000,1994/11/25,Waiting,795369.000
1975.000,1994/11/26,Waiting,795369.000
1976.000,1994/11/28,Waiting,795369.000
1977.000,1994/11/29,Waiting,795369.000
1978.000,1994/11/30,Waiting,795369.000
1979.000,1994/12/1,Waiting,795369.000
1980.000,1994/12/2,Waiting,795369.000
1981.000,1994/12/5,Waiting,795369.000
1982.000,1994/12/6,Waiting,795369.000
1983.000,1994/12/7,Waiting,795369.000
1984.000,1994/12/8,Waiting,795369.000
1985.000,1994/12/9,Waiting,795369.000
1986.000,1994/12/10,Waiting,795369.000
1987.000,1994/12/12,Waiting,795369.000
1988.000,1994/12/13,Waiting,795369.000
1989.000,1994/12/14,Waiting,795369.000
1990.000,1994/12/15,Waiting,795369.000
1991.000,1994/12/16,Waiting,795369.000
1992.000,1994/12/17,Waiting,795369.000
1993.000,1994/12/19,Waiting,795369.000
1994.000,1994/12/20,Waiting,795369.000
1995.000,1994/12/21,Waiting,795369.000
1996.000,1994/12/22,Waiting,795369.000
1997.000,1994/12/23,Waiting,795369.000
1998.000,1994/12/24,Waiting,795369.000
1999.000,1994/12/27,Waiting,795369.000
2000.000,1994/12/28,Waiting,795369.000
2001.000,1994/12/29,Waiting,795369.000
2002.000,1994/12/30,Waiting,795369.000
2003.000,1994/12/31,Waiting,795369.000
2004.000,1995/1/5,Buy,795369.000
2005.000,1995/1/6,Holding,763199.438
2006.000,1995/1/7,Holding,795369.000
2007.000,1995/1/9,Holding,795369.000
2008.000,1995/1/10,Holding,729497.938
2009.000,1995/1/11,Holding,746348.625
2010.000,1995/1/12,Holding,712647.250
2011.000,1995/1/13,Holding,695796.438
2012.000,1995/1/14,Holding,663626.875
2013.000,1995/1/16,Sell,746348.625
2014.000,1995/1/17,Buy,746348.625
2015.000,1995/1/18,Holding,860567.625
2016.000,1995/1/19,Holding,827504.250
2017.000,1995/1/20,Holding,729817.000
2018.000,1995/1/21,Holding,746348.625
2019.000,1995/1/23,Holding,729817.000
2020.000,1995/1/24,Holding,680221.875
2021.000,1995/1/25,Holding,713285.188
2022.000,1995/1/26,Holding,713285.188
2023.000,1995/2/4,Holding,729817.000
2024.000,1995/2/6,Holding,746348.625
2025.000,1995/2/7,Holding,761377.500
2026.000,1995/2/8,Holding,761377.500
2027.000,1995/2/9,Holding,810972.563
2028.000,1995/2/10,Holding,794440.813
2029.000,1995/2/11,Holding,794440.813
2030.000,1995/2/13,Holding,761377.500
2031.000,1995/2/14,Holding,746348.625
2032.000,1995/2/15,Holding,761377.500
2033.000,1995/2/16,Holding,777909.125
2034.000,1995/2/17,Holding,746348.625
2035.000,1995/2/18,Holding,794440.813
2036.000,1995/2/20,Holding,777909.125
2037.000,1995/2/21,Holding,810972.563
2038.000,1995/2/22,Holding,810972.563
2039.000,1995/2/23,Holding,810972.563
2040.000,1995/2/24,Holding,827504.250
2041.000,1995/2/25,Holding,860567.625
2042.000,1995/2/27,Holding,810972.563
2043.000,1995/2/28,Holding,810972.563
2044.000,1995/3/1,Holding,761377.500
2045.000,1995/3/2,Holding,777909.125
2046.000,1995/3/3,Holding,810972.563
2047.000,1995/3/4,Holding,810972.563
2048.000,1995/3/6,Holding,794440.813
2049.000,1995/3/7,Holding,777909.125
2050.000,1995/3/8,Holding,761377.500
2051.000,1995/3/9,Holding,761377.500
2052.000,1995/3/10,Holding,761377.500
2053.000,1995/3/11,Holding,761377.500
2054.000,1995/3/13,Holding,761377.500
2055.000,1995/3/14,Holding,761377.500
2056.000,1995/3/15,Holding,761377.500
2057.000,1995/3/16,Holding,777909.125
2058.000,1995/3/17,Holding,794440.813
2059.000,1995/3/18,Holding,777909.125
2060.000,1995/3/20,Holding,761377.500
2061.000,1995/3/21,Holding,761377.500
2062.000,1995/3/22,Holding,746348.625
2063.000,1995/3/23,Holding,729817.000
2064.000,1995/3/24,Sell,729817.000
2065.000,1995/3/25,Waiting,729817.000
2066.000,1995/3/27,Waiting,729817.000
2067.000,1995/3/28,Waiting,729817.000
2068.000,1995/3/30,Waiting,729817.000
2069.000,1995/3/31,Waiting,729817.000
2070.000,1995/4/1,Waiting,729817.000
2071.000,1995/4/6,Waiting,729817.000
2072.000,1995/4/7,Waiting,729817.000
2073.000,1995/4/8,Waiting,729817.000
2074.000,1995/4/10,Waiting,729817.000
2075.000,1995/4/11,Waiting,729817.000
2076.000,1995/4/12,Waiting,729817.000
2077.000,1995/4/13,Waiting,729817.000
2078.000,1995/4/14,Waiting,729817.000
2079.000,1995/4/15,Waiting,729817.000
2080.000,1995/4/17,Waiting,729817.000
2081.000,1995/4/18,Waiting,729817.000
2082.000,1995/4/19,Waiting,729817.000
2083.000,1995/4/20,Waiting,729817.000
2084.000,1995/4/21,Waiting,729817.000
2085.000,1995/4/22,Waiting,729817.000
2086.000,1995/4/24,Waiting,729817.000
2087.000,1995/4/25,Waiting,729817.000
2088.000,1995/4/26,Waiting,729817.000
2089.000,1995/4/27,Waiting,729817.000
2090.000,1995/4/28,Waiting,729817.000
2091.000,1995/4/29,Waiting,729817.000
2092.000,1995/5/1,Waiting,729817.000
2093.000,1995/5/2,Waiting,729817.000
2094.000,1995/5/3,Waiting,729817.000
2095.000,1995/5/4,Waiting,729817.000
2096.000,1995/5/5,Waiting,729817.000
2097.000,1995/5/6,Waiting,729817.000
2098.000,1995/5/8,Waiting,729817.000
2099.000,1995/5/9,Waiting,729817.000
2100.000,1995/5/10,Waiting,729817.000
2101.000,1995/5/11,Waiting,729817.000
2102.000,1995/5/12,Waiting,729817.000
2103.000,1995/5/13,Waiting,729817.000
2104.000,1995/5/15,Waiting,729817.000
2105.000,1995/5/16,Waiting,729817.000
2106.000,1995/5/17,Waiting,729817.000
2107.000,1995/5/18,Waiting,729817.000
2108.000,1995/5/19,Waiting,729817.000
2109.000,1995/5/20,Waiting,729817.000
2110.000,1995/5/22,Waiting,729817.000
2111.000,1995/5/23,Waiting,729817.000
2112.000,1995/5/24,Waiting,729817.000
2113.000,1995/5/25,Waiting,729817.000
2114.000,1995/5/26,Waiting,729817.000
2115.000,1995/5/27,Waiting,729817.000
2116.000,1995/5/29,Waiting,729817.000
2117.000,1995/5/30,Waiting,729817.000
2118.000,1995/5/31,Waiting,729817.000
2119.000,1995/6/1,Waiting,729817.000
2120.000,1995/6/5,Waiting,729817.000
2121.000,1995/6/6,Waiting,729817.000
2122.000,1995/6/7,Waiting,729817.000
2123.000,1995/6/8,Waiting,729817.000
2124.000,1995/6/9,Waiting,729817.000
2125.000,1995/6/10,Waiting,729817.000
2126.000,1995/6/12,Waiting,729817.000
2127.000,1995/6/13,Waiting,729817.000
2128.000,1995/6/14,Waiting,729817.000
2129.000,1995/6/15,Waiting,729817.000
2130.000,1995/6/16,Waiting,729817.000
2131.000,1995/6/17,Waiting,729817.000
2132.000,1995/6/19,Waiting,729817.000
2133.000,1995/6/20,Waiting,729817.000
2134.000,1995/6/21,Waiting,729817.000
2135.000,1995/6/22,Waiting,729817.000
2136.000,1995/6/23,Waiting,729817.000
2137.000,1995/6/24,Waiting,729817.000
2138.000,1995/6/26,Waiting,729817.000
2139.000,1995/6/27,Buy,729817.000
2140.000,1995/6/28,Holding,668037.875
2141.000,1995/6/29,Holding,654137.563
2142.000,1995/6/30,Sell,651048.500
2143.000,1995/7/3,Waiting,651048.500
2144.000,1995/7/4,Waiting,651048.500
2145.000,1995/7/5,Waiting,651048.500
2146.000,1995/7/6,Waiting,651048.500
2147.000,1995/7/7,Waiting,651048.500
2148.000,1995/7/8,Waiting,651048.500
2149.000,1995/7/10,Waiting,651048.500
2150.000,1995/7/11,Waiting,651048.500
2151.000,1995/7/12,Waiting,651048.500
2152.000,1995/7/13,Waiting,651048.500
2153.000,1995/7/14,Waiting,651048.500
2154.000,1995/7/15,Waiting,651048.500
2155.000,1995/7/17,Waiting,651048.500
2156.000,1995/7/18,Waiting,651048.500
2157.000,1995/7/19,Waiting,651048.500
2158.000,1995/7/20,Waiting,651048.500
2159.000,1995/7/21,Waiting,651048.500
2160.000,1995/7/22,Waiting,651048.500
2161.000,1995/7/24,Waiting,651048.500
2162.000,1995/7/25,Waiting,651048.500
2163.000,1995/7/26,Waiting,651048.500
2164.000,1995/7/27,Waiting,651048.500
2165.000,1995/7/28,Waiting,651048.500
2166.000,1995/7/29,Waiting,651048.500
2167.000,1995/7/31,Waiting,651048.500
2168.000,1995/8/1,Waiting,651048.500
2169.000,1995/8/2,Waiting,651048.500
2170.000,1995/8/3,Waiting,651048.500
2171.000,1995/8/4,Waiting,651048.500
2172.000,1995/8/5,Waiting,651048.500
2173.000,1995/8/7,Waiting,651048.500
2174.000,1995/8/8,Waiting,651048.500
2175.000,1995/8/9,Waiting,651048.500
2176.000,1995/8/10,Waiting,651048.500
2177.000,1995/8/11,Waiting,651048.500
2178.000,1995/8/12,Waiting,651048.500
2179.000,1995/8/14,Waiting,651048.500
2180.000,1995/8/15,Waiting,651048.500
2181.000,1995/8/16,Waiting,651048.500
2182.000,1995/8/17,Waiting,651048.500
2183.000,1995/8/18,Waiting,651048.500
2184.000,1995/8/19,Waiting,651048.500
2185.000,1995/8/21,Waiting,651048.500
2186.000,1995/8/22,Waiting,651048.500
2187.000,1995/8/23,Waiting,651048.500
2188.000,1995/8/24,Waiting,651048.500
2189.000,1995/8/25,Waiting,651048.500
2190.000,1995/8/26,Waiting,651048.500
2191.000,1995/8/28,Waiting,651048.500
2192.000,1995/8/29,Waiting,651048.500
2193.000,1995/8/30,Waiting,651048.500
2194.000,1995/8/31,Waiting,651048.500
2195.000,1995/9/1,Waiting,651048.500
2196.000,1995/9/2,Waiting,651048.500
2197.000,1995/9/4,Waiting,651048.500
2198.000,1995/9/5,Waiting,651048.500
2199.000,1995/9/6,Waiting,651048.500
2200.000,1995/9/7,Waiting,651048.500
2201.000,1995/9/8,Waiting,651048.500
2202.000,1995/9/11,Waiting,651048.500
2203.000,1995/9/12,Waiting,651048.500
2204.000,1995/9/13,Waiting,651048.500
2205.000,1995/9/14,Waiting,651048.500
2206.000,1995/9/15,Waiting,651048.500
2207.000,1995/9/16,Waiting,651048.500
2208.000,1995/9/18,Waiting,651048.500
2209.000,1995/9/19,Waiting,651048.500
2210.000,1995/9/20,Waiting,651048.500
2211.000,1995/9/21,Waiting,651048.500
2212.000,1995/9/23,Waiting,651048.500
2213.000,1995/9/25,Waiting,651048.500
2214.000,1995/9/26,Waiting,651048.500
2215.000,1995/9/27,Waiting,651048.500
2216.000,1995/9/29,Waiting,651048.500
2217.000,1995/9/30,Waiting,651048.500
2218.000,1995/10/2,Waiting,651048.500
2219.000,1995/10/3,Waiting,651048.500
2220.000,1995/10/4,Waiting,651048.500
2221.000,1995/10/5,Waiting,651048.500
2222.000,1995/10/6,Waiting,651048.500
2223.000,1995/10/7,Waiting,651048.500
2224.000,1995/10/9,Waiting,651048.500
2225.000,1995/10/11,Waiting,651048.500
2226.000,1995/10/12,Waiting,651048.500
2227.000,1995/10/13,Waiting,651048.500
2228.000,1995/10/14,Waiting,651048.500
2229.000,1995/10/16,Waiting,651048.500
2230.000,1995/10/17,Waiting,651048.500
2231.000,1995/10/18,Waiting,651048.500
2232.000,1995/10/19,Waiting,651048.500
2233.000,1995/10/20,Waiting,651048.500
2234.000,1995/10/21,Waiting,651048.500
2235.000,1995/10/23,Waiting,651048.500
2236.000,1995/10/24,Waiting,651048.500
2237.000,1995/10/26,Waiting,651048.500
2238.000,1995/10/27,Waiting,651048.500
2239.000,1995/10/28,Waiting,651048.500
2240.000,1995/10/30,Waiting,651048.500
2241.000,1995/11/1,Waiting,651048.500
2242.000,1995/11/2,Waiting,651048.500
2243.000,1995/11/3,Waiting,651048.500
2244.000,1995/11/4,Waiting,651048.500
2245.000,1995/11/6,Waiting,651048.500
2246.000,1995/11/7,Waiting,651048.500
2247.000,1995/11/8,Waiting,651048.500
2248.000,1995/11/9,Waiting,651048.500
2249.000,1995/11/10,Waiting,651048.500
2250.000,1995/11/11,Waiting,651048.500
2251.000,1995/11/14,Waiting,651048.500
2252.000,1995/11/15,Waiting,651048.500
2253.000,1995/11/16,Waiting,651048.500
2254.000,1995/11/17,Waiting,651048.500
2255.000,1995/11/18,Waiting,651048.500
2256.000,1995/11/20,Waiting,651048.500
2257.000,1995/11/21,Waiting,651048.500
2258.000,1995/11/22,Waiting,651048.500
2259.000,1995/11/23,Waiting,651048.500
2260.000,1995/11/24,Waiting,651048.500
2261.000,1995/11/25,Waiting,651048.500
2262.000,1995/11/27,Waiting,651048.500
2263.000,1995/11/28,Waiting,651048.500
2264.000,1995/11/29,Waiting,651048.500
2265.000,1995/11/30,Waiting,651048.500
2266.000,1995/12/1,Waiting,651048.500
2267.000,1995/12/4,Waiting,651048.500
2268.000,1995/12/5,Waiting,651048.500
2269.000,1995/12/6,Waiting,651048.500
2270.000,1995/12/7,Waiting,651048.500
2271.000,1995/12/8,Waiting,651048.500
2272.000,1995/12/9,Waiting,651048.500
2273.000,1995/12/11,Waiting,651048.500
2274.000,1995/12/12,Waiting,651048.500
2275.000,1995/12/13,Waiting,651048.500
2276.000,1995/12/14,Waiting,651048.500
2277.000,1995/12/15,Waiting,651048.500
2278.000,1995/12/16,Waiting,651048.500
2279.000,1995/12/18,Waiting,651048.500
2280.000,1995/12/19,Waiting,651048.500
2281.000,1995/12/20,Waiting,651048.500
2282.000,1995/12/21,Waiting,651048.500
2283.000,1995/12/22,Buy,651048.500
2284.000,1995/12/23,Holding,673979.750
2285.000,1995/12/26,Holding,621061.500
2286.000,1995/12/27,Holding,606950.000
2287.000,1995/12/28,Holding,606950.000
2288.000,1995/12/29,Holding,615769.750
2289.000,1995/12/30,Holding,621061.500
2290.000,1996/1/4,Holding,606950.000
2291.000,1996/1/5,Holding,497585.688
2292.000,1996/1/6,Holding,506405.438
2293.000,1996/1/8,Holding,515225.188
2294.000,1996/1/9,Holding,506405.438
2295.000,1996/1/10,Holding,494057.906
2296.000,1996/1/11,Holding,515225.188
2297.000,1996/1/12,Holding,520516.938
2298.000,1996/1/13,Holding,546976.125
2299.000,1996/1/15,Holding,538156.438
2300.000,1996/1/16,Holding,524044.906
2301.000,1996/1/17,Holding,555795.750
2302.000,1996/1/18,Holding,582254.938
2303.000,1996/1/19,Holding,585782.750
2304.000,1996/1/20,Holding,585782.750
2305.000,1996/1/22,Holding,582254.938
2306.000,1996/1/23,Holding,576963.000
2307.000,1996/1/24,Holding,621061.500
2308.000,1996/1/25,Holding,594602.438
2309.000,1996/1/26,Holding,603422.188
2310.000,1996/1/27,Holding,573435.188
2311.000,1996/1/29,Holding,538156.438
2312.000,1996/1/30,Holding,564615.438
2313.000,1996/1/31,Holding,541684.188
2314.000,1996/2/1,Holding,555795.750
2315.000,1996/2/2,Holding,546976.125
2316.000,1996/2/3,Holding,555795.750
2317.000,1996/2/5,Holding,555795.750
2318.000,1996/2/6,Holding,541684.188
2319.000,1996/2/7,Holding,559323.688
2320.000,1996/2/8,Holding,568143.438
2321.000,1996/2/9,Holding,576963.000
2322.000,1996/2/10,Holding,612241.938
2323.000,1996/2/12,Holding,624589.438
2324.000,1996/2/13,Holding,647520.688
2325.000,1996/2/14,Holding,651048.500
2326.000,1996/2/15,Holding,647520.688
2327.000,1996/2/23,Holding,668688.000
2328.000,1996/2/24,Holding,642228.938
2329.000,1996/2/26,Holding,621061.500
2330.000,1996/2/27,Holding,624589.438
2331.000,1996/2/28,Holding,633409.188
2332.000,1996/2/29,Holding,656340.438
2333.000,1996/3/1,Holding,677507.688
2334.000,1996/3/2,Holding,673979.750
2335.000,1996/3/4,Holding,665160.000
2336.000,1996/3/5,Holding,656340.438
2337.000,1996/3/6,Holding,621061.500
2338.000,1996/3/7,Holding,638701.000
2339.000,1996/3/8,Holding,659868.250
2340.000,1996/3/9,Holding,668688.000
2341.000,1996/3/11,Holding,647520.688
2342.000,1996/3/12,Holding,656340.438
2343.000,1996/3/13,Holding,651048.500
2344.000,1996/3/14,Holding,656340.438
2345.000,1996/3/15,Holding,668688.000
2346.000,1996/3/16,Holding,691619.250
2347.000,1996/3/18,Holding,673979.750
2348.000,1996/3/19,Holding,686327.438
2349.000,1996/3/20,Holding,709258.500
2350.000,1996/3/21,Holding,700438.938
2351.000,1996/3/22,Holding,725134.000
2352.000,1996/3/25,Holding,739245.500
2353.000,1996/3/26,Holding,760412.813
2354.000,1996/3/27,Holding,748065.250
2355.000,1996/3/28,Holding,725134.000
2356.000,1996/4/1,Holding,765704.750
2357.000,1996/4/2,Holding,778052.250
2358.000,1996/4/5,Holding,848609.813
2359.000,1996/4/6,Holding,975613.563
2360.000,1996/4/8,Holding,949154.500
2361.000,1996/4/9,Holding,949154.500
2362.000,1996/4/10,Holding,1084977.875
2363.000,1996/4/11,Holding,1058518.750
2364.000,1996/4/12,Holding,1190814.375
2365.000,1996/4/13,Holding,1211981.625
2366.000,1996/4/15,Holding,1132604.375
2367.000,1996/4/16,Holding,1076158.250
2368.000,1996/4/17,Holding,1173174.875
2369.000,1996/4/18,Holding,1116728.875
2370.000,1996/4/19,Holding,1190814.375
2371.000,1996/4/20,Holding,1181994.625
2372.000,1996/4/22,Holding,1256080.125
2373.000,1996/4/23,Holding,1190814.375
2374.000,1996/4/24,Holding,1211981.625
2375.000,1996/4/25,Holding,1185522.500
2376.000,1996/4/26,Holding,1256080.125
2377.000,1996/4/27,Holding,1256080.125
2378.000,1996/4/29,Holding,1256080.125
2379.000,1996/4/30,Holding,1234912.875
2380.000,1996/5/1,Holding,1190814.375
2381.000,1996/5/2,Holding,1167883.125
2382.000,1996/5/3,Holding,1190814.375
2383.000,1996/5/4,Holding,1190814.375
2384.000,1996/5/6,Holding,1150243.625
2385.000,1996/5/7,Holding,1132604.375
2386.000,1996/5/8,Holding,1159063.375
2387.000,1996/5/9,Holding,1167883.125
2388.000,1996/5/10,Holding,1234912.875
2389.000,1996/5/11,Holding,1256080.125
2390.000,1996/5/13,Holding,1279011.375
2391.000,1996/5/14,Holding,1256080.125
2392.000,1996/5/15,Holding,1234912.875
2393.000,1996/5/16,Holding,1256080.125
2394.000,1996/5/17,Holding,1234912.875
2395.000,1996/5/18,Holding,1256080.125
2396.000,1996/5/20,Holding,1155535.625
2397.000,1996/5/21,Holding,1173174.875
2398.000,1996/5/22,Holding,1194342.125
2399.000,1996/5/23,Holding,1256080.125
2400.000,1996/5/24,Holding,1390139.625
2401.000,1996/5/25,Holding,1346041.125
2402.000,1996/5/27,Holding,1346041.125
2403.000,1996/5/28,Holding,1300178.625
2404.000,1996/5/29,Holding,1323109.875
2405.000,1996/5/30,Holding,1346041.125
2406.000,1996/5/31,Holding,1411307.000
2407.000,1996/6/1,Holding,1434238.250
2408.000,1996/6/3,Holding,1455405.500
2409.000,1996/6/4,Holding,1434238.250
2410.000,1996/6/5,Holding,1411307.000
2411.000,1996/6/6,Holding,1455405.500
2412.000,1996/6/7,Holding,1499504.000
2413.000,1996/6/8,Holding,1455405.500
2414.000,1996/6/10,Holding,1455405.500
2415.000,1996/6/11,Holding,1478336.750
2416.000,1996/6/12,Holding,1610632.250
2417.000,1996/6/13,Holding,1654730.750
2418.000,1996/6/14,Holding,1589465.000
2419.000,1996/6/15,Holding,1654730.750
2420.000,1996/6/17,Holding,1742927.750
2421.000,1996/6/18,Holding,1654730.750
2422.000,1996/6/19,Holding,1698829.250
2423.000,1996/6/21,Holding,1742927.750
2424.000,1996/6/22,Holding,1896390.500
2425.000,1996/6/24,Holding,1896390.500
2426.000,1996/6/25,Holding,1945781.000
2427.000,1996/6/26,Holding,1968712.125
2428.000,1996/6/27,Holding,2115119.000
2429.000,1996/6/28,Holding,2115119.000
2430.000,1996/6/29,Holding,2286221.250
2431.000,1996/7/2,Holding,2090424.125
2432.000,1996/7/3,Holding,1993407.125
2433.000,1996/7/4,Holding,1921085.625
2434.000,1996/7/5,Holding,1921085.625
2435.000,1996/7/6,Holding,1847000.125
2436.000,1996/7/8,Holding,1896390.500
2437.000,1996/7/9,Holding,1871695.500
2438.000,1996/7/10,Holding,1725288.250
2439.000,1996/7/11,Holding,1799373.750
2440.000,1996/7/12,Holding,1847000.125
2441.000,1996/7/13,Holding,1847000.125
2442.000,1996/7/15,Holding,1799373.750
2443.000,1996/7/16,Holding,1774678.500
2444.000,1996/7/17,Holding,1847000.125
2445.000,1996/7/18,Holding,1847000.125
2446.000,1996/7/19,Holding,1847000.125
2447.000,1996/7/20,Holding,1847000.125
2448.000,1996/7/22,Holding,1824069.000
2449.000,1996/7/23,Holding,1774678.500
2450.000,1996/7/24,Holding,1774678.500
2451.000,1996/7/25,Holding,1725288.250
2452.000,1996/7/26,Holding,1749983.500
2453.000,1996/7/27,Holding,1799373.750
2454.000,1996/7/29,Holding,1749983.500
2455.000,1996/7/30,Holding,1702357.000
2456.000,1996/8/2,Holding,1725288.250
2457.000,1996/8/3,Holding,1652966.750
2458.000,1996/8/5,Holding,1580645.250
2459.000,1996/8/6,Holding,1725288.250
2460.000,1996/8/7,Holding,1677662.000
2461.000,1996/8/8,Holding,1725288.250
2462.000,1996/8/9,Holding,1677662.000
2463.000,1996/8/10,Holding,1702357.000
2464.000,1996/8/12,Holding,1702357.000
2465.000,1996/8/13,Holding,1774678.500
2466.000,1996/8/14,Holding,1774678.500
2467.000,1996/8/15,Holding,1702357.000
2468.000,1996/8/16,Holding,1725288.250
2469.000,1996/8/17,Holding,1677662.000
2470.000,1996/8/19,Holding,1652966.750
2471.000,1996/8/20,Sell,1628271.500
2472.000,1996/8/21,Waiting,1628271.500
2473.000,1996/8/22,Waiting,1628271.500
2474.000,1996/8/23,Waiting,1628271.500
2475.000,1996/8/24,Waiting,1628271.500
2476.000,1996/8/26,Waiting,1628271.500
2477.000,1996/8/27,Waiting,1628271.500
2478.000,1996/8/28,Waiting,1628271.500
2479.000,1996/8/29,Waiting,1628271.500
2480.000,1996/8/30,Waiting,1628271.500
2481.000,1996/8/31,Waiting,1628271.500
2482.000,1996/9/2,Waiting,1628271.500
2483.000,1996/9/3,Waiting,1628271.500
2484.000,1996/9/4,Waiting,1628271.500
2485.000,1996/9/5,Waiting,1628271.500
2486.000,1996/9/6,Waiting,1628271.500
2487.000,1996/9/7,Waiting,1628271.500
2488.000,1996/9/9,Waiting,1628271.500
2489.000,1996/9/10,Waiting,1628271.500
2490.000,1996/9/11,Waiting,1628271.500
2491.000,1996/9/12,Waiting,1628271.500
2492.000,1996/9/13,Waiting,1628271.500
2493.000,1996/9/14,Waiting,1628271.500
2494.000,1996/9/16,Waiting,1628271.500
2495.000,1996/9/17,Waiting,1628271.500
2496.000,1996/9/18,Waiting,1628271.500
2497.000,1996/9/19,Waiting,1628271.500
2498.000,1996/9/20,Waiting,1628271.500
2499.000,1996/9/21,Waiting,1628271.500
2500.000,1996/9/23,Waiting,1628271.500
2501.000,1996/9/24,Waiting,1628271.500
2502.000,1996/9/25,Waiting,1628271.500
2503.000,1996/9/26,Waiting,1628271.500
2504.000,1996/9/30,Waiting,1628271.500
2505.000,1996/10/1,Waiting,1628271.500
2506.000,1996/10/2,Waiting,1628271.500
2507.000,1996/10/3,Waiting,1628271.500
2508.000,1996/10/4,Waiting,1628271.500
2509.000,1996/10/5,Waiting,1628271.500
2510.000,1996/10/7,Waiting,1628271.500
2511.000,1996/10/8,Waiting,1628271.500
2512.000,1996/10/9,Waiting,1628271.500
2513.000,1996/10/11,Buy,1628271.500
2514.000,1996/10/12,Holding,1741545.000
2515.000,1996/10/14,Holding,1741545.000
2516.000,1996/10/15,Holding,1741545.000
2517.000,1996/10/16,Holding,1741545.000
2518.000,1996/10/17,Holding,1672596.000
2519.000,1996/10/18,Holding,1672596.000
2520.000,1996/10/19,Holding,1649612.750
2521.000,1996/10/21,Holding,1672596.000
2522.000,1996/10/22,Holding,1672596.000
2523.000,1996/10/23,Holding,1649612.750
2524.000,1996/10/24,Holding,1695578.875
2525.000,1996/10/28,Holding,1649612.750
2526.000,1996/10/29,Holding,1649612.750
2527.000,1996/10/30,Holding,1695578.875
2528.000,1996/11/1,Holding,1649612.750
2529.000,1996/11/2,Holding,1718561.750
2530.000,1996/11/4,Holding,1695578.875
2531.000,1996/11/5,Holding,1672596.000
2532.000,1996/11/6,Holding,1695578.875
2533.000,1996/11/7,Holding,1741545.000
2534.000,1996/11/8,Holding,1718561.750
2535.000,1996/11/9,Holding,1672596.000
2536.000,1996/11/11,Holding,1672596.000
2537.000,1996/11/13,Holding,1672596.000
2538.000,1996/11/14,Holding,1718561.750
2539.000,1996/11/15,Holding,1695578.875
2540.000,1996/11/16,Holding,1718561.750
2541.000,1996/11/18,Holding,1762886.250
2542.000,1996/11/19,Holding,1854818.125
2543.000,1996/11/20,Holding,1854818.125
2544.000,1996/11/21,Holding,1785869.125
2545.000,1996/11/22,Holding,1808852.375
2546.000,1996/11/23,Holding,1876159.750
2547.000,1996/11/25,Holding,1854818.125
2548.000,1996/11/26,Holding,1876159.750
2549.000,1996/11/27,Holding,1854818.125
2550.000,1996/11/28,Holding,1785869.125
2551.000,1996/11/29,Holding,1785869.125
2552.000,1996/11/30,Holding,1808852.375
2553.000,1996/12/2,Holding,1876159.750
2554.000,1996/12/3,Holding,1876159.750
2555.000,1996/12/4,Holding,1876159.750
2556.000,1996/12/5,Holding,1854818.125
2557.000,1996/12/6,Holding,1762886.250
2558.000,1996/12/7,Holding,1785869.125
2559.000,1996/12/9,Holding,1762886.250
2560.000,1996/12/10,Holding,1785869.125
2561.000,1996/12/11,Holding,1762886.250
2562.000,1996/12/12,Holding,1762886.250
2563.000,1996/12/13,Holding,1741545.000
2564.000,1996/12/14,Holding,1762886.250
2565.000,1996/12/16,Holding,1762886.250
2566.000,1996/12/17,Holding,1741545.000
2567.000,1996/12/18,Holding,1741545.000
2568.000,1996/12/19,Holding,1718561.750
2569.000,1996/12/20,Holding,1741545.000
2570.000,1996/12/21,Holding,1741545.000
2571.000,1996/12/23,Holding,1718561.750
2572.000,1996/12/24,Holding,1741545.000
2573.000,1996/12/26,Holding,1718561.750
2574.000,1996/12/27,Holding,1718561.750
2575.000,1996/12/28,Holding,1718561.750
2576.000,1996/12/30,Holding,1672596.000
2577.000,1996/12/31,Sell,1718561.750
2578.000,1997/1/4,Waiting,1718561.750
2579.000,1997/1/6,Waiting,1718561.750
2580.000,1997/1/7,Waiting,1718561.750
2581.000,1997/1/8,Waiting,1718561.750
2582.000,1997/1/9,Waiting,1718561.750
2583.000,1997/1/10,Waiting,1718561.750
2584.000,1997/1/11,Waiting,1718561.750
2585.000,1997/1/13,Waiting,1718561.750
2586.000,1997/1/14,Waiting,1718561.750
2587.000,1997/1/15,Waiting,1718561.750
2588.000,1997/1/16,Waiting,1718561.750
2589.000,1997/1/17,Waiting,1718561.750
2590.000,1997/1/18,Waiting,1718561.750
2591.000,1997/1/20,Waiting,1718561.750
2592.000,1997/1/21,Waiting,1718561.750
2593.000,1997/1/22,Waiting,1718561.750
2594.000,1997/1/23,Buy,1718561.750
2595.000,1997/1/24,Holding,1653418.000
2596.000,1997/1/25,Holding,1631173.500
2597.000,1997/1/27,Sell,1608929.375
2598.000,1997/1/28,Waiting,1608929.375
2599.000,1997/1/29,Waiting,1608929.375
2600.000,1997/1/30,Waiting,1608929.375
2601.000,1997/1/31,Waiting,1608929.375
2602.000,1997/2/1,Waiting,1608929.375
2603.000,1997/2/3,Waiting,1608929.375
2604.000,1997/2/11,Waiting,1608929.375
2605.000,1997/2/12,Waiting,1608929.375
2606.000,1997/2/13,Waiting,1608929.375
2607.000,1997/2/14,Waiting,1608929.375
2608.000,1997/2/15,Waiting,1608929.375
2609.000,1997/2/17,Waiting,1608929.375
2610.000,1997/2/18,Waiting,1608929.375
2611.000,1997/2/19,Waiting,1608929.375
2612.000,1997/2/20,Waiting,1608929.375
2613.000,1997/2/21,Waiting,1608929.375
2614.000,1997/2/22,Waiting,1608929.375
2615.000,1997/2/24,Waiting,1608929.375
2616.000,1997/2/25,Buy,1608929.375
2617.000,1997/2/26,Holding,1567420.375
2618.000,1997/2/27,Sell,1567420.375
2619.000,1997/2/28,Waiting,1567420.375
2620.000,1997/3/1,Waiting,1567420.375
2621.000,1997/3/3,Buy,1567420.375
2622.000,1997/3/4,Holding,1588427.750
2623.000,1997/3/5,Holding,1628942.375
2624.000,1997/3/6,Holding,1628942.375
2625.000,1997/3/7,Holding,1628942.375
2626.000,1997/3/8,Holding,1609435.250
2627.000,1997/3/10,Holding,1609435.250
2628.000,1997/3/11,Holding,1609435.250
2629.000,1997/3/12,Holding,1628942.375
2630.000,1997/3/13,Holding,1628942.375
2631.000,1997/3/14,Holding,1628942.375
2632.000,1997/3/15,Holding,1609435.250
2633.000,1997/3/17,Holding,1609435.250
2634.000,1997/3/18,Holding,1628942.375
2635.000,1997/3/19,Holding,1609435.250
2636.000,1997/3/20,Holding,1588427.750
2637.000,1997/3/21,Holding,1588427.750
2638.000,1997/3/22,Holding,1567420.375
2639.000,1997/3/24,Holding,1505898.375
2640.000,1997/3/25,Sell,1421868.000
2641.000,1997/3/26,Waiting,1421868.000
2642.000,1997/3/27,Waiting,1421868.000
2643.000,1997/3/28,Waiting,1421868.000
2644.000,1997/3/31,Waiting,1421868.000
2645.000,1997/4/1,Waiting,1421868.000
2646.000,1997/4/2,Waiting,1421868.000
2647.000,1997/4/3,Waiting,1421868.000
2648.000,1997/4/7,Waiting,1421868.000
2649.000,1997/4/8,Waiting,1421868.000
2650.000,1997/4/9,Waiting,1421868.000
2651.000,1997/4/10,Waiting,1421868.000
2652.000,1997/4/11,Waiting,1421868.000
2653.000,1997/4/12,Waiting,1421868.000
2654.000,1997/4/14,Waiting,1421868.000
2655.000,1997/4/15,Waiting,1421868.000
2656.000,1997/4/16,Waiting,1421868.000
2657.000,1997/4/17,Waiting,1421868.000
2658.000,1997/4/18,Waiting,1421868.000
2659.000,1997/4/19,Waiting,1421868.000
2660.000,1997/4/21,Waiting,1421868.000
2661.000,1997/4/22,Waiting,1421868.000
2662.000,1997/4/23,Waiting,1421868.000
2663.000,1997/4/24,Waiting,1421868.000
2664.000,1997/4/25,Waiting,1421868.000
2665.000,1997/4/26,Waiting,1421868.000
2666.000,1997/4/28,Waiting,1421868.000
2667.000,1997/4/29,Waiting,1421868.000
2668.000,1997/4/30,Waiting,1421868.000
2669.000,1997/5/2,Waiting,1421868.000
2670.000,1997/5/3,Waiting,1421868.000
2671.000,1997/5/5,Waiting,1421868.000
2672.000,1997/5/6,Waiting,1421868.000
2673.000,1997/5/7,Waiting,1421868.000
2674.000,1997/5/8,Waiting,1421868.000
2675.000,1997/5/9,Waiting,1421868.000
2676.000,1997/5/10,Waiting,1421868.000
2677.000,1997/5/12,Waiting,1421868.000
2678.000,1997/5/13,Waiting,1421868.000
2679.000,1997/5/14,Waiting,1421868.000
2680.000,1997/5/15,Waiting,1421868.000
2681.000,1997/5/16,Waiting,1421868.000
2682.000,1997/5/17,Waiting,1421868.000
2683.000,1997/5/19,Waiting,1421868.000
2684.000,1997/5/20,Waiting,1421868.000
2685.000,1997/5/21,Waiting,1421868.000
2686.000,1997/5/22,Waiting,1421868.000
2687.000,1997/5/23,Waiting,1421868.000
2688.000,1997/5/24,Waiting,1421868.000
2689.000,1997/5/26,Waiting,1421868.000
2690.000,1997/5/27,Waiting,1421868.000
2691.000,1997/5/28,Waiting,1421868.000
2692.000,1997/5/29,Waiting,1421868.000
2693.000,1997/5/30,Waiting,1421868.000
2694.000,1997/5/31,Waiting,1421868.000
2695.000,1997/6/2,Waiting,1421868.000
2696.000,1997/6/3,Waiting,1421868.000
2697.000,1997/6/4,Waiting,1421868.000
2698.000,1997/6/5,Waiting,1421868.000
2699.000,1997/6/6,Waiting,1421868.000
2700.000,1997/6/7,Waiting,1421868.000
2701.000,1997/6/10,Waiting,1421868.000
2702.000,1997/6/11,Waiting,1421868.000
2703.000,1997/6/12,Waiting,1421868.000
2704.000,1997/6/13,Waiting,1421868.000
2705.000,1997/6/14,Waiting,1421868.000
2706.000,1997/6/16,Waiting,1421868.000
2707.000,1997/6/17,Waiting,1421868.000
2708.000,1997/6/18,Waiting,1421868.000
2709.000,1997/6/19,Waiting,1421868.000
2710.000,1997/6/20,Waiting,1421868.000
2711.000,1997/6/21,Waiting,1421868.000
2712.000,1997/6/23,Waiting,1421868.000
2713.000,1997/6/24,Waiting,1421868.000
2714.000,1997/6/25,Waiting,1421868.000
2715.000,1997/6/26,Waiting,1421868.000
2716.000,1997/6/27,Waiting,1421868.000
2717.000,1997/6/28,Waiting,1421868.000
2718.000,1997/6/30,Waiting,1421868.000
2719.000,1997/7/2,Waiting,1421868.000
2720.000,1997/7/3,Waiting,1421868.000
2721.000,1997/7/4,Waiting,1421868.000
2722.000,1997/7/5,Waiting,1421868.000
2723.000,1997/7/7,Waiting,1421868.000
2724.000,1997/7/8,Waiting,1421868.000
2725.000,1997/7/9,Waiting,1421868.000
2726.000,1997/7/10,Waiting,1421868.000
2727.000,1997/7/11,Waiting,1421868.000
2728.000,1997/7/12,Waiting,1421868.000
2729.000,1997/7/14,Waiting,1421868.000
2730.000,1997/7/15,Waiting,1421868.000
2731.000,1997/7/16,Waiting,1421868.000
2732.000,1997/7/17,Waiting,1421868.000
2733.000,1997/7/18,Waiting,1421868.000
2734.000,1997/7/19,Waiting,1421868.000
2735.000,1997/7/21,Waiting,1421868.000
2736.000,1997/7/22,Waiting,1421868.000
2737.000,1997/7/23,Waiting,1421868.000
2738.000,1997/7/24,Waiting,1421868.000
2739.000,1997/7/25,Waiting,1421868.000
2740.000,1997/7/26,Waiting,1421868.000
2741.000,1997/7/28,Waiting,1421868.000
2742.000,1997/7/29,Waiting,1421868.000
2743.000,1997/7/30,Waiting,1421868.000
2744.000,1997/7/31,Waiting,1421868.000
2745.000,1997/8/1,Waiting,1421868.000
2746.000,1997/8/2,Waiting,1421868.000
2747.000,1997/8/4,Waiting,1421868.000
2748.000,1997/8/5,Waiting,1421868.000
2749.000,1997/8/6,Waiting,1421868.000
2750.000,1997/8/7,Waiting,1421868.000
2751.000,1997/8/8,Waiting,1421868.000
2752.000,1997/8/9,Waiting,1421868.000
2753.000,1997/8/11,Waiting,1421868.000
2754.000,1997/8/12,Waiting,1421868.000
2755.000,1997/8/13,Waiting,1421868.000
2756.000,1997/8/14,Waiting,1421868.000
2757.000,1997/8/15,Waiting,1421868.000
2758.000,1997/8/16,Waiting,1421868.000
2759.000,1997/8/19,Waiting,1421868.000
2760.000,1997/8/20,Waiting,1421868.000
2761.000,1997/8/21,Waiting,1421868.000
2762.000,1997/8/22,Waiting,1421868.000
2763.000,1997/8/23,Waiting,1421868.000
2764.000,1997/8/25,Waiting,1421868.000
2765.000,1997/8/26,Waiting,1421868.000
2766.000,1997/8/27,Waiting,1421868.000
2767.000,1997/8/28,Waiting,1421868.000
2768.000,1997/8/30,Waiting,1421868.000
2769.000,1997/9/1,Waiting,1421868.000
2770.000,1997/9/2,Waiting,1421868.000
2771.000,1997/9/3,Waiting,1421868.000
2772.000,1997/9/4,Waiting,1421868.000
2773.000,1997/9/5,Waiting,1421868.000
2774.000,1997/9/6,Waiting,1421868.000
2775.000,1997/9/8,Waiting,1421868.000
2776.000,1997/9/9,Waiting,1421868.000
2777.000,1997/9/10,Waiting,1421868.000
2778.000,1997/9/11,Waiting,1421868.000
2779.000,1997/9/12,Waiting,1421868.000
2780.000,1997/9/13,Waiting,1421868.000
2781.000,1997/9/15,Waiting,1421868.000
2782.000,1997/9/17,Waiting,1421868.000
2783.000,1997/9/18,Waiting,1421868.000
2784.000,1997/9/19,Waiting,1421868.000
2785.000,1997/9/20,Waiting,1421868.000
2786.000,1997/9/22,Waiting,1421868.000
2787.000,1997/9/23,Waiting,1421868.000
2788.000,1997/9/24,Waiting,1421868.000
2789.000,1997/9/25,Waiting,1421868.000
2790.000,1997/9/26,Waiting,1421868.000
2791.000,1997/9/27,Waiting,1421868.000
2792.000,1997/9/30,Waiting,1421868.000
2793.000,1997/10/1,Waiting,1421868.000
2794.000,1997/10/2,Waiting,1421868.000
2795.000,1997/10/3,Waiting,1421868.000
2796.000,1997/10/4,Waiting,1421868.000
2797.000,1997/10/6,Waiting,1421868.000
2798.000,1997/10/7,Waiting,1421868.000
2799.000,1997/10/8,Waiting,1421868.000
2800.000,1997/10/9,Waiting,1421868.000
2801.000,1997/10/13,Waiting,1421868.000
2802.000,1997/10/14,Waiting,1421868.000
2803.000,1997/10/15,Waiting,1421868.000
2804.000,1997/10/16,Waiting,1421868.000
2805.000,1997/10/17,Waiting,1421868.000
2806.000,1997/10/18,Waiting,1421868.000
2807.000,1997/10/20,Waiting,1421868.000
2808.000,1997/10/21,Waiting,1421868.000
2809.000,1997/10/22,Waiting,1421868.000
2810.000,1997/10/23,Waiting,1421868.000
2811.000,1997/10/24,Waiting,1421868.000
2812.000,1997/10/27,Waiting,1421868.000
2813.000,1997/10/28,Waiting,1421868.000
2814.000,1997/10/29,Waiting,1421868.000
2815.000,1997/10/30,Waiting,1421868.000
2816.000,1997/11/3,Waiting,1421868.000
2817.000,1997/11/4,Waiting,1421868.000
2818.000,1997/11/5,Waiting,1421868.000
2819.000,1997/11/6,Waiting,1421868.000
2820.000,1997/11/7,Waiting,1421868.000
2821.000,1997/11/8,Waiting,1421868.000
2822.000,1997/11/10,Waiting,1421868.000
2823.000,1997/11/11,Waiting,1421868.000
2824.000,1997/11/13,Waiting,1421868.000
2825.000,1997/11/14,Waiting,1421868.000
2826.000,1997/11/15,Waiting,1421868.000
2827.000,1997/11/17,Waiting,1421868.000
2828.000,1997/11/18,Waiting,1421868.000
2829.000,1997/11/19,Waiting,1421868.000
2830.000,1997/11/20,Waiting,1421868.000
2831.000,1997/11/21,Waiting,1421868.000
2832.000,1997/11/22,Waiting,1421868.000
2833.000,1997/11/24,Waiting,1421868.000
2834.000,1997/11/25,Waiting,1421868.000
2835.000,1997/11/26,Waiting,1421868.000
2836.000,1997/11/27,Waiting,1421868.000
2837.000,1997/11/28,Waiting,1421868.000
2838.000,1997/12/1,Waiting,1421868.000
2839.000,1997/12/2,Waiting,1421868.000
2840.000,1997/12/3,Waiting,1421868.000
2841.000,1997/12/4,Waiting,1421868.000
2842.000,1997/12/5,Waiting,1421868.000
2843.000,1997/12/6,Waiting,1421868.000
2844.000,1997/12/8,Waiting,1421868.000
2845.000,1997/12/9,Waiting,1421868.000
2846.000,1997/12/10,Waiting,1421868.000
2847.000,1997/12/11,Waiting,1421868.000
2848.000,1997/12/12,Waiting,1421868.000
2849.000,1997/12/13,Waiting,1421868.000
2850.000,1997/12/15,Waiting,1421868.000
2851.000,1997/12/16,Waiting,1421868.000
2852.000,1997/12/17,Waiting,1421868.000
2853.000,1997/12/18,Waiting,1421868.000
2854.000,1997/12/19,Waiting,1421868.000
2855.000,1997/12/20,Waiting,1421868.000
2856.000,1997/12/22,Waiting,1421868.000
2857.000,1997/12/23,Waiting,1421868.000
2858.000,1997/12/24,Waiting,1421868.000
2859.000,1997/12/26,Waiting,1421868.000
2860.000,1997/12/27,Waiting,1421868.000
2861.000,1997/12/29,Waiting,1421868.000
2862.000,1997/12/30,Waiting,1421868.000
2863.000,1997/12/31,Waiting,1421868.000
2864.000,1998/1/3,Waiting,1421868.000
2865.000,1998/1/5,Waiting,1421868.000
2866.000,1998/1/6,Waiting,1421868.000
2867.000,1998/1/7,Waiting,1421868.000
2868.000,1998/1/8,Waiting,1421868.000
2869.000,1998/1/9,Waiting,1421868.000
2870.000,1998/1/12,Waiting,1421868.000
2871.000,1998/1/13,Waiting,1421868.000
2872.000,1998/1/14,Waiting,1421868.000
2873.000,1998/1/15,Waiting,1421868.000
2874.000,1998/1/16,Waiting,1421868.000
2875.000,1998/1/17,Waiting,1421868.000
2876.000,1998/1/19,Waiting,1421868.000
2877.000,1998/1/20,Waiting,1421868.000
2878.000,1998/1/21,Waiting,1421868.000
2879.000,1998/1/22,Waiting,1421868.000
2880.000,1998/2/2,Waiting,1421868.000
2881.000,1998/2/3,Waiting,1421868.000
2882.000,1998/2/4,Waiting,1421868.000
2883.000,1998/2/5,Waiting,1421868.000
2884.000,1998/2/6,Waiting,1421868.000
2885.000,1998/2/7,Waiting,1421868.000
2886.000,1998/2/9,Waiting,1421868.000
2887.000,1998/2/10,Waiting,1421868.000
2888.000,1998/2/11,Waiting,1421868.000
2889.000,1998/2/12,Waiting,1421868.000
2890.000,1998/2/13,Waiting,1421868.000
2891.000,1998/2/16,Waiting,1421868.000
2892.000,1998/2/17,Waiting,1421868.000
2893.000,1998/2/18,Waiting,1421868.000
2894.000,1998/2/19,Waiting,1421868.000
2895.000,1998/2/20,Waiting,1421868.000
2896.000,1998/2/21,Waiting,1421868.000
2897.000,1998/2/23,Waiting,1421868.000
2898.000,1998/2/24,Waiting,1421868.000
2899.000,1998/2/25,Waiting,1421868.000
2900.000,1998/2/26,Waiting,1421868.000
2901.000,1998/2/27,Waiting,1421868.000
2902.000,1998/3/2,Waiting,1421868.000
2903.000,1998/3/3,Waiting,1421868.000
2904.000,1998/3/4,Waiting,1421868.000
2905.000,1998/3/5,Waiting,1421868.000
2906.000,1998/3/6,Waiting,1421868.000
2907.000,1998/3/7,Waiting,1421868.000
2908.000,1998/3/9,Waiting,1421868.000
2909.000,1998/3/10,Buy,1421868.000
2910.000,1998/3/11,Holding,1428115.250
2911.000,1998/3/12,Holding,1455186.875
2912.000,1998/3/13,Holding,1442692.250
2913.000,1998/3/16,Holding,1396878.875
2914.000,1998/3/17,Holding,1365642.250
2915.000,1998/3/18,Holding,1334405.875
2916.000,1998/3/19,Sell,1301087.000
2917.000,1998/3/20,Waiting,1301087.000
2918.000,1998/3/21,Waiting,1301087.000
2919.000,1998/3/23,Waiting,1301087.000
2920.000,1998/3/24,Waiting,1301087.000
2921.000,1998/3/25,Waiting,1301087.000
2922.000,1998/3/26,Waiting,1301087.000
2923.000,1998/3/27,Waiting,1301087.000
2924.000,1998/3/30,Waiting,1301087.000
2925.000,1998/3/31,Waiting,1301087.000
2926.000,1998/4/1,Buy,1301087.000
2927.000,1998/4/2,Holding,1345069.375
2928.000,1998/4/3,Holding,1399048.125
2929.000,1998/4/4,Holding,1381055.250
2930.000,1998/4/7,Holding,1437032.875
2931.000,1998/4/8,Holding,1393050.500
2932.000,1998/4/9,Holding,1325077.500
2933.000,1998/4/10,Holding,1357064.750
2934.000,1998/4/13,Holding,1319079.875
2935.000,1998/4/14,Holding,1283094.125
2936.000,1998/4/15,Holding,1271098.750
2937.000,1998/4/16,Holding,1271098.750
2938.000,1998/4/17,Holding,1221118.625
2939.000,1998/4/18,Sell,1233114.000
2940.000,1998/4/20,Waiting,1233114.000
2941.000,1998/4/21,Waiting,1233114.000
2942.000,1998/4/22,Waiting,1233114.000
2943.000,1998/4/23,Waiting,1233114.000
2944.000,1998/4/24,Waiting,1233114.000
2945.000,1998/4/27,Waiting,1233114.000
2946.000,1998/4/28,Waiting,1233114.000
2947.000,1998/4/29,Waiting,1233114.000
2948.000,1998/4/30,Waiting,1233114.000
2949.000,1998/5/2,Waiting,1233114.000
2950.000,1998/5/4,Waiting,1233114.000
2951.000,1998/5/5,Waiting,1233114.000
2952.000,1998/5/6,Waiting,1233114.000
2953.000,1998/5/7,Waiting,1233114.000
2954.000,1998/5/8,Waiting,1233114.000
2955.000,1998/5/11,Waiting,1233114.000
2956.000,1998/5/12,Waiting,1233114.000
2957.000,1998/5/13,Waiting,1233114.000
2958.000,1998/5/14,Waiting,1233114.000
2959.000,1998/5/15,Waiting,1233114.000
2960.000,1998/5/16,Waiting,1233114.000
2961.000,1998/5/18,Waiting,1233114.000
2962.000,1998/5/19,Waiting,1233114.000
2963.000,1998/5/20,Waiting,1233114.000
2964.000,1998/5/21,Waiting,1233114.000
2965.000,1998/5/22,Waiting,1233114.000
2966.000,1998/5/25,Waiting,1233114.000
2967.000,1998/5/26,Waiting,1233114.000
2968.000,1998/5/27,Waiting,1233114.000
2969.000,1998/5/28,Waiting,1233114.000
2970.000,1998/5/29,Waiting,1233114.000
2971.000,1998/6/1,Waiting,1233114.000
2972.000,1998/6/2,Waiting,1233114.000
2973.000,1998/6/3,Waiting,1233114.000
2974.000,1998/6/4,Waiting,1233114.000
2975.000,1998/6/5,Waiting,1233114.000
2976.000,1998/6/6,Waiting,1233114.000
2977.000,1998/6/8,Waiting,1233114.000
2978.000,1998/6/9,Waiting,1233114.000
2979.000,1998/6/10,Waiting,1233114.000
2980.000,1998/6/11,Waiting,1233114.000
2981.000,1998/6/12,Waiting,1233114.000
2982.000,1998/6/15,Waiting,1233114.000
2983.000,1998/6/16,Waiting,1233114.000
2984.000,1998/6/17,Waiting,1233114.000
2985.000,1998/6/18,Waiting,1233114.000
2986.000,1998/6/19,Waiting,1233114.000
2987.000,1998/6/20,Waiting,1233114.000
2988.000,1998/6/22,Waiting,1233114.000
2989.000,1998/6/23,Waiting,1233114.000
2990.000,1998/6/24,Waiting,1233114.000
2991.000,1998/6/25,Waiting,1233114.000
2992.000,1998/6/26,Waiting,1233114.000
2993.000,1998/6/29,Waiting,1233114.000
2994.000,1998/6/30,Waiting,1233114.000
2995.000,1998/7/2,Waiting,1233114.000
2996.000,1998/7/3,Waiting,1233114.000
2997.000,1998/7/4,Waiting,1233114.000
2998.000,1998/7/6,Waiting,1233114.000
2999.000,1998/7/7,Buy,1233114.000
3000.000,1998/7/8,Holding,1382386.375
3001.000,1998/7/9,Holding,1376415.250
3002.000,1998/7/10,Holding,1294813.125
3003.000,1998/7/13,Holding,1225152.875
3004.000,1998/7/14,Holding,1157482.625
3005.000,1998/7/15,Holding,1185346.750
3006.000,1998/7/16,Holding,1137579.625
3007.000,1998/7/17,Holding,1199278.875
3008.000,1998/7/18,Holding,1157482.625
3009.000,1998/7/20,Holding,1177385.500
3010.000,1998/7/21,Holding,1123647.625
3011.000,1998/7/22,Holding,1075880.500
3012.000,1998/7/23,Sell,1083841.625
3013.000,1998/7/24,Waiting,1083841.625
3014.000,1998/7/27,Waiting,1083841.625
3015.000,1998/7/28,Waiting,1083841.625
3016.000,1998/7/29,Waiting,1083841.625
3017.000,1998/7/30,Waiting,1083841.625
3018.000,1998/7/31,Waiting,1083841.625
3019.000,1998/8/1,Waiting,1083841.625
3020.000,1998/8/3,Waiting,1083841.625
3021.000,1998/8/4,Waiting,1083841.625
3022.000,1998/8/5,Waiting,1083841.625
3023.000,1998/8/6,Waiting,1083841.625
3024.000,1998/8/7,Waiting,1083841.625
3025.000,1998/8/10,Waiting,1083841.625
3026.000,1998/8/11,Waiting,1083841.625
3027.000,1998/8/12,Waiting,1083841.625
3028.000,1998/8/13,Waiting,1083841.625
3029.000,1998/8/14,Waiting,1083841.625
3030.000,1998/8/15,Waiting,1083841.625
3031.000,1998/8/17,Waiting,1083841.625
3032.000,1998/8/18,Waiting,1083841.625
3033.000,1998/8/19,Waiting,1083841.625
3034.000,1998/8/20,Waiting,1083841.625
3035.000,1998/8/21,Waiting,1083841.625
3036.000,1998/8/24,Waiting,1083841.625
3037.000,1998/8/25,Waiting,1083841.625
3038.000,1998/8/26,Waiting,1083841.625
3039.000,1998/8/27,Waiting,1083841.625
3040.000,1998/8/28,Waiting,1083841.625
3041.000,1998/8/29,Waiting,1083841.625
3042.000,1998/8/31,Waiting,1083841.625
3043.000,1998/9/1,Waiting,1083841.625
3044.000,1998/9/2,Waiting,1083841.625
3045.000,1998/9/3,Waiting,1083841.625
3046.000,1998/9/4,Waiting,1083841.625
3047.000,1998/9/5,Waiting,1083841.625
3048.000,1998/9/7,Waiting,1083841.625
3049.000,1998/9/8,Waiting,1083841.625
3050.000,1998/9/9,Waiting,1083841.625
3051.000,1998/9/10,Waiting,1083841.625
3052.000,1998/9/11,Waiting,1083841.625
3053.000,1998/9/14,Waiting,1083841.625
3054.000,1998/9/15,Waiting,1083841.625
3055.000,1998/9/16,Waiting,1083841.625
3056.000,1998/9/17,Buy,1083841.625
3057.000,1998/9/18,Holding,1075880.500
3058.000,1998/9/19,Holding,1123647.500
3059.000,1998/9/21,Holding,1036074.313
3060.000,1998/9/22,Holding,1022142.313
3061.000,1998/9/23,Holding,974375.250
3062.000,1998/9/24,Sell,966414.000
3063.000,1998/9/25,Waiting,966414.000
3064.000,1998/9/28,Waiting,966414.000
3065.000,1998/9/29,Waiting,966414.000
3066.000,1998/9/30,Waiting,966414.000
3067.000,1998/10/1,Waiting,966414.000
3068.000,1998/10/2,Waiting,966414.000
3069.000,1998/10/3,Waiting,966414.000
3070.000,1998/10/6,Waiting,966414.000
3071.000,1998/10/7,Waiting,966414.000
3072.000,1998/10/8,Waiting,966414.000
3073.000,1998/10/9,Waiting,966414.000
3074.000,1998/10/12,Waiting,966414.000
3075.000,1998/10/13,Waiting,966414.000
3076.000,1998/10/14,Waiting,966414.000
3077.000,1998/10/15,Waiting,966414.000
3078.000,1998/10/17,Waiting,966414.000
3079.000,1998/10/19,Waiting,966414.000
3080.000,1998/10/20,Waiting,966414.000
3081.000,1998/10/21,Waiting,966414.000
3082.000,1998/10/22,Waiting,966414.000
3083.000,1998/10/23,Waiting,966414.000
3084.000,1998/10/26,Waiting,966414.000
3085.000,1998/10/27,Waiting,966414.000
3086.000,1998/10/28,Waiting,966414.000
3087.000,1998/10/29,Waiting,966414.000
3088.000,1998/10/30,Waiting,966414.000
3089.000,1998/10/31,Waiting,966414.000
3090.000,1998/11/2,Waiting,966414.000
3091.000,1998/11/3,Waiting,966414.000
3092.000,1998/11/4,Waiting,966414.000
3093.000,1998/11/5,Waiting,966414.000
3094.000,1998/11/6,Waiting,966414.000
3095.000,1998/11/7,Waiting,966414.000
3096.000,1998/11/9,Waiting,966414.000
3097.000,1998/11/10,Waiting,966414.000
3098.000,1998/11/11,Waiting,966414.000
3099.000,1998/11/13,Waiting,966414.000
3100.000,1998/11/16,Waiting,966414.000
3101.000,1998/11/17,Waiting,966414.000
3102.000,1998/11/18,Buy,966414.000
3103.000,1998/11/19,Holding,1005122.875
3104.000,1998/11/20,Holding,1045767.313
3105.000,1998/11/21,Holding,999316.625
3106.000,1998/11/23,Holding,979962.063
3107.000,1998/11/24,Holding,1005122.875
3108.000,1998/11/25,Holding,933511.375
3109.000,1998/11/26,Sell,1065121.875
3110.000,1998/11/27,Buy,1065121.875
3111.000,1998/11/30,Holding,972220.313
3112.000,1998/12/1,Holding,991574.875
3113.000,1998/12/2,Holding,1005122.938
3114.000,1998/12/3,Holding,1005122.938
3115.000,1998/12/4,Holding,1005122.938
3116.000,1998/12/7,Holding,1105766.250
3117.000,1998/12/8,Holding,1045767.313
3118.000,1998/12/9,Holding,1005122.938
3119.000,1998/12/10,Holding,979962.125
3120.000,1998/12/11,Holding,952866.000
3121.000,1998/12/14,Sell,966414.063
3122.000,1998/12/15,Waiting,966414.063
3123.000,1998/12/16,Waiting,966414.063
3124.000,1998/12/17,Waiting,966414.063
3125.000,1998/12/18,Waiting,966414.063
3126.000,1998/12/19,Waiting,966414.063
3127.000,1998/12/21,Waiting,966414.063
3128.000,1998/12/22,Waiting,966414.063
3129.000,1998/12/23,Waiting,966414.063
3130.000,1998/12/24,Waiting,966414.063
3131.000,1998/12/28,Waiting,966414.063
3132.000,1998/12/29,Waiting,966414.063
3133.000,1998/12/30,Waiting,966414.063
3134.000,1998/12/31,Waiting,966414.063
3135.000,1999/1/5,Waiting,966414.063
3136.000,1999/1/6,Waiting,966414.063
3137.000,1999/1/7,Waiting,966414.063
3138.000,1999/1/8,Waiting,966414.063
3139.000,1999/1/11,Waiting,966414.063
3140.000,1999/1/12,Waiting,966414.063
3141.000,1999/1/13,Waiting,966414.063
3142.000,1999/1/14,Waiting,966414.063
3143.000,1999/1/15,Waiting,966414.063
3144.000,1999/1/16,Waiting,966414.063
3145.000,1999/1/18,Waiting,966414.063
3146.000,1999/1/19,Waiting,966414.063
3147.000,1999/1/20,Waiting,966414.063
3148.000,1999/1/21,Waiting,966414.063
3149.000,1999/1/22,Waiting,966414.063
3150.000,1999/1/25,Waiting,966414.063
3151.000,1999/1/26,Waiting,966414.063
3152.000,1999/1/27,Waiting,966414.063
3153.000,1999/1/28,Waiting,966414.063
3154.000,1999/1/29,Waiting,966414.063
3155.000,1999/1/30,Waiting,966414.063
3156.000,1999/2/1,Waiting,966414.063
3157.000,1999/2/2,Waiting,966414.063
3158.000,1999/2/3,Waiting,966414.063
3159.000,1999/2/4,Waiting,966414.063
3160.000,1999/2/5,Waiting,966414.063
3161.000,1999/2/6,Waiting,966414.063
3162.000,1999/2/8,Waiting,966414.063
3163.000,1999/2/9,Waiting,966414.063
3164.000,1999/2/10,Waiting,966414.063
3165.000,1999/2/20,Waiting,966414.063
3166.000,1999/2/22,Waiting,966414.063
3167.000,1999/2/23,Waiting,966414.063
3168.000,1999/2/24,Waiting,966414.063
3169.000,1999/2/25,Waiting,966414.063
3170.000,1999/2/26,Waiting,966414.063
3171.000,1999/3/1,Waiting,966414.063
3172.000,1999/3/2,Waiting,966414.063
3173.000,1999/3/3,Waiting,966414.063
3174.000,1999/3/4,Waiting,966414.063
3175.000,1999/3/5,Waiting,966414.063
3176.000,1999/3/6,Waiting,966414.063
3177.000,1999/3/8,Waiting,966414.063
3178.000,1999/3/9,Waiting,966414.063
3179.000,1999/3/10,Waiting,966414.063
3180.000,1999/3/11,Waiting,966414.063
3181.000,1999/3/12,Waiting,966414.063
3182.000,1999/3/15,Waiting,966414.063
3183.000,1999/3/16,Waiting,966414.063
3184.000,1999/3/17,Waiting,966414.063
3185.000,1999/3/18,Waiting,966414.063
3186.000,1999/3/19,Waiting,966414.063
3187.000,1999/3/20,Waiting,966414.063
3188.000,1999/3/22,Waiting,966414.063
3189.000,1999/3/23,Waiting,966414.063
3190.000,1999/3/24,Waiting,966414.063
3191.000,1999/3/25,Waiting,966414.063
3192.000,1999/3/26,Waiting,966414.063
3193.000,1999/3/29,Waiting,966414.063
3194.000,1999/3/30,Waiting,966414.063
3195.000,1999/3/31,Waiting,966414.063
3196.000,1999/4/1,Waiting,966414.063
3197.000,1999/4/2,Waiting,966414.063
3198.000,1999/4/3,Waiting,966414.063
3199.000,1999/4/6,Waiting,966414.063
3200.000,1999/4/7,Waiting,966414.063
3201.000,1999/4/8,Waiting,966414.063
3202.000,1999/4/9,Waiting,966414.063
3203.000,1999/4/12,Waiting,966414.063
3204.000,1999/4/13,Waiting,966414.063
3205.000,1999/4/14,Waiting,966414.063
3206.000,1999/4/15,Waiting,966414.063
3207.000,1999/4/16,Waiting,966414.063
3208.000,1999/4/17,Waiting,966414.063
3209.000,1999/4/19,Waiting,966414.063
3210.000,1999/4/20,Waiting,966414.063
3211.000,1999/4/21,Waiting,966414.063
3212.000,1999/4/22,Waiting,966414.063
3213.000,1999/4/23,Waiting,966414.063
3214.000,1999/4/26,Waiting,966414.063
3215.000,1999/4/27,Waiting,966414.063
3216.000,1999/4/28,Waiting,966414.063
3217.000,1999/4/29,Waiting,966414.063
3218.000,1999/4/30,Waiting,966414.063
3219.000,1999/5/3,Waiting,966414.063
3220.000,1999/5/4,Waiting,966414.063
3221.000,1999/5/5,Waiting,966414.063
3222.000,1999/5/6,Waiting,966414.063
3223.000,1999/5/7,Waiting,966414.063
3224.000,1999/5/10,Waiting,966414.063
3225.000,1999/5/11,Waiting,966414.063
3226.000,1999/5/12,Waiting,966414.063
3227.000,1999/5/13,Waiting,966414.063
3228.000,1999/5/14,Waiting,966414.063
3229.000,1999/5/15,Waiting,966414.063
3230.000,1999/5/17,Waiting,966414.063
3231.000,1999/5/18,Waiting,966414.063
3232.000,1999/5/19,Waiting,966414.063
3233.000,1999/5/20,Waiting,966414.063
3234.000,1999/5/21,Waiting,966414.063
3235.000,1999/5/24,Waiting,966414.063
3236.000,1999/5/25,Waiting,966414.063
3237.000,1999/5/26,Waiting,966414.063
3238.000,1999/5/27,Waiting,966414.063
3239.000,1999/5/28,Waiting,966414.063
3240.000,1999/5/29,Waiting,966414.063
3241.000,1999/5/31,Waiting,966414.063
3242.000,1999/6/1,Waiting,966414.063
3243.000,1999/6/2,Waiting,966414.063
3244.000,1999/6/3,Waiting,966414.063
3245.000,1999/6/4,Waiting,966414.063
3246.000,1999/6/5,Waiting,966414.063
3247.000,1999/6/7,Waiting,966414.063
3248.000,1999/6/8,Waiting,966414.063
3249.000,1999/6/9,Waiting,966414.063
3250.000,1999/6/10,Waiting,966414.063
3251.000,1999/6/11,Waiting,966414.063
3252.000,1999/6/14,Waiting,966414.063
3253.000,1999/6/15,Waiting,966414.063
3254.000,1999/6/16,Waiting,966414.063
3255.000,1999/6/17,Waiting,966414.063
3256.000,1999/6/21,Waiting,966414.063
3257.000,1999/6/22,Waiting,966414.063
3258.000,1999/6/23,Waiting,966414.063
3259.000,1999/6/24,Waiting,966414.063
3260.000,1999/6/25,Waiting,966414.063
3261.000,1999/6/28,Waiting,966414.063
3262.000,1999/6/29,Waiting,966414.063
3263.000,1999/6/30,Waiting,966414.063
3264.000,1999/7/2,Waiting,966414.063
3265.000,1999/7/3,Waiting,966414.063
3266.000,1999/7/5,Waiting,966414.063
3267.000,1999/7/6,Waiting,966414.063
3268.000,1999/7/7,Waiting,966414.063
3269.000,1999/7/8,Waiting,966414.063
3270.000,1999/7/9,Waiting,966414.063
3271.000,1999/7/12,Waiting,966414.063
3272.000,1999/7/13,Waiting,966414.063
3273.000,1999/7/14,Waiting,966414.063
3274.000,1999/7/15,Waiting,966414.063
3275.000,1999/7/16,Waiting,966414.063
3276.000,1999/7/17,Waiting,966414.063
3277.000,1999/7/19,Waiting,966414.063
3278.000,1999/7/20,Waiting,966414.063
3279.000,1999/7/21,Waiting,966414.063
3280.000,1999/7/22,Waiting,966414.063
3281.000,1999/7/23,Waiting,966414.063
3282.000,1999/7/26,Waiting,966414.063
3283.000,1999/7/27,Waiting,966414.063
3284.000,1999/7/28,Waiting,966414.063
3285.000,1999/7/29,Waiting,966414.063
3286.000,1999/7/30,Waiting,966414.063
3287.000,1999/7/31,Waiting,966414.063
3288.000,1999/8/2,Waiting,966414.063
3289.000,1999/8/3,Waiting,966414.063
3290.000,1999/8/4,Waiting,966414.063
3291.000,1999/8/5,Waiting,966414.063
3292.000,1999/8/6,Waiting,966414.063
3293.000,1999/8/7,Waiting,966414.063
3294.000,1999/8/9,Waiting,966414.063
3295.000,1999/8/10,Waiting,966414.063
3296.000,1999/8/11,Waiting,966414.063
3297.000,1999/8/12,Waiting,966414.063
3298.000,1999/8/13,Waiting,966414.063
3299.000,1999/8/16,Waiting,966414.063
3300.000,1999/8/17,Waiting,966414.063
3301.000,1999/8/18,Waiting,966414.063
3302.000,1999/8/19,Waiting,966414.063
3303.000,1999/8/20,Waiting,966414.063
3304.000,1999/8/21,Waiting,966414.063
3305.000,1999/8/23,Waiting,966414.063
3306.000,1999/8/24,Waiting,966414.063
3307.000,1999/8/25,Waiting,966414.063
3308.000,1999/8/26,Waiting,966414.063
3309.000,1999/8/27,Waiting,966414.063
3310.000,1999/8/30,Waiting,966414.063
3311.000,1999/8/31,Waiting,966414.063
3312.000,1999/9/1,Waiting,966414.063
3313.000,1999/9/2,Waiting,966414.063
3314.000,1999/9/3,Waiting,966414.063
3315.000,1999/9/4,Waiting,966414.063
3316.000,1999/9/6,Waiting,966414.063
3317.000,1999/9/7,Waiting,966414.063
3318.000,1999/9/8,Waiting,966414.063
3319.000,1999/9/9,Waiting,966414.063
3320.000,1999/9/10,Waiting,966414.063
3321.000,1999/9/13,Waiting,966414.063
3322.000,1999/9/14,Waiting,966414.063
3323.000,1999/9/15,Waiting,966414.063
3324.000,1999/9/16,Waiting,966414.063
3325.000,1999/9/17,Waiting,966414.063
3326.000,1999/9/18,Waiting,966414.063
3327.000,1999/9/20,Waiting,966414.063
3328.000,1999/9/27,Waiting,966414.063
3329.000,1999/9/28,Waiting,966414.063
3330.000,1999/9/29,Buy,966414.063
3331.000,1999/9/30,Holding,975507.313
3332.000,1999/10/1,Holding,1105086.250
3333.000,1999/10/2,Holding,1243758.125
3334.000,1999/10/4,Holding,1323324.000
3335.000,1999/10/5,Holding,1243758.125
3336.000,1999/10/6,Holding,1166465.500
3337.000,1999/10/7,Holding,1095993.000
3338.000,1999/10/8,Holding,1070986.375
3339.000,1999/10/11,Holding,1025520.188
3340.000,1999/10/12,Holding,1052799.875
3341.000,1999/10/13,Holding,1025520.188
3342.000,1999/10/14,Holding,1034613.438
3343.000,1999/10/15,Holding,1000513.875
3344.000,1999/10/16,Holding,975507.313
3345.000,1999/10/18,Holding,939134.375
3346.000,1999/10/19,Holding,914128.000
3347.000,1999/10/20,Holding,914128.000
3348.000,1999/10/21,Holding,939134.375
3349.000,1999/10/22,Holding,1000513.875
3350.000,1999/10/25,Holding,948227.563
3351.000,1999/10/26,Holding,914128.000
3352.000,1999/10/27,Holding,914128.000
3353.000,1999/10/28,Holding,877755.063
3354.000,1999/10/29,Holding,870935.000
3355.000,1999/10/30,Holding,825468.813
3356.000,1999/11/1,Sell,825468.813
3357.000,1999/11/2,Waiting,825468.813
3358.000,1999/11/3,Waiting,825468.813
3359.000,1999/11/4,Waiting,825468.813
3360.000,1999/11/5,Waiting,825468.813
3361.000,1999/11/6,Waiting,825468.813
3362.000,1999/11/8,Waiting,825468.813
3363.000,1999/11/9,Waiting,825468.813
3364.000,1999/11/10,Waiting,825468.813
3365.000,1999/11/11,Waiting,825468.813
3366.000,1999/11/15,Waiting,825468.813
3367.000,1999/11/16,Waiting,825468.813
3368.000,1999/11/17,Waiting,825468.813
3369.000,1999/11/18,Waiting,825468.813
3370.000,1999/11/19,Waiting,825468.813
3371.000,1999/11/20,Waiting,825468.813
3372.000,1999/11/22,Waiting,825468.813
3373.000,1999/11/23,Waiting,825468.813
3374.000,1999/11/24,Waiting,825468.813
3375.000,1999/11/25,Waiting,825468.813
3376.000,1999/11/26,Waiting,825468.813
3377.000,1999/11/29,Waiting,825468.813
3378.000,1999/11/30,Waiting,825468.813
3379.000,1999/12/1,Waiting,825468.813
3380.000,1999/12/2,Waiting,825468.813
3381.000,1999/12/3,Waiting,825468.813
3382.000,1999/12/4,Waiting,825468.813
3383.000,1999/12/6,Buy,825468.813
3384.000,1999/12/7,Holding,809765.875
3385.000,1999/12/8,Holding,825468.813
3386.000,1999/12/9,Holding,953055.250
3387.000,1999/12/10,Holding,990349.875
3388.000,1999/12/13,Holding,1125787.750
3389.000,1999/12/14,Holding,1102233.375
3390.000,1999/12/15,Holding,1245522.750
3391.000,1999/12/16,Holding,1094382.000
3392.000,1999/12/17,Holding,1094382.000
3393.000,1999/12/18,Holding,1117936.375
3394.000,1999/12/20,Holding,1133639.250
3395.000,1999/12/21,Holding,1117936.375
3396.000,1999/12/22,Holding,1035495.813
3397.000,1999/12/23,Holding,1102233.375
3398.000,1999/12/24,Holding,1245522.750
3399.000,1999/12/27,Holding,1396663.875
3400.000,1999/12/28,Holding,1433958.250
3401.000,2000/1/4,Holding,1598839.375
3402.000,2000/1/5,Holding,1665577.000
3403.000,2000/1/6,Holding,1553693.500
3404.000,2000/1/7,Holding,1545842.000
3405.000,2000/1/10,Holding,1628282.500
3406.000,2000/1/11,Holding,1553693.500
3407.000,2000/1/12,Holding,1484993.000
3408.000,2000/1/13,Holding,1561545.000
3409.000,2000/1/14,Holding,1508547.375
3410.000,2000/1/15,Holding,1530139.000
3411.000,2000/1/17,Holding,1598839.375
3412.000,2000/1/18,Holding,1530139.000
3413.000,2000/1/19,Holding,1537990.500
3414.000,2000/1/20,Holding,1710723.000
3415.000,2000/1/21,Holding,1838309.500
3416.000,2000/1/24,Holding,1981599.000
3417.000,2000/1/25,Holding,1920750.000
3418.000,2000/1/26,Holding,2048336.500
3419.000,2000/1/27,Holding,1965896.000
3420.000,2000/1/28,Holding,1854012.500
3421.000,2000/1/29,Holding,1883455.500
3422.000,2000/1/31,Holding,1875604.000
3423.000,2000/2/1,Holding,2071891.000
3424.000,2000/2/9,Holding,2281918.000
3425.000,2000/2/10,Holding,2289769.500
3426.000,2000/2/11,Holding,2515499.500
3427.000,2000/2/14,Holding,2417356.000
3428.000,2000/2/15,Holding,2537091.250
3429.000,2000/2/16,Holding,2754969.500
3430.000,2000/2/17,Holding,3017994.000
3431.000,2000/2/18,Holding,2829558.750
3432.000,2000/2/19,Holding,3055288.750
3433.000,2000/2/21,Holding,2792264.250
3434.000,2000/2/22,Holding,2529239.500
3435.000,2000/2/23,Holding,2446799.000
3436.000,2000/2/24,Holding,2491945.250
3437.000,2000/2/25,Holding,2252475.000
3438.000,2000/2/29,Holding,2236772.000
3439.000,2000/3/1,Holding,2244623.750
3440.000,2000/3/2,Holding,2236772.000
3441.000,2000/3/3,Holding,2236772.000
3442.000,2000/3/4,Holding,2087594.000
3443.000,2000/3/6,Holding,1899158.500
3444.000,2000/3/7,Holding,1997302.000
3445.000,2000/3/8,Holding,1907010.000
3446.000,2000/3/9,Holding,2026745.000
3447.000,2000/3/10,Holding,1854012.500
3448.000,2000/3/13,Holding,1657725.500
3449.000,2000/3/14,Holding,1742129.000
3450.000,2000/3/15,Holding,1553693.500
3451.000,2000/3/16,Sell,1439847.000
3452.000,2000/3/17,Waiting,1439847.000
3453.000,2000/3/20,Waiting,1439847.000
3454.000,2000/3/21,Waiting,1439847.000
3455.000,2000/3/22,Waiting,1439847.000
3456.000,2000/3/23,Waiting,1439847.000
3457.000,2000/3/24,Waiting,1439847.000
3458.000,2000/3/27,Waiting,1439847.000
3459.000,2000/3/28,Waiting,1439847.000
3460.000,2000/3/29,Waiting,1439847.000
3461.000,2000/3/30,Waiting,1439847.000
3462.000,2000/3/31,Waiting,1439847.000
3463.000,2000/4/1,Waiting,1439847.000
3464.000,2000/4/5,Waiting,1439847.000
3465.000,2000/4/6,Waiting,1439847.000
3466.000,2000/4/7,Waiting,1439847.000
3467.000,2000/4/8,Waiting,1439847.000
3468.000,2000/4/10,Waiting,1439847.000
3469.000,2000/4/11,Waiting,1439847.000
3470.000,2000/4/12,Waiting,1439847.000
3471.000,2000/4/13,Waiting,1439847.000
3472.000,2000/4/14,Waiting,1439847.000
3473.000,2000/4/15,Waiting,1439847.000
3474.000,2000/4/17,Waiting,1439847.000
3475.000,2000/4/18,Waiting,1439847.000
3476.000,2000/4/19,Waiting,1439847.000
3477.000,2000/4/20,Waiting,1439847.000
3478.000,2000/4/21,Waiting,1439847.000
3479.000,2000/4/24,Waiting,1439847.000
3480.000,2000/4/25,Waiting,1439847.000
3481.000,2000/4/26,Waiting,1439847.000
3482.000,2000/4/27,Waiting,1439847.000
3483.000,2000/4/28,Waiting,1439847.000
3484.000,2000/4/29,Waiting,1439847.000
3485.000,2000/5/2,Waiting,1439847.000
3486.000,2000/5/3,Waiting,1439847.000
3487.000,2000/5/4,Waiting,1439847.000
3488.000,2000/5/5,Waiting,1439847.000
3489.000,2000/5/6,Waiting,1439847.000
3490.000,2000/5/8,Waiting,1439847.000
3491.000,2000/5/9,Waiting,1439847.000
3492.000,2000/5/10,Waiting,1439847.000
3493.000,2000/5/11,Waiting,1439847.000
3494.000,2000/5/12,Waiting,1439847.000
3495.000,2000/5/15,Waiting,1439847.000
3496.000,2000/5/16,Waiting,1439847.000
3497.000,2000/5/17,Waiting,1439847.000
3498.000,2000/5/18,Waiting,1439847.000
3499.000,2000/5/19,Waiting,1439847.000
3500.000,2000/5/20,Waiting,1439847.000
3501.000,2000/5/22,Waiting,1439847.000
3502.000,2000/5/23,Waiting,1439847.000
3503.000,2000/5/24,Waiting,1439847.000
3504.000,2000/5/25,Waiting,1439847.000
3505.000,2000/5/26,Waiting,1439847.000
3506.000,2000/5/29,Waiting,1439847.000
3507.000,2000/5/30,Waiting,1439847.000
3508.000,2000/5/31,Waiting,1439847.000
3509.000,2000/6/1,Waiting,1439847.000
3510.000,2000/6/2,Waiting,1439847.000
3511.000,2000/6/3,Waiting,1439847.000
3512.000,2000/6/5,Waiting,1439847.000
3513.000,2000/6/7,Waiting,1439847.000
3514.000,2000/6/8,Waiting,1439847.000
3515.000,2000/6/9,Waiting,1439847.000
3516.000,2000/6/12,Waiting,1439847.000
3517.000,2000/6/13,Waiting,1439847.000
3518.000,2000/6/14,Waiting,1439847.000
3519.000,2000/6/15,Waiting,1439847.000
3520.000,2000/6/16,Waiting,1439847.000
3521.000,2000/6/17,Waiting,1439847.000
3522.000,2000/6/19,Waiting,1439847.000
3523.000,2000/6/20,Waiting,1439847.000
3524.000,2000/6/21,Waiting,1439847.000
3525.000,2000/6/22,Waiting,1439847.000
3526.000,2000/6/23,Waiting,1439847.000
3527.000,2000/6/26,Waiting,1439847.000
3528.000,2000/6/27,Waiting,1439847.000
3529.000,2000/6/28,Waiting,1439847.000
3530.000,2000/6/29,Waiting,1439847.000
3531.000,2000/6/30,Waiting,1439847.000
3532.000,2000/7/3,Waiting,1439847.000
3533.000,2000/7/4,Waiting,1439847.000
3534.000,2000/7/5,Waiting,1439847.000
3535.000,2000/7/6,Waiting,1439847.000
3536.000,2000/7/7,Waiting,1439847.000
3537.000,2000/7/10,Waiting,1439847.000
3538.000,2000/7/11,Waiting,1439847.000
3539.000,2000/7/12,Waiting,1439847.000
3540.000,2000/7/13,Waiting,1439847.000
3541.000,2000/7/14,Waiting,1439847.000
3542.000,2000/7/15,Waiting,1439847.000
3543.000,2000/7/17,Waiting,1439847.000
3544.000,2000/7/18,Waiting,1439847.000
3545.000,2000/7/19,Waiting,1439847.000
3546.000,2000/7/20,Waiting,1439847.000
3547.000,2000/7/21,Waiting,1439847.000
3548.000,2000/7/24,Waiting,1439847.000
3549.000,2000/7/25,Waiting,1439847.000
3550.000,2000/7/26,Waiting,1439847.000
3551.000,2000/7/27,Waiting,1439847.000
3552.000,2000/7/28,Waiting,1439847.000
3553.000,2000/7/29,Waiting,1439847.000
3554.000,2000/7/31,Waiting,1439847.000
3555.000,2000/8/1,Waiting,1439847.000
3556.000,2000/8/2,Waiting,1439847.000
3557.000,2000/8/3,Waiting,1439847.000
3558.000,2000/8/4,Waiting,1439847.000
3559.000,2000/8/5,Waiting,1439847.000
3560.000,2000/8/7,Waiting,1439847.000
3561.000,2000/8/8,Waiting,1439847.000
3562.000,2000/8/9,Waiting,1439847.000
3563.000,2000/8/10,Waiting,1439847.000
3564.000,2000/8/11,Waiting,1439847.000
3565.000,2000/8/14,Waiting,1439847.000
3566.000,2000/8/15,Waiting,1439847.000
3567.000,2000/8/16,Waiting,1439847.000
3568.000,2000/8/17,Waiting,1439847.000
3569.000,2000/8/18,Waiting,1439847.000
3570.000,2000/8/19,Waiting,1439847.000
3571.000,2000/8/21,Waiting,1439847.000
3572.000,2000/8/22,Waiting,1439847.000
3573.000,2000/8/24,Waiting,1439847.000
3574.000,2000/8/25,Waiting,1439847.000
3575.000,2000/8/28,Waiting,1439847.000
3576.000,2000/8/29,Waiting,1439847.000
3577.000,2000/8/30,Waiting,1439847.000
3578.000,2000/8/31,Waiting,1439847.000
3579.000,2000/9/1,Waiting,1439847.000
3580.000,2000/9/2,Waiting,1439847.000
3581.000,2000/9/4,Waiting,1439847.000
3582.000,2000/9/5,Waiting,1439847.000
3583.000,2000/9/6,Waiting,1439847.000
3584.000,2000/9/7,Waiting,1439847.000
3585.000,2000/9/8,Waiting,1439847.000
3586.000,2000/9/11,Waiting,1439847.000
3587.000,2000/9/13,Waiting,1439847.000
3588.000,2000/9/14,Waiting,1439847.000
3589.000,2000/9/15,Waiting,1439847.000
3590.000,2000/9/16,Waiting,1439847.000
3591.000,2000/9/18,Waiting,1439847.000
3592.000,2000/9/19,Waiting,1439847.000
3593.000,2000/9/20,Waiting,1439847.000
3594.000,2000/9/21,Waiting,1439847.000
3595.000,2000/9/22,Waiting,1439847.000
3596.000,2000/9/25,Waiting,1439847.000
3597.000,2000/9/26,Waiting,1439847.000
3598.000,2000/9/27,Waiting,1439847.000
3599.000,2000/9/28,Waiting,1439847.000
3600.000,2000/9/29,Waiting,1439847.000
3601.000,2000/9/30,Waiting,1439847.000
3602.000,2000/10/2,Waiting,1439847.000
3603.000,2000/10/3,Waiting,1439847.000
3604.000,2000/10/4,Waiting,1439847.000
3605.000,2000/10/5,Waiting,1439847.000
3606.000,2000/10/6,Waiting,1439847.000
3607.000,2000/10/7,Waiting,1439847.000
3608.000,2000/10/9,Waiting,1439847.000
3609.000,2000/10/11,Waiting,1439847.000
3610.000,2000/10/12,Waiting,1439847.000
3611.000,2000/10/13,Waiting,1439847.000
3612.000,2000/10/16,Waiting,1439847.000
3613.000,2000/10/17,Waiting,1439847.000
3614.000,2000/10/18,Waiting,1439847.000
3615.000,2000/10/19,Waiting,1439847.000
3616.000,2000/10/20,Waiting,1439847.000
3617.000,2000/10/21,Waiting,1439847.000
3618.000,2000/10/23,Waiting,1439847.000
3619.000,2000/10/24,Waiting,1439847.000
3620.000,2000/10/25,Waiting,1439847.000
3621.000,2000/10/26,Waiting,1439847.000
3622.000,2000/10/27,Waiting,1439847.000
3623.000,2000/10/30,Waiting,1439847.000
3624.000,2000/10/31,Waiting,1439847.000
3625.000,2000/11/1,Waiting,1439847.000
3626.000,2000/11/2,Waiting,1439847.000
3627.000,2000/11/3,Waiting,1439847.000
3628.000,2000/11/4,Waiting,1439847.000
3629.000,2000/11/6,Waiting,1439847.000
3630.000,2000/11/7,Waiting,1439847.000
3631.000,2000/11/8,Waiting,1439847.000
3632.000,2000/11/9,Waiting,1439847.000
3633.000,2000/11/10,Waiting,1439847.000
3634.000,2000/11/13,Waiting,1439847.000
3635.000,2000/11/14,Waiting,1439847.000
3636.000,2000/11/15,Waiting,1439847.000
3637.000,2000/11/16,Waiting,1439847.000
3638.000,2000/11/17,Waiting,1439847.000
3639.000,2000/11/18,Waiting,1439847.000
3640.000,2000/11/20,Waiting,1439847.000
3641.000,2000/11/21,Waiting,1439847.000
3642.000,2000/11/22,Waiting,1439847.000
3643.000,2000/11/23,Waiting,1439847.000
3644.000,2000/11/24,Waiting,1439847.000
3645.000,2000/11/27,Waiting,1439847.000
3646.000,2000/11/28,Waiting,1439847.000
3647.000,2000/11/29,Waiting,1439847.000
3648.000,2000/11/30,Waiting,1439847.000
3649.000,2000/12/1,Waiting,1439847.000
3650.000,2000/12/2,Waiting,1439847.000
3651.000,2000/12/4,Waiting,1439847.000
3652.000,2000/12/5,Waiting,1439847.000
3653.000,2000/12/6,Waiting,1439847.000
3654.000,2000/12/7,Waiting,1439847.000
3655.000,2000/12/8,Waiting,1439847.000
3656.000,2000/12/11,Waiting,1439847.000
3657.000,2000/12/12,Waiting,1439847.000
3658.000,2000/12/13,Waiting,1439847.000
3659.000,2000/12/14,Waiting,1439847.000
3660.000,2000/12/15,Waiting,1439847.000
3661.000,2000/12/16,Waiting,1439847.000
3662.000,2000/12/18,Waiting,1439847.000
3663.000,2000/12/19,Waiting,1439847.000
3664.000,2000/12/20,Waiting,1439847.000
3665.000,2000/12/21,Waiting,1439847.000
3666.000,2000/12/22,Waiting,1439847.000
3667.000,2000/12/26,Waiting,1439847.000
3668.000,2000/12/27,Waiting,1439847.000
3669.000,2000/12/28,Waiting,1439847.000
3670.000,2000/12/29,Waiting,1439847.000
3671.000,2000/12/30,Waiting,1439847.000
3672.000,2001/1/2,Waiting,1439847.000
3673.000,2001/1/3,Waiting,1439847.000
3674.000,2001/1/4,Waiting,1439847.000
3675.000,2001/1/5,Waiting,1439847.000
3676.000,2001/1/8,Waiting,1439847.000
3677.000,2001/1/9,Waiting,1439847.000
3678.000,2001/1/10,Waiting,1439847.000
3679.000,2001/1/11,Waiting,1439847.000
3680.000,2001/1/12,Waiting,1439847.000
3681.000,2001/1/15,Waiting,1439847.000
3682.000,2001/1/16,Waiting,1439847.000
3683.000,2001/1/17,Waiting,1439847.000
3684.000,2001/1/18,Waiting,1439847.000
3685.000,2001/1/29,Waiting,1439847.000
3686.000,2001/1/30,Waiting,1439847.000
3687.000,2001/1/31,Waiting,1439847.000
3688.000,2001/2/1,Waiting,1439847.000
3689.000,2001/2/2,Waiting,1439847.000
3690.000,2001/2/5,Waiting,1439847.000
3691.000,2001/2/6,Waiting,1439847.000
3692.000,2001/2/7,Waiting,1439847.000
3693.000,2001/2/8,Waiting,1439847.000
3694.000,2001/2/9,Waiting,1439847.000
3695.000,2001/2/12,Waiting,1439847.000
3696.000,2001/2/13,Waiting,1439847.000
3697.000,2001/2/14,Waiting,1439847.000
3698.000,2001/2/15,Waiting,1439847.000
3699.000,2001/2/16,Waiting,1439847.000
3700.000,2001/2/19,Waiting,1439847.000
3701.000,2001/2/20,Waiting,1439847.000
3702.000,2001/2/21,Waiting,1439847.000
3703.000,2001/2/22,Waiting,1439847.000
3704.000,2001/2/23,Waiting,1439847.000
3705.000,2001/2/26,Waiting,1439847.000
3706.000,2001/2/27,Waiting,1439847.000
3707.000,2001/3/1,Waiting,1439847.000
3708.000,2001/3/2,Waiting,1439847.000
3709.000,2001/3/5,Waiting,1439847.000
3710.000,2001/3/6,Waiting,1439847.000
3711.000,2001/3/7,Waiting,1439847.000
3712.000,2001/3/8,Waiting,1439847.000
3713.000,2001/3/9,Waiting,1439847.000
3714.000,2001/3/12,Waiting,1439847.000
3715.000,2001/3/13,Waiting,1439847.000
3716.000,2001/3/14,Waiting,1439847.000
3717.000,2001/3/15,Waiting,1439847.000
3718.000,2001/3/16,Waiting,1439847.000
3719.000,2001/3/19,Waiting,1439847.000
3720.000,2001/3/20,Waiting,1439847.000
3721.000,2001/3/21,Waiting,1439847.000
3722.000,2001/3/22,Waiting,1439847.000
3723.000,2001/3/23,Waiting,1439847.000
3724.000,2001/3/26,Waiting,1439847.000
3725.000,2001/3/27,Waiting,1439847.000
3726.000,2001/3/28,Waiting,1439847.000
3727.000,2001/3/29,Waiting,1439847.000
3728.000,2001/3/30,Waiting,1439847.000
3729.000,2001/4/2,Waiting,1439847.000
3730.000,2001/4/3,Waiting,1439847.000
3731.000,2001/4/4,Waiting,1439847.000
3732.000,2001/4/6,Waiting,1439847.000
3733.000,2001/4/9,Waiting,1439847.000
3734.000,2001/4/10,Waiting,1439847.000
3735.000,2001/4/11,Waiting,1439847.000
3736.000,2001/4/12,Waiting,1439847.000
3737.000,2001/4/13,Waiting,1439847.000
3738.000,2001/4/16,Waiting,1439847.000
3739.000,2001/4/17,Waiting,1439847.000
3740.000,2001/4/18,Waiting,1439847.000
3741.000,2001/4/19,Waiting,1439847.000
3742.000,2001/4/20,Waiting,1439847.000
3743.000,2001/4/23,Waiting,1439847.000
3744.000,2001/4/24,Waiting,1439847.000
3745.000,2001/4/25,Waiting,1439847.000
3746.000,2001/4/26,Waiting,1439847.000
3747.000,2001/4/27,Waiting,1439847.000
3748.000,2001/4/30,Waiting,1439847.000
3749.000,2001/5/2,Waiting,1439847.000
3750.000,2001/5/3,Waiting,1439847.000
3751.000,2001/5/4,Waiting,1439847.000
3752.000,2001/5/7,Waiting,1439847.000
3753.000,2001/5/8,Waiting,1439847.000
3754.000,2001/5/9,Waiting,1439847.000
3755.000,2001/5/10,Waiting,1439847.000
3756.000,2001/5/11,Waiting,1439847.000
3757.000,2001/5/14,Waiting,1439847.000
3758.000,2001/5/15,Waiting,1439847.000
3759.000,2001/5/16,Waiting,1439847.000
3760.000,2001/5/17,Waiting,1439847.000
3761.000,2001/5/18,Waiting,1439847.000
3762.000,2001/5/21,Waiting,1439847.000
3763.000,2001/5/22,Waiting,1439847.000
3764.000,2001/5/23,Waiting,1439847.000
3765.000,2001/5/24,Waiting,1439847.000
3766.000,2001/5/25,Waiting,1439847.000
3767.000,2001/5/28,Waiting,1439847.000
3768.000,2001/5/29,Waiting,1439847.000
3769.000,2001/5/30,Waiting,1439847.000
3770.000,2001/5/31,Waiting,1439847.000
3771.000,2001/6/1,Waiting,1439847.000
3772.000,2001/6/4,Waiting,1439847.000
3773.000,2001/6/5,Waiting,1439847.000
3774.000,2001/6/6,Waiting,1439847.000
3775.000,2001/6/7,Waiting,1439847.000
3776.000,2001/6/8,Waiting,1439847.000
3777.000,2001/6/11,Waiting,1439847.000
3778.000,2001/6/12,Waiting,1439847.000
3779.000,2001/6/13,Waiting,1439847.000
3780.000,2001/6/14,Waiting,1439847.000
3781.000,2001/6/15,Waiting,1439847.000
3782.000,2001/6/18,Waiting,1439847.000
3783.000,2001/6/19,Waiting,1439847.000
3784.000,2001/6/20,Waiting,1439847.000
3785.000,2001/6/21,Waiting,1439847.000
3786.000,2001/6/22,Waiting,1439847.000
3787.000,2001/6/26,Waiting,1439847.000
3788.000,2001/6/27,Waiting,1439847.000
3789.000,2001/6/28,Waiting,1439847.000
3790.000,2001/6/29,Waiting,1439847.000
3791.000,2001/7/2,Waiting,1439847.000
3792.000,2001/7/3,Waiting,1439847.000
3793.000,2001/7/4,Waiting,1439847.000
3794.000,2001/7/5,Waiting,1439847.000
3795.000,2001/7/6,Waiting,1439847.000
3796.000,2001/7/9,Waiting,1439847.000
3797.000,2001/7/10,Waiting,1439847.000
3798.000,2001/7/11,Waiting,1439847.000
3799.000,2001/7/12,Waiting,1439847.000
3800.000,2001/7/13,Waiting,1439847.000
3801.000,2001/7/16,Waiting,1439847.000
3802.000,2001/7/17,Waiting,1439847.000
3803.000,2001/7/18,Waiting,1439847.000
3804.000,2001/7/19,Waiting,1439847.000
3805.000,2001/7/20,Waiting,1439847.000
3806.000,2001/7/23,Waiting,1439847.000
3807.000,2001/7/24,Waiting,1439847.000
3808.000,2001/7/25,Waiting,1439847.000
3809.000,2001/7/26,Waiting,1439847.000
3810.000,2001/7/27,Waiting,1439847.000
3811.000,2001/7/31,Waiting,1439847.000
3812.000,2001/8/1,Waiting,1439847.000
3813.000,2001/8/2,Waiting,1439847.000
3814.000,2001/8/3,Waiting,1439847.000
3815.000,2001/8/6,Waiting,1439847.000
3816.000,2001/8/7,Waiting,1439847.000
3817.000,2001/8/8,Waiting,1439847.000
3818.000,2001/8/9,Waiting,1439847.000
3819.000,2001/8/10,Waiting,1439847.000
3820.000,2001/8/13,Waiting,1439847.000
3821.000,2001/8/14,Waiting,1439847.000
3822.000,2001/8/15,Waiting,1439847.000
3823.000,2001/8/16,Waiting,1439847.000
3824.000,2001/8/17,Waiting,1439847.000
3825.000,2001/8/20,Waiting,1439847.000
3826.000,2001/8/21,Waiting,1439847.000
3827.000,2001/8/22,Waiting,1439847.000
3828.000,2001/8/23,Waiting,1439847.000
3829.000,2001/8/24,Waiting,1439847.000
3830.000,2001/8/27,Waiting,1439847.000
3831.000,2001/8/28,Waiting,1439847.000
3832.000,2001/8/29,Waiting,1439847.000
3833.000,2001/8/30,Waiting,1439847.000
3834.000,2001/8/31,Waiting,1439847.000
3835.000,2001/9/3,Waiting,1439847.000
3836.000,2001/9/4,Waiting,1439847.000
3837.000,2001/9/5,Waiting,1439847.000
3838.000,2001/9/6,Waiting,1439847.000
3839.000,2001/9/7,Waiting,1439847.000
3840.000,2001/9/10,Waiting,1439847.000
3841.000,2001/9/11,Waiting,1439847.000
3842.000,2001/9/13,Waiting,1439847.000
3843.000,2001/9/14,Waiting,1439847.000
3844.000,2001/9/19,Waiting,1439847.000
3845.000,2001/9/20,Waiting,1439847.000
3846.000,2001/9/21,Waiting,1439847.000
3847.000,2001/9/24,Waiting,1439847.000
3848.000,2001/9/25,Waiting,1439847.000
3849.000,2001/9/26,Waiting,1439847.000
3850.000,2001/9/27,Waiting,1439847.000
3851.000,2001/9/28,Waiting,1439847.000
3852.000,2001/10/2,Waiting,1439847.000
3853.000,2001/10/3,Waiting,1439847.000
3854.000,2001/10/4,Waiting,1439847.000
3855.000,2001/10/5,Waiting,1439847.000
3856.000,2001/10/8,Waiting,1439847.000
3857.000,2001/10/9,Waiting,1439847.000
3858.000,2001/10/11,Waiting,1439847.000
3859.000,2001/10/12,Waiting,1439847.000
3860.000,2001/10/15,Waiting,1439847.000
3861.000,2001/10/16,Waiting,1439847.000
3862.000,2001/10/17,Waiting,1439847.000
3863.000,2001/10/18,Waiting,1439847.000
3864.000,2001/10/19,Waiting,1439847.000
3865.000,2001/10/22,Waiting,1439847.000
3866.000,2001/10/23,Waiting,1439847.000
3867.000,2001/10/24,Waiting,1439847.000
3868.000,2001/10/25,Waiting,1439847.000
3869.000,2001/10/26,Waiting,1439847.000
3870.000,2001/10/29,Waiting,1439847.000
3871.000,2001/10/30,Waiting,1439847.000
3872.000,2001/10/31,Waiting,1439847.000
3873.000,2001/11/1,Waiting,1439847.000
3874.000,2001/11/2,Waiting,1439847.000
3875.000,2001/11/5,Waiting,1439847.000
3876.000,2001/11/6,Waiting,1439847.000
3877.000,2001/11/7,Waiting,1439847.000
3878.000,2001/11/8,Waiting,1439847.000
3879.000,2001/11/9,Waiting,1439847.000
3880.000,2001/11/12,Waiting,1439847.000
3881.000,2001/11/13,Waiting,1439847.000
3882.000,2001/11/14,Waiting,1439847.000
3883.000,2001/11/15,Waiting,1439847.000
3884.000,2001/11/16,Waiting,1439847.000
3885.000,2001/11/19,Waiting,1439847.000
3886.000,2001/11/20,Waiting,1439847.000
3887.000,2001/11/21,Waiting,1439847.000
3888.000,2001/11/22,Waiting,1439847.000
3889.000,2001/11/23,Waiting,1439847.000
3890.000,2001/11/26,Waiting,1439847.000
3891.000,2001/11/27,Waiting,1439847.000
3892.000,2001/11/28,Waiting,1439847.000
3893.000,2001/11/29,Waiting,1439847.000
3894.000,2001/11/30,Waiting,1439847.000
3895.000,2001/12/3,Waiting,1439847.000
3896.000,2001/12/4,Waiting,1439847.000
3897.000,2001/12/5,Waiting,1439847.000
3898.000,2001/12/6,Waiting,1439847.000
3899.000,2001/12/7,Waiting,1439847.000
3900.000,2001/12/10,Buy,1439847.000
3901.000,2001/12/11,Holding,1307109.375
3902.000,2001/12/12,Holding,1452488.875
3903.000,2001/12/13,Holding,1578905.625
3904.000,2001/12/14,Holding,1547301.625
3905.000,2001/12/17,Holding,1711643.500
3906.000,2001/12/18,Holding,1522018.125
3907.000,2001/12/19,Holding,1345034.375
3908.000,2001/12/20,Holding,1357676.000
3909.000,2001/12/21,Holding,1237579.875
3910.000,2001/12/24,Holding,1237579.875
3911.000,2001/12/25,Holding,1345034.375
3912.000,2001/12/26,Holding,1376638.625
3913.000,2001/12/27,Holding,1250221.625
3914.000,2001/12/28,Holding,1281825.750
3915.000,2001/12/31,Holding,1319751.000
3916.000,2002/1/2,Holding,1357676.000
3917.000,2002/1/3,Holding,1376638.625
3918.000,2002/1/4,Holding,1452488.875
3919.000,2002/1/7,Holding,1534659.875
3920.000,2002/1/8,Holding,1414563.625
3921.000,2002/1/9,Holding,1439847.000
3922.000,2002/1/10,Holding,1439847.000
3923.000,2002/1/11,Holding,1427205.375
3924.000,2002/1/14,Holding,1332392.750
3925.000,2002/1/15,Holding,1281825.750
3926.000,2002/1/16,Holding,1262863.250
3927.000,2002/1/17,Holding,1281825.750
3928.000,2002/1/18,Holding,1332392.750
3929.000,2002/1/21,Holding,1389280.250
3930.000,2002/1/22,Holding,1307109.375
3931.000,2002/1/23,Holding,1307109.375
3932.000,2002/1/24,Holding,1319751.000
3933.000,2002/1/25,Holding,1357676.000
3934.000,2002/1/28,Holding,1389280.250
3935.000,2002/1/29,Holding,1319751.000
3936.000,2002/1/30,Holding,1294467.625
3937.000,2002/1/31,Holding,1389280.250
3938.000,2002/2/1,Holding,1332392.750
3939.000,2002/2/4,Holding,1357676.000
3940.000,2002/2/5,Holding,1307109.375
3941.000,2002/2/6,Holding,1307109.375
3942.000,2002/2/18,Holding,1332392.750
3943.000,2002/2/19,Holding,1319751.000
3944.000,2002/2/20,Holding,1262863.250
3945.000,2002/2/21,Holding,1250221.625
3946.000,2002/2/22,Holding,1212296.500
3947.000,2002/2/25,Holding,1168050.625
3948.000,2002/2/26,Sell,1117483.750
3949.000,2002/2/27,Waiting,1117483.750
3950.000,2002/3/1,Waiting,1117483.750
3951.000,2002/3/4,Waiting,1117483.750
3952.000,2002/3/5,Buy,1117483.750
3953.000,2002/3/6,Holding,1152102.000
3954.000,2002/3/7,Holding,1152102.000
3955.000,2002/3/8,Holding,1180950.500
3956.000,2002/3/11,Holding,1255956.750
3957.000,2002/3/12,Holding,1279035.625
3958.000,2002/3/13,Holding,1429048.125
3959.000,2002/3/14,Holding,1429048.125
3960.000,2002/3/15,Holding,1325193.375
3961.000,2002/3/18,Holding,1486745.125
3962.000,2002/3/19,Holding,1561751.500
3963.000,2002/3/20,Holding,1515593.750
3964.000,2002/3/21,Holding,1648297.250
3965.000,2002/3/22,Holding,1636757.750
3966.000,2002/3/25,Holding,1625218.375
3967.000,2002/3/26,Holding,1711763.750
3968.000,2002/3/27,Holding,1636757.750
3969.000,2002/3/28,Holding,1573290.875
3970.000,2002/3/29,Holding,1527133.250
3971.000,2002/4/1,Holding,1550212.000
3972.000,2002/4/2,Holding,1550212.000
3973.000,2002/4/3,Holding,1700224.375
3974.000,2002/4/4,Holding,1884855.250
3975.000,2002/4/8,Holding,1971401.000
3976.000,2002/4/9,Holding,1775230.750
3977.000,2002/4/10,Holding,1700224.375
3978.000,2002/4/11,Holding,1798309.500
3979.000,2002/4/12,Holding,1832927.750
3980.000,2002/4/15,Holding,1798309.500
3981.000,2002/4/16,Holding,1884855.250
3982.000,2002/4/17,Holding,2057946.625
3983.000,2002/4/18,Holding,2023328.125
3984.000,2002/4/19,Holding,2144492.000
3985.000,2002/4/22,Holding,2306044.000
3986.000,2002/4/23,Holding,2231037.750
3987.000,2002/4/24,Holding,2242577.250
3988.000,2002/4/25,Holding,2196419.500
3989.000,2002/4/26,Holding,1994479.750
3990.000,2002/4/29,Holding,1896394.625
3991.000,2002/4/30,Holding,1723303.250
3992.000,2002/5/2,Holding,1677145.500
3993.000,2002/5/3,Holding,1711763.750
3994.000,2002/5/6,Holding,1561751.500
3995.000,2002/5/7,Holding,1625218.375
3996.000,2002/5/8,Holding,1677145.500
3997.000,2002/5/9,Holding,1648297.250
3998.000,2002/5/10,Holding,1625218.375
3999.000,2002/5/13,Holding,1613679.000
4000.000,2002/5/14,Holding,1573290.875
4001.000,2002/5/15,Holding,1700224.375
4002.000,2002/5/16,Holding,1561751.500
4003.000,2002/5/17,Holding,1561751.500
4004.000,2002/5/20,Holding,1400199.500
4005.000,2002/5/21,Sell,1279035.625
4006.000,2002/5/22,Waiting,1279035.625
4007.000,2002/5/23,Waiting,1279035.625
4008.000,2002/5/24,Waiting,1279035.625
4009.000,2002/5/27,Waiting,1279035.625
4010.000,2002/5/28,Waiting,1279035.625
4011.000,2002/5/29,Waiting,1279035.625
4012.000,2002/5/30,Waiting,1279035.625
4013.000,2002/5/31,Waiting,1279035.625
4014.000,2002/6/3,Waiting,1279035.625
4015.000,2002/6/4,Waiting,1279035.625
4016.000,2002/6/5,Waiting,1279035.625
4017.000,2002/6/6,Waiting,1279035.625
4018.000,2002/6/7,Waiting,1279035.625
4019.000,2002/6/10,Waiting,1279035.625
4020.000,2002/6/11,Waiting,1279035.625
4021.000,2002/6/12,Waiting,1279035.625
4022.000,2002/6/13,Buy,1279035.625
4023.000,2002/6/14,Holding,1233816.750
4024.000,2002/6/17,Holding,1220250.875
4025.000,2002/6/18,Holding,1233816.750
4026.000,2002/6/19,Holding,1233816.750
4027.000,2002/6/20,Holding,1387561.250
4028.000,2002/6/21,Holding,1337820.375
4029.000,2002/6/24,Holding,1301645.250
4030.000,2002/6/25,Holding,1143378.625
4031.000,2002/6/26,Holding,1125291.125
4032.000,2002/6/27,Holding,1039375.250
4033.000,2002/6/28,Sell,1134334.875
4034.000,2002/7/1,Waiting,1134334.875
4035.000,2002/7/2,Waiting,1134334.875
4036.000,2002/7/3,Buy,1134334.875
4037.000,2002/7/4,Holding,1275791.625
4038.000,2002/7/5,Holding,1313236.125
4039.000,2002/7/8,Holding,1250828.625
4040.000,2002/7/9,Holding,1159297.875
4041.000,2002/7/10,Holding,1159297.875
4042.000,2002/7/11,Holding,1042803.813
4043.000,2002/7/12,Holding,1134334.875
4044.000,2002/7/15,Holding,1096890.375
4045.000,2002/7/16,Holding,1109371.875
4046.000,2002/7/17,Holding,1096890.375
4047.000,2002/7/18,Holding,1180100.250
4048.000,2002/7/19,Holding,1142655.875
4049.000,2002/7/22,Holding,1055285.375
4050.000,2002/7/23,Holding,1096890.375
4051.000,2002/7/24,Holding,1096890.375
4052.000,2002/7/25,Holding,1076087.750
4053.000,2002/7/26,Holding,1042803.813
4054.000,2002/7/29,Holding,1067766.750
4055.000,2002/7/30,Holding,1150976.875
4056.000,2002/7/31,Holding,1096890.375
4057.000,2002/8/1,Holding,1096890.375
4058.000,2002/8/2,Holding,1096890.375
4059.000,2002/8/5,Holding,951273.000
4060.000,2002/8/6,Sell,859741.938
4061.000,2002/8/7,Waiting,859741.938
4062.000,2002/8/8,Waiting,859741.938
4063.000,2002/8/9,Waiting,859741.938
4064.000,2002/8/12,Waiting,859741.938
4065.000,2002/8/13,Waiting,859741.938
4066.000,2002/8/14,Waiting,859741.938
4067.000,2002/8/15,Waiting,859741.938
4068.000,2002/8/16,Waiting,859741.938
4069.000,2002/8/19,Waiting,859741.938
4070.000,2002/8/20,Waiting,859741.938
4071.000,2002/8/21,Waiting,859741.938
4072.000,2002/8/22,Waiting,859741.938
4073.000,2002/8/23,Waiting,859741.938
4074.000,2002/8/26,Waiting,859741.938
4075.000,2002/8/27,Waiting,859741.938
4076.000,2002/8/28,Waiting,859741.938
4077.000,2002/8/29,Waiting,859741.938
4078.000,2002/8/30,Waiting,859741.938
4079.000,2002/9/2,Waiting,859741.938
4080.000,2002/9/3,Waiting,859741.938
4081.000,2002/9/4,Waiting,859741.938
4082.000,2002/9/5,Waiting,859741.938
4083.000,2002/9/9,Waiting,859741.938
4084.000,2002/9/10,Waiting,859741.938
4085.000,2002/9/11,Waiting,859741.938
4086.000,2002/9/12,Waiting,859741.938
4087.000,2002/9/13,Waiting,859741.938
4088.000,2002/9/16,Waiting,859741.938
4089.000,2002/9/17,Waiting,859741.938
4090.000,2002/9/18,Waiting,859741.938
4091.000,2002/9/19,Waiting,859741.938
4092.000,2002/9/20,Waiting,859741.938
4093.000,2002/9/23,Waiting,859741.938
4094.000,2002/9/24,Waiting,859741.938
4095.000,2002/9/25,Waiting,859741.938
4096.000,2002/9/26,Waiting,859741.938
4097.000,2002/9/27,Waiting,859741.938
4098.000,2002/9/30,Waiting,859741.938
4099.000,2002/10/1,Waiting,859741.938
4100.000,2002/10/2,Waiting,859741.938
4101.000,2002/10/3,Waiting,859741.938
4102.000,2002/10/4,Waiting,859741.938
4103.000,2002/10/7,Waiting,859741.938
4104.000,2002/10/8,Waiting,859741.938
4105.000,2002/10/9,Waiting,859741.938
4106.000,2002/10/11,Waiting,859741.938
4107.000,2002/10/14,Waiting,859741.938
4108.000,2002/10/15,Waiting,859741.938
4109.000,2002/10/16,Waiting,859741.938
4110.000,2002/10/17,Waiting,859741.938
4111.000,2002/10/18,Waiting,859741.938
4112.000,2002/10/21,Waiting,859741.938
4113.000,2002/10/22,Waiting,859741.938
4114.000,2002/10/23,Waiting,859741.938
4115.000,2002/10/24,Waiting,859741.938
4116.000,2002/10/25,Waiting,859741.938
4117.000,2002/10/28,Waiting,859741.938
4118.000,2002/10/29,Waiting,859741.938
4119.000,2002/10/30,Waiting,859741.938
4120.000,2002/10/31,Waiting,859741.938
4121.000,2002/11/1,Waiting,859741.938
4122.000,2002/11/4,Waiting,859741.938
4123.000,2002/11/5,Waiting,859741.938
4124.000,2002/11/6,Waiting,859741.938
4125.000,2002/11/7,Waiting,859741.938
4126.000,2002/11/8,Waiting,859741.938
4127.000,2002/11/11,Waiting,859741.938
4128.000,2002/11/12,Waiting,859741.938
4129.000,2002/11/13,Waiting,859741.938
4130.000,2002/11/14,Waiting,859741.938
4131.000,2002/11/15,Waiting,859741.938
4132.000,2002/11/18,Waiting,859741.938
4133.000,2002/11/19,Waiting,859741.938
4134.000,2002/11/20,Waiting,859741.938
4135.000,2002/11/21,Waiting,859741.938
4136.000,2002/11/22,Waiting,859741.938
4137.000,2002/11/25,Waiting,859741.938
4138.000,2002/11/26,Waiting,859741.938
4139.000,2002/11/27,Buy,859741.938
4140.000,2002/11/28,Holding,859741.938
4141.000,2002/11/29,Holding,880268.750
4142.000,2002/12/2,Holding,843320.188
4143.000,2002/12/3,Holding,941849.688
4144.000,2002/12/4,Holding,978798.250
4145.000,2002/12/5,Holding,978798.250
4146.000,2002/12/6,Holding,941849.688
4147.000,2002/12/9,Holding,1048589.750
4148.000,2002/12/10,Holding,1023957.438
4149.000,2002/12/11,Holding,958271.250
4150.000,2002/12/12,Holding,978798.250
4151.000,2002/12/13,Holding,888479.563
4152.000,2002/12/16,Holding,888479.563
4153.000,2002/12/17,Holding,913111.875
4154.000,2002/12/18,Holding,958271.250
4155.000,2002/12/19,Holding,1003430.563
4156.000,2002/12/20,Holding,925428.125
4157.000,2002/12/23,Holding,970587.500
4158.000,2002/12/24,Holding,1032168.188
4159.000,2002/12/25,Holding,896690.313
4160.000,2002/12/26,Holding,896690.313
4161.000,2002/12/27,Holding,925428.125
4162.000,2002/12/30,Holding,851531.188
4163.000,2002/12/31,Holding,880268.750
4164.000,2003/1/2,Holding,950060.438
4165.000,2003/1/3,Holding,1085538.375
4166.000,2003/1/6,Holding,1229227.000
4167.000,2003/1/7,Holding,1381126.625
4168.000,2003/1/8,Holding,1545342.000
4169.000,2003/1/9,Holding,1643871.500
4170.000,2003/1/10,Holding,1590501.500
4171.000,2003/1/13,Holding,1734190.000
4172.000,2003/1/14,Holding,1857351.875
4173.000,2003/1/15,Holding,1947670.500
4174.000,2003/1/16,Holding,1787560.250
4175.000,2003/1/17,Holding,1680820.125
4176.000,2003/1/20,Holding,1857351.875
4177.000,2003/1/21,Holding,1787560.250
4178.000,2003/1/22,Holding,1931248.750
4179.000,2003/1/23,Holding,1803981.750
4180.000,2003/1/24,Holding,1894300.500
4181.000,2003/1/27,Holding,1750611.625
4182.000,2003/1/28,Holding,1803981.750
4183.000,2003/2/6,Holding,1824508.750
4184.000,2003/2/7,Holding,1824508.750
4185.000,2003/2/10,Holding,1824508.750
4186.000,2003/2/11,Holding,1635660.750
4187.000,2003/2/12,Holding,1537131.250
4188.000,2003/2/13,Holding,1364705.000
4189.000,2003/2/14,Holding,1381126.625
4190.000,2003/2/17,Holding,1491972.125
4191.000,2003/2/18,Holding,1426285.750
4192.000,2003/2/19,Holding,1372915.750
4193.000,2003/2/20,Holding,1245648.500
4194.000,2003/2/21,Holding,1237437.750
4195.000,2003/2/24,Holding,1327756.500
4196.000,2003/2/25,Sell,1167646.250
4197.000,2003/2/26,Waiting,1167646.250
4198.000,2003/2/27,Waiting,1167646.250
4199.000,2003/3/3,Waiting,1167646.250
4200.000,2003/3/4,Waiting,1167646.250
4201.000,2003/3/5,Waiting,1167646.250
4202.000,2003/3/6,Waiting,1167646.250
4203.000,2003/3/7,Waiting,1167646.250
4204.000,2003/3/10,Waiting,1167646.250
4205.000,2003/3/11,Waiting,1167646.250
4206.000,2003/3/12,Waiting,1167646.250
4207.000,2003/3/13,Waiting,1167646.250
4208.000,2003/3/14,Waiting,1167646.250
4209.000,2003/3/17,Waiting,1167646.250
4210.000,2003/3/18,Waiting,1167646.250
4211.000,2003/3/19,Waiting,1167646.250
4212.000,2003/3/20,Waiting,1167646.250
4213.000,2003/3/21,Waiting,1167646.250
4214.000,2003/3/24,Waiting,1167646.250
4215.000,2003/3/25,Waiting,1167646.250
4216.000,2003/3/26,Waiting,1167646.250
4217.000,2003/3/27,Waiting,1167646.250
4218.000,2003/3/28,Waiting,1167646.250
4219.000,2003/3/31,Waiting,1167646.250
4220.000,2003/4/1,Waiting,1167646.250
4221.000,2003/4/2,Waiting,1167646.250
4222.000,2003/4/3,Waiting,1167646.250
4223.000,2003/4/4,Waiting,1167646.250
4224.000,2003/4/7,Waiting,1167646.250
4225.000,2003/4/8,Waiting,1167646.250
4226.000,2003/4/9,Waiting,1167646.250
4227.000,2003/4/10,Waiting,1167646.250
4228.000,2003/4/11,Waiting,1167646.250
4229.000,2003/4/14,Waiting,1167646.250
4230.000,2003/4/15,Waiting,1167646.250
4231.000,2003/4/16,Waiting,1167646.250
4232.000,2003/4/17,Waiting,1167646.250
4233.000,2003/4/18,Waiting,1167646.250
4234.000,2003/4/21,Waiting,1167646.250
4235.000,2003/4/22,Waiting,1167646.250
4236.000,2003/4/23,Waiting,1167646.250
4237.000,2003/4/24,Waiting,1167646.250
4238.000,2003/4/25,Waiting,1167646.250
4239.000,2003/4/28,Waiting,1167646.250
4240.000,2003/4/29,Waiting,1167646.250
4241.000,2003/4/30,Waiting,1167646.250
4242.000,2003/5/2,Waiting,1167646.250
4243.000,2003/5/5,Waiting,1167646.250
4244.000,2003/5/6,Waiting,1167646.250
4245.000,2003/5/7,Waiting,1167646.250
4246.000,2003/5/8,Waiting,1167646.250
4247.000,2003/5/9,Waiting,1167646.250
4248.000,2003/5/12,Waiting,1167646.250
4249.000,2003/5/13,Waiting,1167646.250
4250.000,2003/5/14,Waiting,1167646.250
4251.000,2003/5/15,Waiting,1167646.250
4252.000,2003/5/16,Waiting,1167646.250
4253.000,2003/5/19,Waiting,1167646.250
4254.000,2003/5/20,Waiting,1167646.250
4255.000,2003/5/21,Waiting,1167646.250
4256.000,2003/5/22,Waiting,1167646.250
4257.000,2003/5/23,Waiting,1167646.250
4258.000,2003/5/26,Waiting,1167646.250
4259.000,2003/5/27,Waiting,1167646.250
4260.000,2003/5/28,Waiting,1167646.250
4261.000,2003/5/29,Waiting,1167646.250
4262.000,2003/5/30,Waiting,1167646.250
4263.000,2003/6/2,Waiting,1167646.250
4264.000,2003/6/3,Waiting,1167646.250
4265.000,2003/6/5,Waiting,1167646.250
4266.000,2003/6/6,Waiting,1167646.250
4267.000,2003/6/9,Waiting,1167646.250
4268.000,2003/6/10,Waiting,1167646.250
4269.000,2003/6/11,Waiting,1167646.250
4270.000,2003/6/12,Waiting,1167646.250
4271.000,2003/6/13,Waiting,1167646.250
4272.000,2003/6/16,Waiting,1167646.250
4273.000,2003/6/17,Waiting,1167646.250
4274.000,2003/6/18,Waiting,1167646.250
4275.000,2003/6/19,Waiting,1167646.250
4276.000,2003/6/20,Waiting,1167646.250
4277.000,2003/6/23,Waiting,1167646.250
4278.000,2003/6/24,Waiting,1167646.250
4279.000,2003/6/25,Waiting,1167646.250
4280.000,2003/6/26,Waiting,1167646.250
4281.000,2003/6/27,Waiting,1167646.250
4282.000,2003/6/30,Waiting,1167646.250
4283.000,2003/7/1,Waiting,1167646.250
4284.000,2003/7/2,Waiting,1167646.250
4285.000,2003/7/3,Waiting,1167646.250
4286.000,2003/7/4,Waiting,1167646.250
4287.000,2003/7/7,Waiting,1167646.250
4288.000,2003/7/8,Waiting,1167646.250
4289.000,2003/7/9,Waiting,1167646.250
4290.000,2003/7/10,Waiting,1167646.250
4291.000,2003/7/11,Waiting,1167646.250
4292.000,2003/7/14,Waiting,1167646.250
4293.000,2003/7/15,Waiting,1167646.250
4294.000,2003/7/16,Waiting,1167646.250
4295.000,2003/7/17,Waiting,1167646.250
4296.000,2003/7/18,Waiting,1167646.250
4297.000,2003/7/21,Waiting,1167646.250
4298.000,2003/7/22,Waiting,1167646.250
4299.000,2003/7/23,Waiting,1167646.250
4300.000,2003/7/24,Waiting,1167646.250
4301.000,2003/7/25,Waiting,1167646.250
4302.000,2003/7/28,Waiting,1167646.250
4303.000,2003/7/29,Waiting,1167646.250
4304.000,2003/7/30,Waiting,1167646.250
4305.000,2003/7/31,Waiting,1167646.250
4306.000,2003/8/1,Waiting,1167646.250
4307.000,2003/8/4,Waiting,1167646.250
4308.000,2003/8/5,Waiting,1167646.250
4309.000,2003/8/6,Waiting,1167646.250
4310.000,2003/8/7,Waiting,1167646.250
4311.000,2003/8/8,Waiting,1167646.250
4312.000,2003/8/11,Waiting,1167646.250
4313.000,2003/8/12,Waiting,1167646.250
4314.000,2003/8/13,Waiting,1167646.250
4315.000,2003/8/14,Waiting,1167646.250
4316.000,2003/8/15,Waiting,1167646.250
4317.000,2003/8/18,Waiting,1167646.250
4318.000,2003/8/19,Waiting,1167646.250
4319.000,2003/8/20,Waiting,1167646.250
4320.000,2003/8/21,Waiting,1167646.250
4321.000,2003/8/22,Waiting,1167646.250
4322.000,2003/8/25,Waiting,1167646.250
4323.000,2003/8/26,Waiting,1167646.250
4324.000,2003/8/27,Waiting,1167646.250
4325.000,2003/8/28,Waiting,1167646.250
4326.000,2003/8/29,Waiting,1167646.250
4327.000,2003/9/1,Waiting,1167646.250
4328.000,2003/9/2,Waiting,1167646.250
4329.000,2003/9/3,Waiting,1167646.250
4330.000,2003/9/4,Waiting,1167646.250
4331.000,2003/9/5,Waiting,1167646.250
4332.000,2003/9/8,Waiting,1167646.250
4333.000,2003/9/9,Waiting,1167646.250
4334.000,2003/9/10,Waiting,1167646.250
4335.000,2003/9/12,Waiting,1167646.250
4336.000,2003/9/15,Waiting,1167646.250
4337.000,2003/9/16,Waiting,1167646.250
4338.000,2003/9/17,Buy,1167646.250
4339.000,2003/9/18,Holding,1148188.000
4340.000,2003/9/19,Holding,1148188.000
4341.000,2003/9/22,Holding,1132621.375
4342.000,2003/9/23,Holding,1148188.000
4343.000,2003/9/24,Holding,1245479.125
4344.000,2003/9/25,Holding,1175429.500
4345.000,2003/9/26,Holding,1159863.000
4346.000,2003/9/29,Holding,1183212.875
4347.000,2003/9/30,Holding,1148188.000
4348.000,2003/10/1,Holding,1140404.625
4349.000,2003/10/2,Holding,1159863.000
4350.000,2003/10/3,Holding,1253262.375
4351.000,2003/10/6,Holding,1280504.000
4352.000,2003/10/7,Holding,1280504.000
4353.000,2003/10/8,Holding,1334987.000
4354.000,2003/10/9,Holding,1490652.750
4355.000,2003/10/13,Holding,1650210.250
4356.000,2003/10/14,Holding,1825334.250
4357.000,2003/10/15,Holding,1720259.750
4358.000,2003/10/16,Holding,1790309.500
4359.000,2003/10/17,Holding,1805876.000
4360.000,2003/10/20,Holding,1965433.500
4361.000,2003/10/21,Holding,1910950.500
4362.000,2003/10/22,Holding,1910950.500
4363.000,2003/10/23,Holding,1770851.250
4364.000,2003/10/24,Holding,1790309.500
4365.000,2003/10/27,Holding,1930408.750
4366.000,2003/10/28,Holding,1945975.250
4367.000,2003/10/29,Holding,2035483.250
4368.000,2003/10/30,Holding,2035483.250
4369.000,2003/10/31,Holding,2000458.250
4370.000,2003/11/3,Holding,2035483.250
4371.000,2003/11/4,Holding,1981000.000
4372.000,2003/11/5,Holding,2121099.500
4373.000,2003/11/6,Holding,1945975.250
4374.000,2003/11/7,Holding,1945975.250
4375.000,2003/11/10,Holding,1930408.750
4376.000,2003/11/11,Holding,1840900.875
4377.000,2003/11/12,Holding,1735826.500
4378.000,2003/11/13,Holding,1735826.500
4379.000,2003/11/14,Holding,1735826.500
4380.000,2003/11/17,Holding,1755284.625
4381.000,2003/11/18,Holding,1665776.750
4382.000,2003/11/19,Holding,1665776.750
4383.000,2003/11/20,Holding,1700801.625
4384.000,2003/11/21,Holding,1735826.500
4385.000,2003/11/24,Holding,1755284.625
4386.000,2003/11/25,Holding,1770851.250
4387.000,2003/11/26,Holding,1735826.500
4388.000,2003/11/27,Holding,1630752.000
4389.000,2003/11/28,Holding,1650210.250
4390.000,2003/12/1,Holding,1720259.750
4391.000,2003/12/2,Holding,1790309.500
4392.000,2003/12/3,Holding,1735826.500
4393.000,2003/12/4,Holding,1735826.500
4394.000,2003/12/5,Holding,1735826.500
4395.000,2003/12/8,Holding,1720259.750
4396.000,2003/12/9,Holding,1720259.750
4397.000,2003/12/10,Holding,1735826.500
4398.000,2003/12/11,Holding,1805876.000
4399.000,2003/12/12,Holding,1805876.000
4400.000,2003/12/15,Holding,1825334.250
4401.000,2003/12/16,Holding,1895383.875
4402.000,2003/12/17,Holding,1825334.250
4403.000,2003/12/18,Holding,1930408.750
4404.000,2003/12/19,Holding,1895383.875
4405.000,2003/12/22,Holding,1945975.250
4406.000,2003/12/23,Holding,1965433.500
4407.000,2003/12/24,Holding,1965433.500
4408.000,2003/12/25,Holding,1930408.750
4409.000,2003/12/26,Holding,1945975.250
4410.000,2003/12/29,Holding,1910950.500
4411.000,2003/12/30,Holding,1875925.500
4412.000,2003/12/31,Holding,1930408.750
4413.000,2004/1/2,Holding,2000458.250
4414.000,2004/1/5,Holding,2191148.750
4415.000,2004/1/6,Holding,2230065.500
4416.000,2004/1/7,Holding,2156124.000
4417.000,2004/1/8,Holding,2156124.000
4418.000,2004/1/9,Holding,2105532.750
4419.000,2004/1/12,Holding,2156124.000
4420.000,2004/1/13,Holding,2191148.750
4421.000,2004/1/14,Holding,2265090.250
4422.000,2004/1/15,Holding,2191148.750
4423.000,2004/1/16,Holding,2245632.000
4424.000,2004/1/27,Holding,2315681.750
4425.000,2004/1/28,Holding,2280657.000
4426.000,2004/1/29,Holding,2121099.500
4427.000,2004/1/30,Holding,2230065.500
4428.000,2004/2/2,Holding,2210607.000
4429.000,2004/2/3,Holding,2121099.500
4430.000,2004/2/4,Holding,2140557.500
4431.000,2004/2/5,Holding,2140557.500
4432.000,2004/2/6,Holding,2300114.750
4433.000,2004/2/9,Holding,2300114.750
4434.000,2004/2/10,Holding,2455781.000
4435.000,2004/2/11,Holding,2385731.000
4436.000,2004/2/12,Holding,2280657.000
4437.000,2004/2/13,Holding,2510264.000
4438.000,2004/2/16,Holding,2685388.000
4439.000,2004/2/17,Holding,2685388.000
4440.000,2004/2/18,Holding,2560855.000
4441.000,2004/2/19,Holding,2595880.000
4442.000,2004/2/20,Holding,2595880.000
4443.000,2004/2/23,Holding,2630904.750
4444.000,2004/2/24,Holding,2510264.000
4445.000,2004/2/25,Holding,2455781.000
4446.000,2004/2/26,Holding,2475239.000
4447.000,2004/2/27,Holding,2510264.000
4448.000,2004/3/1,Holding,2615338.250
4449.000,2004/3/2,Holding,2755437.500
4450.000,2004/3/3,Holding,2650363.000
4451.000,2004/3/4,Holding,2665929.500
4452.000,2004/3/5,Holding,2560855.000
4453.000,2004/3/8,Holding,2490805.750
4454.000,2004/3/9,Holding,2580313.500
4455.000,2004/3/10,Holding,2525830.500
4456.000,2004/3/11,Holding,2545288.500
4457.000,2004/3/12,Holding,2560855.000
4458.000,2004/3/15,Holding,2525830.500
4459.000,2004/3/16,Holding,2510264.000
4460.000,2004/3/17,Holding,2420756.000
4461.000,2004/3/18,Holding,2545288.500
4462.000,2004/3/19,Holding,2510264.000
4463.000,2004/3/22,Holding,2265090.250
4464.000,2004/3/23,Holding,2035483.250
4465.000,2004/3/24,Sell,2051049.750
4466.000,2004/3/25,Waiting,2051049.750
4467.000,2004/3/26,Waiting,2051049.750
4468.000,2004/3/29,Waiting,2051049.750
4469.000,2004/3/30,Waiting,2051049.750
4470.000,2004/3/31,Waiting,2051049.750
4471.000,2004/4/1,Waiting,2051049.750
4472.000,2004/4/2,Waiting,2051049.750
4473.000,2004/4/5,Waiting,2051049.750
4474.000,2004/4/6,Waiting,2051049.750
4475.000,2004/4/7,Waiting,2051049.750
4476.000,2004/4/8,Waiting,2051049.750
4477.000,2004/4/9,Waiting,2051049.750
4478.000,2004/4/12,Waiting,2051049.750
4479.000,2004/4/13,Waiting,2051049.750
4480.000,2004/4/14,Waiting,2051049.750
4481.000,2004/4/15,Waiting,2051049.750
4482.000,2004/4/16,Waiting,2051049.750
4483.000,2004/4/19,Waiting,2051049.750
4484.000,2004/4/20,Waiting,2051049.750
4485.000,2004/4/21,Waiting,2051049.750
4486.000,2004/4/22,Waiting,2051049.750
4487.000,2004/4/23,Waiting,2051049.750
4488.000,2004/4/26,Waiting,2051049.750
4489.000,2004/4/27,Waiting,2051049.750
4490.000,2004/4/28,Waiting,2051049.750
4491.000,2004/4/29,Waiting,2051049.750
4492.000,2004/4/30,Waiting,2051049.750
4493.000,2004/5/3,Waiting,2051049.750
4494.000,2004/5/4,Waiting,2051049.750
4495.000,2004/5/5,Waiting,2051049.750
4496.000,2004/5/6,Waiting,2051049.750
4497.000,2004/5/7,Waiting,2051049.750
4498.000,2004/5/10,Waiting,2051049.750
4499.000,2004/5/11,Waiting,2051049.750
4500.000,2004/5/12,Waiting,2051049.750
4501.000,2004/5/13,Waiting,2051049.750
4502.000,2004/5/14,Waiting,2051049.750
4503.000,2004/5/17,Waiting,2051049.750
4504.000,2004/5/18,Waiting,2051049.750
4505.000,2004/5/19,Waiting,2051049.750
4506.000,2004/5/20,Waiting,2051049.750
4507.000,2004/5/21,Waiting,2051049.750
4508.000,2004/5/24,Waiting,2051049.750
4509.000,2004/5/25,Waiting,2051049.750
4510.000,2004/5/26,Waiting,2051049.750
4511.000,2004/5/27,Waiting,2051049.750
4512.000,2004/5/28,Waiting,2051049.750
4513.000,2004/5/31,Waiting,2051049.750
4514.000,2004/6/1,Waiting,2051049.750
4515.000,2004/6/2,Waiting,2051049.750
4516.000,2004/6/3,Waiting,2051049.750
4517.000,2004/6/4,Waiting,2051049.750
4518.000,2004/6/7,Waiting,2051049.750
4519.000,2004/6/8,Waiting,2051049.750
4520.000,2004/6/9,Waiting,2051049.750
4521.000,2004/6/10,Waiting,2051049.750
4522.000,2004/6/11,Waiting,2051049.750
4523.000,2004/6/14,Waiting,2051049.750
4524.000,2004/6/15,Waiting,2051049.750
4525.000,2004/6/16,Waiting,2051049.750
4526.000,2004/6/17,Waiting,2051049.750
4527.000,2004/6/18,Waiting,2051049.750
4528.000,2004/6/21,Waiting,2051049.750
4529.000,2004/6/23,Waiting,2051049.750
4530.000,2004/6/24,Waiting,2051049.750
4531.000,2004/6/25,Waiting,2051049.750
4532.000,2004/6/28,Waiting,2051049.750
4533.000,2004/6/29,Waiting,2051049.750
4534.000,2004/6/30,Waiting,2051049.750
4535.000,2004/7/1,Waiting,2051049.750
4536.000,2004/7/2,Waiting,2051049.750
4537.000,2004/7/5,Waiting,2051049.750
4538.000,2004/7/6,Waiting,2051049.750
4539.000,2004/7/7,Waiting,2051049.750
4540.000,2004/7/8,Waiting,2051049.750
4541.000,2004/7/9,Waiting,2051049.750
4542.000,2004/7/12,Waiting,2051049.750
4543.000,2004/7/13,Waiting,2051049.750
4544.000,2004/7/14,Waiting,2051049.750
4545.000,2004/7/15,Waiting,2051049.750
4546.000,2004/7/16,Waiting,2051049.750
4547.000,2004/7/19,Waiting,2051049.750
4548.000,2004/7/20,Waiting,2051049.750
4549.000,2004/7/21,Waiting,2051049.750
4550.000,2004/7/22,Waiting,2051049.750
4551.000,2004/7/23,Waiting,2051049.750
4552.000,2004/7/26,Waiting,2051049.750
4553.000,2004/7/27,Waiting,2051049.750
4554.000,2004/7/28,Waiting,2051049.750
4555.000,2004/7/29,Waiting,2051049.750
4556.000,2004/7/30,Waiting,2051049.750
4557.000,2004/8/2,Waiting,2051049.750
4558.000,2004/8/3,Waiting,2051049.750
4559.000,2004/8/4,Waiting,2051049.750
4560.000,2004/8/5,Waiting,2051049.750
4561.000,2004/8/6,Waiting,2051049.750
4562.000,2004/8/9,Waiting,2051049.750
4563.000,2004/8/10,Waiting,2051049.750
4564.000,2004/8/11,Waiting,2051049.750
4565.000,2004/8/12,Waiting,2051049.750
4566.000,2004/8/13,Waiting,2051049.750
4567.000,2004/8/16,Waiting,2051049.750
4568.000,2004/8/17,Waiting,2051049.750
4569.000,2004/8/18,Waiting,2051049.750
4570.000,2004/8/19,Waiting,2051049.750
4571.000,2004/8/20,Waiting,2051049.750
4572.000,2004/8/23,Waiting,2051049.750
4573.000,2004/8/26,Waiting,2051049.750
4574.000,2004/8/27,Waiting,2051049.750
4575.000,2004/8/30,Waiting,2051049.750
4576.000,2004/8/31,Waiting,2051049.750
4577.000,2004/9/1,Waiting,2051049.750
4578.000,2004/9/2,Waiting,2051049.750
4579.000,2004/9/3,Waiting,2051049.750
4580.000,2004/9/6,Waiting,2051049.750
4581.000,2004/9/7,Waiting,2051049.750
4582.000,2004/9/8,Waiting,2051049.750
4583.000,2004/9/9,Waiting,2051049.750
4584.000,2004/9/10,Waiting,2051049.750
4585.000,2004/9/13,Waiting,2051049.750
4586.000,2004/9/14,Waiting,2051049.750
4587.000,2004/9/15,Waiting,2051049.750
4588.000,2004/9/16,Waiting,2051049.750
4589.000,2004/9/17,Waiting,2051049.750
4590.000,2004/9/20,Waiting,2051049.750
4591.000,2004/9/21,Waiting,2051049.750
4592.000,2004/9/22,Waiting,2051049.750
4593.000,2004/9/23,Waiting,2051049.750
4594.000,2004/9/24,Waiting,2051049.750
4595.000,2004/9/27,Waiting,2051049.750
4596.000,2004/9/29,Waiting,2051049.750
4597.000,2004/9/30,Waiting,2051049.750
4598.000,2004/10/1,Waiting,2051049.750
4599.000,2004/10/4,Waiting,2051049.750
4600.000,2004/10/5,Waiting,2051049.750
4601.000,2004/10/6,Waiting,2051049.750
4602.000,2004/10/7,Waiting,2051049.750
4603.000,2004/10/8,Waiting,2051049.750
4604.000,2004/10/11,Waiting,2051049.750
4605.000,2004/10/12,Waiting,2051049.750
4606.000,2004/10/13,Waiting,2051049.750
4607.000,2004/10/14,Waiting,2051049.750
4608.000,2004/10/15,Waiting,2051049.750
4609.000,2004/10/18,Waiting,2051049.750
4610.000,2004/10/19,Buy,2051049.750
4611.000,2004/10/20,Holding,2171486.000
4612.000,2004/10/21,Holding,2226229.750
4613.000,2004/10/22,Holding,2171486.000
4614.000,2004/10/26,Holding,2189734.000
4615.000,2004/10/27,Holding,2189734.000
4616.000,2004/10/28,Holding,2171486.000
4617.000,2004/10/29,Holding,2153238.250
4618.000,2004/11/1,Holding,2153238.250
4619.000,2004/11/2,Holding,2207982.000
4620.000,2004/11/3,Holding,2240828.250
4621.000,2004/11/4,Holding,2207982.000
4622.000,2004/11/5,Holding,2207982.000
4623.000,2004/11/8,Holding,2226229.750
4624.000,2004/11/9,Holding,2226229.750
4625.000,2004/11/10,Holding,2310170.000
4626.000,2004/11/11,Holding,2277323.750
4627.000,2004/11/12,Holding,2310170.000
4628.000,2004/11/15,Holding,2328418.000
4629.000,2004/11/16,Holding,2364914.000
4630.000,2004/11/17,Holding,2364914.000
4631.000,2004/11/18,Holding,2295571.750
4632.000,2004/11/19,Holding,2295571.750
4633.000,2004/11/22,Holding,2277323.750
4634.000,2004/11/23,Holding,2277323.750
4635.000,2004/11/24,Holding,2310170.000
4636.000,2004/11/25,Holding,2310170.000
4637.000,2004/11/26,Holding,2310170.000
4638.000,2004/11/29,Holding,2328418.000
4639.000,2004/11/30,Holding,2383162.000
4640.000,2004/12/1,Holding,2346666.000
4641.000,2004/12/2,Holding,2346666.000
4642.000,2004/12/3,Holding,2346666.000
4643.000,2004/12/6,Holding,2383162.000
4644.000,2004/12/7,Holding,2383162.000
4645.000,2004/12/8,Holding,2397760.250
4646.000,2004/12/9,Holding,2397760.250
4647.000,2004/12/10,Holding,2397760.250
4648.000,2004/12/13,Holding,2416008.000
4649.000,2004/12/14,Holding,2416008.000
4650.000,2004/12/15,Holding,2503598.000
4651.000,2004/12/16,Holding,2521845.750
4652.000,2004/12/17,Holding,2642282.000
4653.000,2004/12/20,Holding,2660530.000
4654.000,2004/12/21,Holding,2660530.000
4655.000,2004/12/22,Holding,2609436.000
4656.000,2004/12/23,Holding,2624034.250
4657.000,2004/12/24,Holding,2624034.250
4658.000,2004/12/27,Holding,2624034.250
4659.000,2004/12/28,Holding,2660530.000
4660.000,2004/12/29,Holding,2642282.000
4661.000,2004/12/30,Holding,2660530.000
4662.000,2004/12/31,Holding,2642282.000
4663.000,2005/1/3,Holding,2729872.000
4664.000,2005/1/4,Holding,2678778.000
4665.000,2005/1/5,Holding,2660530.000
4666.000,2005/1/6,Holding,2624034.250
4667.000,2005/1/7,Holding,2485350.250
4668.000,2005/1/10,Holding,2609436.000
4669.000,2005/1/11,Holding,2624034.250
4670.000,2005/1/12,Holding,2624034.250
4671.000,2005/1/13,Holding,2572940.000
4672.000,2005/1/14,Holding,2591188.000
4673.000,2005/1/17,Holding,2624034.250
4674.000,2005/1/18,Holding,2624034.250
4675.000,2005/1/19,Holding,2624034.250
4676.000,2005/1/20,Holding,2540093.750
4677.000,2005/1/21,Holding,2554692.000
4678.000,2005/1/24,Holding,2503598.000
4679.000,2005/1/25,Holding,2328418.000
4680.000,2005/1/26,Sell,2383162.000
4681.000,2005/1/27,Waiting,2383162.000
4682.000,2005/1/28,Waiting,2383162.000
4683.000,2005/1/31,Waiting,2383162.000
4684.000,2005/2/1,Waiting,2383162.000
4685.000,2005/2/2,Waiting,2383162.000
4686.000,2005/2/3,Buy,2383162.000
4687.000,2005/2/14,Holding,2400196.750
4688.000,2005/2/15,Holding,2352498.750
4689.000,2005/2/16,Holding,2304800.500
4690.000,2005/2/17,Holding,2270730.750
4691.000,2005/2/18,Holding,2270730.750
4692.000,2005/2/21,Holding,2270730.750
4693.000,2005/2/22,Holding,2270730.750
4694.000,2005/2/23,Holding,2236660.500
4695.000,2005/2/24,Holding,2253695.500
4696.000,2005/2/25,Holding,2287765.500
4697.000,2005/3/1,Holding,2328650.000
4698.000,2005/3/2,Holding,2342278.000
4699.000,2005/3/3,Holding,2318428.500
4700.000,2005/3/4,Holding,2359312.750
4701.000,2005/3/7,Holding,2417232.000
4702.000,2005/3/8,Holding,2383162.000
4703.000,2005/3/9,Holding,2434267.000
4704.000,2005/3/10,Holding,2434267.000
4705.000,2005/3/11,Holding,2417232.000
4706.000,2005/3/14,Holding,2369534.000
4707.000,2005/3/15,Holding,2246881.500
4708.000,2005/3/16,Sell,2229846.250
4709.000,2005/3/17,Waiting,2229846.250
4710.000,2005/3/18,Waiting,2229846.250
4711.000,2005/3/21,Waiting,2229846.250
4712.000,2005/3/22,Waiting,2229846.250
4713.000,2005/3/23,Waiting,2229846.250
4714.000,2005/3/24,Waiting,2229846.250
4715.000,2005/3/25,Waiting,2229846.250
4716.000,2005/3/28,Waiting,2229846.250
4717.000,2005/3/29,Waiting,2229846.250
4718.000,2005/3/30,Waiting,2229846.250
4719.000,2005/3/31,Waiting,2229846.250
4720.000,2005/4/1,Waiting,2229846.250
4721.000,2005/4/4,Waiting,2229846.250
4722.000,2005/4/6,Waiting,2229846.250
4723.000,2005/4/7,Waiting,2229846.250
4724.000,2005/4/8,Waiting,2229846.250
4725.000,2005/4/11,Waiting,2229846.250
4726.000,2005/4/12,Waiting,2229846.250
4727.000,2005/4/13,Waiting,2229846.250
4728.000,2005/4/14,Waiting,2229846.250
4729.000,2005/4/15,Waiting,2229846.250
4730.000,2005/4/18,Waiting,2229846.250
4731.000,2005/4/19,Waiting,2229846.250
4732.000,2005/4/20,Waiting,2229846.250
4733.000,2005/4/21,Waiting,2229846.250
4734.000,2005/4/22,Waiting,2229846.250
4735.000,2005/4/25,Waiting,2229846.250
4736.000,2005/4/26,Waiting,2229846.250
4737.000,2005/4/27,Waiting,2229846.250
4738.000,2005/4/28,Waiting,2229846.250
4739.000,2005/4/29,Waiting,2229846.250
4740.000,2005/5/3,Waiting,2229846.250
4741.000,2005/5/4,Waiting,2229846.250
4742.000,2005/5/5,Waiting,2229846.250
4743.000,2005/5/6,Waiting,2229846.250
4744.000,2005/5/9,Waiting,2229846.250
4745.000,2005/5/10,Waiting,2229846.250
4746.000,2005/5/11,Waiting,2229846.250
4747.000,2005/5/12,Waiting,2229846.250
4748.000,2005/5/13,Waiting,2229846.250
4749.000,2005/5/16,Waiting,2229846.250
4750.000,2005/5/17,Waiting,2229846.250
4751.000,2005/5/18,Waiting,2229846.250
4752.000,2005/5/19,Waiting,2229846.250
4753.000,2005/5/20,Waiting,2229846.250
4754.000,2005/5/23,Waiting,2229846.250
4755.000,2005/5/24,Waiting,2229846.250
4756.000,2005/5/25,Waiting,2229846.250
4757.000,2005/5/26,Waiting,2229846.250
4758.000,2005/5/27,Waiting,2229846.250
4759.000,2005/5/30,Waiting,2229846.250
4760.000,2005/5/31,Waiting,2229846.250
4761.000,2005/6/1,Waiting,2229846.250
4762.000,2005/6/2,Waiting,2229846.250
4763.000,2005/6/3,Waiting,2229846.250
4764.000,2005/6/6,Waiting,2229846.250
4765.000,2005/6/7,Waiting,2229846.250
4766.000,2005/6/8,Waiting,2229846.250
4767.000,2005/6/9,Waiting,2229846.250
4768.000,2005/6/10,Waiting,2229846.250
4769.000,2005/6/13,Buy,2229846.250
4770.000,2005/6/14,Holding,2094564.500
4771.000,2005/6/15,Holding,2165587.250
4772.000,2005/6/16,Holding,2165587.250
4773.000,2005/6/17,Holding,2175733.750
4774.000,2005/6/20,Holding,2182497.500
4775.000,2005/6/21,Holding,2158823.500
4776.000,2005/6/22,Holding,2135149.250
4777.000,2005/6/23,Holding,2175733.750
4778.000,2005/6/24,Holding,2125003.000
4779.000,2005/6/27,Holding,2118239.000
4780.000,2005/6/28,Holding,2212936.000
4781.000,2005/6/29,Holding,2165587.250
4782.000,2005/6/30,Holding,2175733.750
4783.000,2005/7/1,Holding,2158823.500
4784.000,2005/7/4,Holding,2165587.250
4785.000,2005/7/5,Holding,2135149.250
4786.000,2005/7/6,Holding,2148677.500
4787.000,2005/7/7,Holding,2084418.500
4788.000,2005/7/8,Holding,2108092.750
4789.000,2005/7/11,Holding,2158823.500
4790.000,2005/7/12,Holding,2158823.500
4791.000,2005/7/13,Holding,2165587.250
4792.000,2005/7/14,Holding,2199407.750
4793.000,2005/7/15,Holding,2304251.250
4794.000,2005/7/19,Holding,2270430.750
4795.000,2005/7/20,Holding,2212936.000
4796.000,2005/7/21,Holding,2158823.500
4797.000,2005/7/22,Holding,2311015.000
4798.000,2005/7/25,Holding,2287341.000
4799.000,2005/7/26,Holding,2270430.750
4800.000,2005/7/27,Holding,2206171.750
4801.000,2005/7/28,Holding,2199407.750
4802.000,2005/7/29,Holding,2199407.750
4803.000,2005/8/1,Holding,2212936.000
4804.000,2005/8/2,Holding,2239992.250
4805.000,2005/8/3,Holding,2327925.250
4806.000,2005/8/4,Holding,2334689.250
4807.000,2005/8/8,Holding,2327925.250
4808.000,2005/8/9,Holding,2294104.750
4809.000,2005/8/10,Holding,2165587.250
4810.000,2005/8/11,Holding,2182497.500
4811.000,2005/8/12,Holding,2263666.500
4812.000,2005/8/15,Holding,2311015.000
4813.000,2005/8/16,Holding,2270430.750
4814.000,2005/8/17,Holding,2246756.500
4815.000,2005/8/18,Holding,2246756.500
4816.000,2005/8/19,Holding,2212936.000
4817.000,2005/8/22,Holding,2253520.500
4818.000,2005/8/23,Holding,2280576.750
4819.000,2005/8/24,Holding,2294104.750
4820.000,2005/8/25,Holding,2311015.000
4821.000,2005/8/26,Holding,2294104.750
4822.000,2005/8/29,Holding,2280576.750
4823.000,2005/8/30,Holding,2280576.750
4824.000,2005/8/31,Holding,2280576.750
4825.000,2005/9/2,Holding,2280576.750
4826.000,2005/9/5,Holding,2280576.750
4827.000,2005/9/6,Holding,2287341.000
4828.000,2005/9/7,Holding,2304251.250
4829.000,2005/9/8,Holding,2304251.250
4830.000,2005/9/9,Holding,2280576.750
4831.000,2005/9/12,Holding,2280576.750
4832.000,2005/9/13,Holding,2280576.750
4833.000,2005/9/14,Holding,2280576.750
4834.000,2005/9/15,Holding,2253520.500
4835.000,2005/9/16,Holding,2246756.500
4836.000,2005/9/19,Holding,2290722.750
4837.000,2005/9/20,Holding,2317779.250
4838.000,2005/9/21,Holding,2395566.000
4839.000,2005/9/22,Holding,2412476.250
4840.000,2005/9/23,Holding,2439532.500
4841.000,2005/9/26,Holding,2483499.000
4842.000,2005/9/27,Holding,2588342.000
4843.000,2005/9/28,Holding,2676275.250
4844.000,2005/9/29,Holding,2659365.000
4845.000,2005/9/30,Holding,2686421.250
4846.000,2005/10/3,Holding,2703331.500
4847.000,2005/10/4,Holding,2696567.500
4848.000,2005/10/5,Holding,2676275.250
4849.000,2005/10/6,Holding,2676275.250
4850.000,2005/10/7,Holding,2696567.500
4851.000,2005/10/11,Holding,2686421.250
4852.000,2005/10/12,Holding,2686421.250
4853.000,2005/10/13,Holding,2713477.500
4854.000,2005/10/14,Holding,2740534.000
4855.000,2005/10/17,Holding,2713477.500
4856.000,2005/10/18,Holding,2659365.000
4857.000,2005/10/19,Holding,2652601.000
4858.000,2005/10/20,Holding,2571432.250
4859.000,2005/10/21,Holding,2554522.000
4860.000,2005/10/24,Holding,2544375.500
4861.000,2005/10/25,Holding,2537611.750
4862.000,2005/10/26,Holding,2554522.000
4863.000,2005/10/27,Holding,2544375.500
4864.000,2005/10/28,Holding,2537611.750
4865.000,2005/10/31,Holding,2625544.750
4866.000,2005/11/1,Holding,2625544.750
4867.000,2005/11/2,Holding,2608634.500
4868.000,2005/11/3,Holding,2598488.500
4869.000,2005/11/4,Holding,2676275.250
4870.000,2005/11/7,Holding,2564668.000
4871.000,2005/11/8,Holding,2659365.000
4872.000,2005/11/9,Holding,2676275.250
4873.000,2005/11/10,Holding,2659365.000
4874.000,2005/11/11,Holding,2652601.000
4875.000,2005/11/14,Holding,2625544.750
4876.000,2005/11/15,Holding,2544375.500
4877.000,2005/11/16,Holding,2564668.000
4878.000,2005/11/17,Holding,2564668.000
4879.000,2005/11/18,Holding,2632308.750
4880.000,2005/11/21,Holding,2581578.250
4881.000,2005/11/22,Holding,2598488.500
4882.000,2005/11/23,Holding,2615398.500
4883.000,2005/11/24,Holding,2588342.000
4884.000,2005/11/25,Holding,2608634.500
4885.000,2005/11/28,Holding,2608634.500
4886.000,2005/11/29,Holding,2598488.500
4887.000,2005/11/30,Holding,2686421.250
4888.000,2005/12/1,Holding,2774354.250
4889.000,2005/12/2,Holding,2801410.500
4890.000,2005/12/5,Holding,2801410.500
4891.000,2005/12/6,Holding,2774354.250
4892.000,2005/12/7,Holding,2801410.500
4893.000,2005/12/8,Holding,2747298.000
4894.000,2005/12/9,Holding,2811557.000
4895.000,2005/12/12,Holding,2784500.250
4896.000,2005/12/13,Holding,2730387.750
4897.000,2005/12/14,Holding,2757444.000
4898.000,2005/12/15,Holding,2801410.500
4899.000,2005/12/16,Holding,2791264.500
4900.000,2005/12/19,Holding,2967130.250
4901.000,2005/12/20,Holding,2923164.000
4902.000,2005/12/21,Holding,2923164.000
4903.000,2005/12/22,Holding,2933310.000
4904.000,2005/12/23,Holding,3004333.000
4905.000,2005/12/26,Holding,2960366.500
4906.000,2005/12/27,Holding,3099030.000
4907.000,2005/12/28,Holding,3251221.500
4908.000,2005/12/29,Holding,3214019.250
4909.000,2005/12/30,Holding,3126086.250
4910.000,2006/1/2,Holding,3048299.500
4911.000,2006/1/3,Holding,3153142.500
4912.000,2006/1/4,Holding,3136232.250
4913.000,2006/1/5,Holding,3163289.000
4914.000,2006/1/6,Holding,3170052.750
4915.000,2006/1/9,Holding,3065209.750
4916.000,2006/1/10,Holding,3082119.750
4917.000,2006/1/11,Holding,3092266.000
4918.000,2006/1/12,Holding,3082119.750
4919.000,2006/1/13,Holding,3186963.000
4920.000,2006/1/16,Holding,3251221.500
4921.000,2006/1/17,Holding,3224165.250
4922.000,2006/1/18,Holding,3153142.500
4923.000,2006/1/19,Holding,3224165.250
4924.000,2006/1/20,Holding,3197109.000
4925.000,2006/1/23,Holding,3186963.000
4926.000,2006/1/24,Holding,3142996.500
4927.000,2006/1/25,Holding,3207255.000
4928.000,2006/2/3,Holding,3372975.000
4929.000,2006/2/6,Holding,3443998.000
4930.000,2006/2/7,Holding,3345919.000
4931.000,2006/2/8,Holding,3312098.500
4932.000,2006/2/9,Holding,3241075.500
4933.000,2006/2/10,Holding,3224165.250
4934.000,2006/2/13,Holding,3207255.000
4935.000,2006/2/14,Holding,3285042.000
4936.000,2006/2/15,Holding,3224165.250
4937.000,2006/2/16,Holding,3274896.000
4938.000,2006/2/17,Holding,3257985.750
4939.000,2006/2/20,Holding,3362829.000
4940.000,2006/2/21,Holding,3312098.500
4941.000,2006/2/22,Holding,3329008.500
4942.000,2006/2/23,Holding,3312098.500
4943.000,2006/2/24,Holding,3329008.500
4944.000,2006/2/27,Holding,3312098.500
4945.000,2006/3/1,Holding,3301952.500
4946.000,2006/3/2,Holding,3400031.500
4947.000,2006/3/3,Holding,3575897.250
4948.000,2006/3/6,Holding,3582661.500
4949.000,2006/3/7,Holding,3619863.750
4950.000,2006/3/8,Holding,3619863.750
4951.000,2006/3/9,Holding,3575897.250
4952.000,2006/3/10,Holding,3521784.750
4953.000,2006/3/13,Holding,3487964.500
4954.000,2006/3/14,Holding,3389885.000
4955.000,2006/3/15,Holding,3356065.000
4956.000,2006/3/16,Holding,3312098.500
4957.000,2006/3/17,Holding,3383121.250
4958.000,2006/3/20,Holding,3345919.000
4959.000,2006/3/21,Holding,3389885.000
4960.000,2006/3/22,Holding,3389885.000
4961.000,2006/3/23,Holding,3356065.000
4962.000,2006/3/24,Holding,3400031.500
4963.000,2006/3/27,Holding,3400031.500
4964.000,2006/3/28,Holding,3339154.500
4965.000,2006/3/29,Holding,3257985.750
4966.000,2006/3/30,Holding,3383121.250
4967.000,2006/3/31,Holding,3400031.500
4968.000,2006/4/3,Holding,3345919.000
4969.000,2006/4/4,Holding,3416941.750
4970.000,2006/4/6,Holding,3389885.000
4971.000,2006/4/7,Holding,3400031.500
4972.000,2006/4/10,Holding,3329008.500
4973.000,2006/4/11,Holding,3312098.500
4974.000,2006/4/12,Holding,3362829.000
4975.000,2006/4/13,Holding,3389885.000
4976.000,2006/4/14,Holding,3400031.500
4977.000,2006/4/17,Holding,3504874.500
4978.000,2006/4/18,Holding,3433851.500
4979.000,2006/4/19,Holding,3427087.750
4980.000,2006/4/20,Holding,3427087.750
4981.000,2006/4/21,Holding,3372975.000
4982.000,2006/4/24,Holding,3406795.500
4983.000,2006/4/25,Holding,3400031.500
4984.000,2006/4/26,Holding,3400031.500
4985.000,2006/4/27,Holding,3477818.000
4986.000,2006/4/28,Holding,3400031.500
4987.000,2006/5/2,Holding,3663830.500
4988.000,2006/5/3,Holding,3829550.000
4989.000,2006/5/4,Holding,4069675.000
4990.000,2006/5/5,Holding,4069675.000
4991.000,2006/5/8,Holding,4069675.000
4992.000,2006/5/9,Holding,3822786.250
4993.000,2006/5/10,Holding,3724707.000
4994.000,2006/5/11,Holding,3680740.500
4995.000,2006/5/12,Holding,3680740.500
4996.000,2006/5/15,Holding,3558987.000
4997.000,2006/5/16,Holding,3372975.000
4998.000,2006/5/17,Sell,3460908.000
4999.000,2006/5/18,Waiting,3460908.000
5000.000,2006/5/19,Waiting,3460908.000
5001.000,2006/5/22,Waiting,3460908.000
5002.000,2006/5/23,Waiting,3460908.000
5003.000,2006/5/24,Waiting,3460908.000
5004.000,2006/5/25,Waiting,3460908.000
5005.000,2006/5/26,Waiting,3460908.000
5006.000,2006/5/29,Waiting,3460908.000
5007.000,2006/5/30,Waiting,3460908.000
5008.000,2006/6/1,Buy,3460908.000
5009.000,2006/6/2,Holding,3427864.000
5010.000,2006/6/5,Holding,3213079.750
5011.000,2006/6/6,Sell,3170122.750
5012.000,2006/6/7,Waiting,3170122.750
5013.000,2006/6/8,Waiting,3170122.750
5014.000,2006/6/9,Waiting,3170122.750
5015.000,2006/6/12,Waiting,3170122.750
5016.000,2006/6/13,Waiting,3170122.750
5017.000,2006/6/14,Waiting,3170122.750
5018.000,2006/6/15,Waiting,3170122.750
5019.000,2006/6/16,Waiting,3170122.750
5020.000,2006/6/19,Waiting,3170122.750
5021.000,2006/6/20,Waiting,3170122.750
5022.000,2006/6/21,Waiting,3170122.750
5023.000,2006/6/22,Waiting,3170122.750
5024.000,2006/6/23,Waiting,3170122.750
5025.000,2006/6/26,Waiting,3170122.750
5026.000,2006/6/27,Waiting,3170122.750
5027.000,2006/6/28,Waiting,3170122.750
5028.000,2006/6/29,Waiting,3170122.750
5029.000,2006/6/30,Waiting,3170122.750
5030.000,2006/7/3,Waiting,3170122.750
5031.000,2006/7/4,Waiting,3170122.750
5032.000,2006/7/5,Waiting,3170122.750
5033.000,2006/7/6,Waiting,3170122.750
5034.000,2006/7/7,Waiting,3170122.750
5035.000,2006/7/10,Waiting,3170122.750
5036.000,2006/7/11,Waiting,3170122.750
5037.000,2006/7/12,Waiting,3170122.750
5038.000,2006/7/13,Waiting,3170122.750
5039.000,2006/7/14,Waiting,3170122.750
5040.000,2006/7/17,Waiting,3170122.750
5041.000,2006/7/18,Waiting,3170122.750
5042.000,2006/7/19,Waiting,3170122.750
5043.000,2006/7/20,Waiting,3170122.750
5044.000,2006/7/21,Waiting,3170122.750
5045.000,2006/7/24,Waiting,3170122.750
5046.000,2006/7/25,Waiting,3170122.750
5047.000,2006/7/26,Waiting,3170122.750
5048.000,2006/7/27,Waiting,3170122.750
5049.000,2006/7/28,Waiting,3170122.750
5050.000,2006/7/31,Waiting,3170122.750
5051.000,2006/8/1,Waiting,3170122.750
5052.000,2006/8/2,Waiting,3170122.750
5053.000,2006/8/3,Waiting,3170122.750
5054.000,2006/8/4,Waiting,3170122.750
5055.000,2006/8/7,Waiting,3170122.750
5056.000,2006/8/8,Waiting,3170122.750
5057.000,2006/8/9,Waiting,3170122.750
5058.000,2006/8/10,Waiting,3170122.750
5059.000,2006/8/11,Waiting,3170122.750
5060.000,2006/8/14,Waiting,3170122.750
5061.000,2006/8/15,Waiting,3170122.750
5062.000,2006/8/16,Waiting,3170122.750
5063.000,2006/8/17,Waiting,3170122.750
5064.000,2006/8/18,Waiting,3170122.750
5065.000,2006/8/21,Waiting,3170122.750
5066.000,2006/8/22,Waiting,3170122.750
5067.000,2006/8/23,Waiting,3170122.750
5068.000,2006/8/24,Waiting,3170122.750
5069.000,2006/8/25,Waiting,3170122.750
5070.000,2006/8/28,Waiting,3170122.750
5071.000,2006/8/29,Waiting,3170122.750
5072.000,2006/8/30,Waiting,3170122.750
5073.000,2006/8/31,Waiting,3170122.750
5074.000,2006/9/1,Waiting,3170122.750
5075.000,2006/9/4,Waiting,3170122.750
5076.000,2006/9/5,Waiting,3170122.750
5077.000,2006/9/6,Waiting,3170122.750
5078.000,2006/9/7,Waiting,3170122.750
5079.000,2006/9/8,Buy,3170122.750
5080.000,2006/9/11,Holding,3104606.250
5081.000,2006/9/12,Holding,3068572.500
5082.000,2006/9/13,Holding,3075124.000
5083.000,2006/9/14,Holding,3019435.250
5084.000,2006/9/15,Sell,3150468.000
5085.000,2006/9/18,Waiting,3150468.000
5086.000,2006/9/19,Buy,3150468.000
5087.000,2006/9/20,Holding,3203799.750
5088.000,2006/9/21,Holding,3257131.750
5089.000,2006/9/22,Holding,3194388.500
5090.000,2006/9/25,Holding,3257131.750
5091.000,2006/9/26,Holding,3373206.750
5092.000,2006/9/27,Holding,3451635.750
5093.000,2006/9/28,Holding,3432813.000
5094.000,2006/9/29,Holding,3379481.250
5095.000,2006/10/2,Holding,3520653.500
5096.000,2006/10/3,Holding,3461047.500
5097.000,2006/10/4,Holding,3470459.000
5098.000,2006/10/5,Holding,3602219.750
5099.000,2006/10/11,Holding,3573985.250
5100.000,2006/10/12,Holding,3573985.250
5101.000,2006/10/13,Holding,3573985.250
5102.000,2006/10/14,Holding,3567711.000
5103.000,2006/10/16,Holding,3592808.500
5104.000,2006/10/17,Holding,3530065.000
5105.000,2006/10/18,Holding,3573985.250
5106.000,2006/10/19,Holding,3636728.500
5107.000,2006/10/20,Holding,3806135.500
5108.000,2006/10/23,Holding,3806135.500
5109.000,2006/10/24,Holding,3812410.000
5110.000,2006/10/25,Holding,3806135.500
5111.000,2006/10/26,Holding,3787312.500
5112.000,2006/10/27,Holding,3768489.500
5113.000,2006/10/30,Holding,3664963.000
5114.000,2006/10/31,Holding,3636728.500
5115.000,2006/11/1,Holding,3627317.000
5116.000,2006/11/2,Holding,3664963.000
5117.000,2006/11/3,Holding,3759078.000
5118.000,2006/11/6,Holding,3680649.000
5119.000,2006/11/7,Holding,3768489.500
5120.000,2006/11/8,Holding,3715157.500
5121.000,2006/11/9,Holding,3768489.500
5122.000,2006/11/10,Holding,3733980.750
5123.000,2006/11/13,Holding,3699471.750
5124.000,2006/11/14,Holding,3759078.000
5125.000,2006/11/15,Holding,3787312.500
5126.000,2006/11/16,Holding,3777901.000
5127.000,2006/11/17,Holding,3752803.500
5128.000,2006/11/20,Holding,3724569.500
5129.000,2006/11/21,Holding,3708883.500
5130.000,2006/11/22,Holding,3928485.000
5131.000,2006/11/23,Holding,4201418.000
5132.000,2006/11/24,Holding,4094754.500
5133.000,2006/11/27,Holding,4141812.000
5134.000,2006/11/28,Holding,4094754.500
5135.000,2006/11/29,Holding,4094754.500
5136.000,2006/11/30,Holding,4185732.500
5137.000,2006/12/1,Holding,4273573.000
5138.000,2006/12/4,Holding,4477488.500
5139.000,2006/12/5,Holding,4439843.000
5140.000,2006/12/6,Holding,4424157.000
5141.000,2006/12/7,Holding,4439843.000
5142.000,2006/12/8,Holding,4424157.000
5143.000,2006/12/11,Holding,4370825.500
5144.000,2006/12/12,Holding,4370825.500
5145.000,2006/12/13,Holding,4333179.000
5146.000,2006/12/14,Holding,4132400.750
5147.000,2006/12/15,Holding,4141812.000
5148.000,2006/12/18,Holding,4122989.000
5149.000,2006/12/19,Holding,4104166.250
5150.000,2006/12/20,Holding,4141812.000
5151.000,2006/12/21,Holding,4060245.500
5152.000,2006/12/22,Holding,4060245.500
5153.000,2006/12/25,Holding,4132400.750
5154.000,2006/12/26,Holding,4192006.500
5155.000,2006/12/27,Holding,4185732.500
5156.000,2006/12/28,Holding,4148086.500
5157.000,2006/12/29,Holding,4201418.000
5158.000,2007/1/2,Holding,4254750.000
5159.000,2007/1/3,Holding,4201418.000
5160.000,2007/1/4,Holding,4185732.500
5161.000,2007/1/5,Holding,4132400.750
5162.000,2007/1/8,Holding,4122989.000
5163.000,2007/1/9,Holding,4342591.000
5164.000,2007/1/10,Holding,4254750.000
5165.000,2007/1/11,Holding,4132400.750
5166.000,2007/1/12,Holding,4298670.000
5167.000,2007/1/15,Holding,4166909.250
5168.000,2007/1/16,Holding,4166909.250
5169.000,2007/1/17,Holding,4220241.000
5170.000,2007/1/18,Holding,4264162.000
5171.000,2007/1/19,Holding,4141812.000
5172.000,2007/1/22,Holding,4176321.000
5173.000,2007/1/23,Holding,4185732.500
5174.000,2007/1/24,Holding,4245338.000
5175.000,2007/1/25,Holding,4157498.000
5176.000,2007/1/26,Holding,4069657.250
5177.000,2007/1/29,Holding,4069657.250
5178.000,2007/1/30,Holding,4025737.000
5179.000,2007/1/31,Holding,3981816.750
5180.000,2007/2/1,Sell,3937896.250
5181.000,2007/2/2,Waiting,3937896.250
5182.000,2007/2/5,Waiting,3937896.250
5183.000,2007/2/6,Waiting,3937896.250
5184.000,2007/2/7,Waiting,3937896.250
5185.000,2007/2/8,Waiting,3937896.250
5186.000,2007/2/9,Waiting,3937896.250
5187.000,2007/2/12,Waiting,3937896.250
5188.000,2007/2/13,Waiting,3937896.250
5189.000,2007/2/14,Waiting,3937896.250
5190.000,2007/2/26,Waiting,3937896.250
5191.000,2007/2/27,Waiting,3937896.250
5192.000,2007/3/1,Waiting,3937896.250
5193.000,2007/3/2,Waiting,3937896.250
5194.000,2007/3/3,Waiting,3937896.250
5195.000,2007/3/5,Waiting,3937896.250
5196.000,2007/3/6,Waiting,3937896.250
5197.000,2007/3/7,Waiting,3937896.250
5198.000,2007/3/8,Waiting,3937896.250
5199.000,2007/3/9,Waiting,3937896.250
5200.000,2007/3/12,Waiting,3937896.250
5201.000,2007/3/13,Waiting,3937896.250
5202.000,2007/3/14,Waiting,3937896.250
5203.000,2007/3/15,Waiting,3937896.250
5204.000,2007/3/16,Waiting,3937896.250
5205.000,2007/3/19,Waiting,3937896.250
5206.000,2007/3/20,Waiting,3937896.250
5207.000,2007/3/21,Waiting,3937896.250
5208.000,2007/3/22,Waiting,3937896.250
5209.000,2007/3/23,Waiting,3937896.250
5210.000,2007/3/26,Waiting,3937896.250
5211.000,2007/3/27,Waiting,3937896.250
5212.000,2007/3/28,Waiting,3937896.250
5213.000,2007/3/29,Waiting,3937896.250
5214.000,2007/3/30,Waiting,3937896.250
5215.000,2007/4/2,Waiting,3937896.250
5216.000,2007/4/3,Waiting,3937896.250
5217.000,2007/4/4,Waiting,3937896.250
5218.000,2007/4/9,Waiting,3937896.250
5219.000,2007/4/10,Buy,3937896.250
5220.000,2007/4/11,Holding,3794941.500
5221.000,2007/4/12,Holding,3738355.250
5222.000,2007/4/13,Sell,3854505.750
5223.000,2007/4/14,Waiting,3854505.750
5224.000,2007/4/16,Waiting,3854505.750
5225.000,2007/4/17,Buy,3854505.750
5226.000,2007/4/18,Holding,3837659.250
5227.000,2007/4/19,Holding,3702890.000
5228.000,2007/4/20,Holding,3759044.000
5229.000,2007/4/23,Holding,3680428.500
5230.000,2007/4/24,Holding,3781505.500
5231.000,2007/4/25,Holding,3688851.750
5232.000,2007/4/26,Holding,3688851.750
5233.000,2007/4/27,Holding,3798351.500
5234.000,2007/4/30,Holding,3702890.000
5235.000,2007/5/2,Holding,3680428.500
5236.000,2007/5/3,Holding,3742197.500
5237.000,2007/5/4,Holding,3767466.750
5238.000,2007/5/7,Holding,3750620.750
5239.000,2007/5/8,Holding,3773082.250
5240.000,2007/5/9,Holding,3789928.250
5241.000,2007/5/10,Holding,3955582.500
5242.000,2007/5/11,Holding,3837659.250
5243.000,2007/5/14,Holding,3902236.000
5244.000,2007/5/15,Holding,3876967.250
5245.000,2007/5/16,Holding,3907851.500
5246.000,2007/5/17,Holding,3902236.000
5247.000,2007/5/18,Holding,3902236.000
5248.000,2007/5/21,Holding,4028582.500
5249.000,2007/5/22,Holding,4129659.750
5250.000,2007/5/23,Holding,4208275.000
5251.000,2007/5/24,Holding,4168967.500
5252.000,2007/5/25,Holding,4090351.750
5253.000,2007/5/28,Holding,4059467.500
5254.000,2007/5/29,Holding,4059467.500
5255.000,2007/5/30,Holding,4028582.500
5256.000,2007/5/31,Holding,3916274.750
5257.000,2007/6/1,Holding,4081929.000
5258.000,2007/6/4,Holding,4011736.500
5259.000,2007/6/5,Holding,3964005.750
5260.000,2007/6/6,Holding,3994890.500
5261.000,2007/6/7,Holding,4003313.250
5262.000,2007/6/8,Holding,3924698.250
5263.000,2007/6/11,Holding,3955582.500
5264.000,2007/6/12,Holding,4090351.750
5265.000,2007/6/13,Holding,4241967.500
5266.000,2007/6/14,Holding,4329006.000
5267.000,2007/6/15,Holding,4390775.500
5268.000,2007/6/20,Holding,4635045.000
5269.000,2007/6/21,Holding,5022507.000
5270.000,2007/6/22,Holding,4809122.000
5271.000,2007/6/23,Holding,4856853.000
5272.000,2007/6/25,Holding,5078660.500
5273.000,2007/6/26,Holding,5056199.000
5274.000,2007/6/27,Holding,5095507.000
5275.000,2007/6/28,Holding,5109545.500
5276.000,2007/6/29,Holding,5022507.000
5277.000,2007/7/2,Holding,4929853.000
5278.000,2007/7/3,Holding,4913006.500
5279.000,2007/7/4,Holding,4960737.500
5280.000,2007/7/5,Holding,4848430.000
5281.000,2007/7/6,Holding,5095507.000
5282.000,2007/7/9,Holding,5134815.000
5283.000,2007/7/10,Holding,5070238.000
5284.000,2007/7/11,Holding,4921430.000
5285.000,2007/7/12,Holding,4935468.000
5286.000,2007/7/13,Holding,5056199.000
5287.000,2007/7/16,Holding,5244315.000
5288.000,2007/7/17,Holding,5522276.500
5289.000,2007/7/18,Holding,5640200.000
5290.000,2007/7/19,Holding,5497007.000
5291.000,2007/7/20,Holding,5379084.000
5292.000,2007/7/23,Holding,5570007.500
5293.000,2007/7/24,Holding,5892892.000
5294.000,2007/7/25,Holding,5884469.500
5295.000,2007/7/26,Holding,5727238.000
5296.000,2007/7/27,Holding,5300469.000
5297.000,2007/7/30,Holding,5308891.500
5298.000,2007/7/31,Holding,5659853.500
5299.000,2007/8/1,Holding,5210623.000
5300.000,2007/8/2,Holding,5016891.500
5301.000,2007/8/3,Holding,5401545.500
5302.000,2007/8/6,Holding,5578431.000
5303.000,2007/8/7,Holding,5895700.000
5304.000,2007/8/8,Holding,5988354.000
5305.000,2007/8/9,Holding,5828315.500
5306.000,2007/8/10,Holding,5595277.000
5307.000,2007/8/13,Holding,5988354.000
5308.000,2007/8/14,Holding,6154008.000
5309.000,2007/8/15,Holding,5659853.500
5310.000,2007/8/16,Holding,5202199.500
5311.000,2007/8/17,Holding,5016891.500
5312.000,2007/8/20,Holding,5317315.000
5313.000,2007/8/21,Holding,5269584.000
5314.000,2007/8/22,Holding,5384699.500
5315.000,2007/8/23,Holding,5685123.000
5316.000,2007/8/24,Holding,5651431.000
5317.000,2007/8/27,Holding,5603700.000
5318.000,2007/8/28,Holding,5603700.000
5319.000,2007/8/29,Holding,5527892.000
5320.000,2007/8/30,Holding,5634584.000
5321.000,2007/8/31,Holding,6086623.500
5322.000,2007/9/3,Holding,6145585.000
5323.000,2007/9/4,Holding,5929392.500
5324.000,2007/9/5,Holding,5718815.500
5325.000,2007/9/6,Holding,6103469.500
5326.000,2007/9/7,Holding,5946238.500
5327.000,2007/9/10,Holding,5811469.500
5328.000,2007/9/11,Holding,5870431.000
5329.000,2007/9/12,Holding,5752507.500
5330.000,2007/9/13,Holding,5920969.500
5331.000,2007/9/14,Holding,6069777.500
5332.000,2007/9/17,Holding,5937815.500
5333.000,2007/9/19,Holding,6170855.000
5334.000,2007/9/20,Holding,6547085.000
5335.000,2007/9/21,Holding,7072125.000
5336.000,2007/9/26,Holding,7625240.500
5337.000,2007/9/27,Holding,7642087.000
5338.000,2007/9/28,Holding,7925664.500
5339.000,2007/9/29,Holding,7841433.000
5340.000,2007/10/1,Holding,8026741.500
5341.000,2007/10/2,Holding,7858279.000
5342.000,2007/10/3,Holding,7760010.000
5343.000,2007/10/4,Holding,7299548.000
5344.000,2007/10/5,Holding,7375356.000
5345.000,2007/10/8,Holding,7675779.000
5346.000,2007/10/9,Holding,7341663.000
5347.000,2007/10/11,Holding,7908818.000
5348.000,2007/10/12,Holding,8110972.000
5349.000,2007/10/15,Holding,8127818.000
5350.000,2007/10/16,Holding,8209241.000
5351.000,2007/10/17,Holding,7993048.500
5352.000,2007/10/18,Holding,8158703.000
5353.000,2007/10/19,Holding,8026741.500
5354.000,2007/10/22,Holding,7692625.000
5355.000,2007/10/23,Holding,7642087.000
5356.000,2007/10/24,Holding,8026741.500
5357.000,2007/10/25,Holding,8110972.000
5358.000,2007/10/26,Holding,8495626.000
5359.000,2007/10/29,Holding,8360857.000
5360.000,2007/10/30,Holding,8192396.000
5361.000,2007/10/31,Holding,8226088.000
5362.000,2007/11/1,Holding,7942510.500
5363.000,2007/11/2,Holding,7591548.500
5364.000,2007/11/5,Holding,7456779.000
5365.000,2007/11/6,Holding,7507317.000
5366.000,2007/11/7,Holding,7675779.000
5367.000,2007/11/8,Holding,7358510.000
5368.000,2007/11/9,Holding,7760010.000
5369.000,2007/11/12,Holding,7156355.000
5370.000,2007/11/13,Holding,7015970.500
5371.000,2007/11/14,Holding,7307971.000
5372.000,2007/11/15,Holding,7206894.000
5373.000,2007/11/16,Holding,6763278.000
5374.000,2007/11/19,Holding,6403893.000
5375.000,2007/11/20,Sell,6187701.000
5376.000,2007/11/21,Waiting,6187701.000
5377.000,2007/11/22,Waiting,6187701.000
5378.000,2007/11/23,Waiting,6187701.000
5379.000,2007/11/26,Waiting,6187701.000
5380.000,2007/11/27,Waiting,6187701.000
5381.000,2007/11/28,Waiting,6187701.000
5382.000,2007/11/29,Waiting,6187701.000
5383.000,2007/11/30,Waiting,6187701.000
5384.000,2007/12/3,Waiting,6187701.000
5385.000,2007/12/4,Waiting,6187701.000
5386.000,2007/12/5,Waiting,6187701.000
5387.000,2007/12/6,Waiting,6187701.000
5388.000,2007/12/7,Waiting,6187701.000
5389.000,2007/12/10,Waiting,6187701.000
5390.000,2007/12/11,Waiting,6187701.000
5391.000,2007/12/12,Waiting,6187701.000
5392.000,2007/12/13,Waiting,6187701.000
5393.000,2007/12/14,Waiting,6187701.000
5394.000,2007/12/17,Waiting,6187701.000
5395.000,2007/12/18,Waiting,6187701.000
5396.000,2007/12/19,Waiting,6187701.000
5397.000,2007/12/20,Waiting,6187701.000
5398.000,2007/12/21,Waiting,6187701.000
5399.000,2007/12/24,Waiting,6187701.000
5400.000,2007/12/25,Waiting,6187701.000
5401.000,2007/12/26,Waiting,6187701.000
5402.000,2007/12/27,Waiting,6187701.000
5403.000,2007/12/28,Waiting,6187701.000
5404.000,2007/12/31,Waiting,6187701.000
5405.000,2008/1/2,Waiting,6187701.000
5406.000,2008/1/3,Waiting,6187701.000
5407.000,2008/1/4,Waiting,6187701.000
5408.000,2008/1/7,Waiting,6187701.000
5409.000,2008/1/8,Waiting,6187701.000
5410.000,2008/1/9,Waiting,6187701.000
5411.000,2008/1/10,Buy,6187701.000
5412.000,2008/1/11,Holding,5947635.500
5413.000,2008/1/14,Holding,6430143.500
5414.000,2008/1/15,Holding,6781923.000
5415.000,2008/1/16,Holding,6430143.500
5416.000,2008/1/17,Holding,6358836.500
5417.000,2008/1/18,Holding,6216224.000
5418.000,2008/1/21,Holding,6187701.000
5419.000,2008/1/22,Holding,5686178.000
5420.000,2008/1/23,Sell,5220309.000
5421.000,2008/1/24,Waiting,5220309.000
5422.000,2008/1/25,Waiting,5220309.000
5423.000,2008/1/28,Waiting,5220309.000
5424.000,2008/1/29,Waiting,5220309.000
5425.000,2008/1/30,Waiting,5220309.000
5426.000,2008/1/31,Waiting,5220309.000
5427.000,2008/2/1,Waiting,5220309.000
5428.000,2008/2/12,Waiting,5220309.000
5429.000,2008/2/13,Waiting,5220309.000
5430.000,2008/2/14,Waiting,5220309.000
5431.000,2008/2/15,Waiting,5220309.000
5432.000,2008/2/18,Waiting,5220309.000
5433.000,2008/2/19,Waiting,5220309.000
5434.000,2008/2/20,Waiting,5220309.000
5435.000,2008/2/21,Waiting,5220309.000
5436.000,2008/2/22,Buy,5220309.000
5437.000,2008/2/25,Holding,5652792.500
5438.000,2008/2/26,Holding,5727286.500
5439.000,2008/2/27,Holding,5849375.500
5440.000,2008/2/29,Holding,5774881.000
5441.000,2008/3/3,Holding,5899039.000
5442.000,2008/3/4,Holding,6145285.000
5443.000,2008/3/5,Holding,6095622.000
5444.000,2008/3/6,Holding,6145285.000
5445.000,2008/3/7,Holding,5824544.000
5446.000,2008/3/10,Holding,5468625.000
5447.000,2008/3/11,Holding,5812128.000
5448.000,2008/3/12,Holding,5750049.000
5449.000,2008/3/13,Holding,5491387.500
5450.000,2008/3/14,Holding,5516218.500
5451.000,2008/3/17,Holding,5468625.000
5452.000,2008/3/18,Holding,5307219.500
5453.000,2008/3/19,Holding,5478971.000
5454.000,2008/3/20,Holding,5615545.000
5455.000,2008/3/21,Holding,5998365.000
5456.000,2008/3/24,Holding,6466027.000
5457.000,2008/3/25,Holding,6145285.000
5458.000,2008/3/26,Holding,6170117.000
5459.000,2008/3/27,Holding,6021127.500
5460.000,2008/3/28,Holding,6108037.500
5461.000,2008/3/31,Holding,6257027.000
5462.000,2008/4/1,Holding,5936286.000
5463.000,2008/4/2,Holding,5911455.000
5464.000,2008/4/3,Holding,6058375.000
5465.000,2008/4/7,Holding,5899039.000
5466.000,2008/4/8,Holding,5652792.500
5467.000,2008/4/9,Holding,5640376.500
5468.000,2008/4/10,Holding,5762465.000
5469.000,2008/4/11,Holding,5714871.500
5470.000,2008/4/14,Holding,5936286.000
5471.000,2008/4/15,Holding,6232196.000
5472.000,2008/4/16,Holding,6207364.500
5473.000,2008/4/17,Holding,5985949.000
5474.000,2008/4/18,Holding,5899039.000
5475.000,2008/4/21,Holding,5774881.000
5476.000,2008/4/22,Holding,5615545.000
5477.000,2008/4/23,Holding,5528634.500
5478.000,2008/4/24,Holding,5677624.000
5479.000,2008/4/25,Holding,5640376.500
5480.000,2008/4/28,Holding,5727286.500
5481.000,2008/4/29,Holding,5282388.000
5482.000,2008/4/30,Sell,5098220.500
5483.000,2008/5/2,Waiting,5098220.500
5484.000,2008/5/5,Waiting,5098220.500
5485.000,2008/5/6,Waiting,5098220.500
5486.000,2008/5/7,Waiting,5098220.500
5487.000,2008/5/8,Waiting,5098220.500
5488.000,2008/5/9,Waiting,5098220.500
5489.000,2008/5/12,Waiting,5098220.500
5490.000,2008/5/13,Waiting,5098220.500
5491.000,2008/5/14,Waiting,5098220.500
5492.000,2008/5/15,Waiting,5098220.500
5493.000,2008/5/16,Waiting,5098220.500
5494.000,2008/5/19,Waiting,5098220.500
5495.000,2008/5/20,Waiting,5098220.500
5496.000,2008/5/21,Waiting,5098220.500
5497.000,2008/5/22,Waiting,5098220.500
5498.000,2008/5/23,Waiting,5098220.500
5499.000,2008/5/26,Waiting,5098220.500
5500.000,2008/5/27,Waiting,5098220.500
5501.000,2008/5/28,Waiting,5098220.500
5502.000,2008/5/29,Waiting,5098220.500
5503.000,2008/5/30,Waiting,5098220.500
5504.000,2008/6/2,Waiting,5098220.500
5505.000,2008/6/3,Waiting,5098220.500
5506.000,2008/6/4,Waiting,5098220.500
5507.000,2008/6/5,Waiting,5098220.500
5508.000,2008/6/6,Waiting,5098220.500
5509.000,2008/6/9,Waiting,5098220.500
5510.000,2008/6/10,Waiting,5098220.500
5511.000,2008/6/11,Waiting,5098220.500
5512.000,2008/6/12,Waiting,5098220.500
5513.000,2008/6/13,Waiting,5098220.500
5514.000,2008/6/16,Waiting,5098220.500
5515.000,2008/6/17,Waiting,5098220.500
5516.000,2008/6/18,Waiting,5098220.500
5517.000,2008/6/19,Waiting,5098220.500
5518.000,2008/6/20,Waiting,5098220.500
5519.000,2008/6/23,Waiting,5098220.500
5520.000,2008/6/24,Waiting,5098220.500
5521.000,2008/6/25,Waiting,5098220.500
5522.000,2008/6/26,Waiting,5098220.500
5523.000,2008/6/27,Waiting,5098220.500
5524.000,2008/6/30,Waiting,5098220.500
5525.000,2008/7/1,Waiting,5098220.500
5526.000,2008/7/2,Waiting,5098220.500
5527.000,2008/7/3,Waiting,5098220.500
5528.000,2008/7/4,Waiting,5098220.500
5529.000,2008/7/7,Waiting,5098220.500
5530.000,2008/7/8,Waiting,5098220.500
5531.000,2008/7/9,Waiting,5098220.500
5532.000,2008/7/10,Waiting,5098220.500
5533.000,2008/7/11,Waiting,5098220.500
5534.000,2008/7/14,Waiting,5098220.500
5535.000,2008/7/15,Waiting,5098220.500
5536.000,2008/7/16,Waiting,5098220.500
5537.000,2008/7/17,Waiting,5098220.500
5538.000,2008/7/18,Waiting,5098220.500
5539.000,2008/7/21,Waiting,5098220.500
5540.000,2008/7/22,Waiting,5098220.500
5541.000,2008/7/23,Waiting,5098220.500
5542.000,2008/7/24,Waiting,5098220.500
5543.000,2008/7/25,Waiting,5098220.500
5544.000,2008/7/29,Waiting,5098220.500
5545.000,2008/7/30,Waiting,5098220.500
5546.000,2008/7/31,Waiting,5098220.500
5547.000,2008/8/1,Waiting,5098220.500
5548.000,2008/8/4,Waiting,5098220.500
5549.000,2008/8/5,Waiting,5098220.500
5550.000,2008/8/6,Waiting,5098220.500
5551.000,2008/8/7,Waiting,5098220.500
5552.000,2008/8/8,Waiting,5098220.500
5553.000,2008/8/11,Waiting,5098220.500
5554.000,2008/8/12,Waiting,5098220.500
5555.000,2008/8/13,Waiting,5098220.500
5556.000,2008/8/14,Waiting,5098220.500
5557.000,2008/8/15,Waiting,5098220.500
5558.000,2008/8/18,Waiting,5098220.500
5559.000,2008/8/19,Waiting,5098220.500
5560.000,2008/8/20,Waiting,5098220.500
5561.000,2008/8/21,Waiting,5098220.500
5562.000,2008/8/22,Waiting,5098220.500
5563.000,2008/8/25,Waiting,5098220.500
5564.000,2008/8/26,Waiting,5098220.500
5565.000,2008/8/27,Waiting,5098220.500
5566.000,2008/8/28,Waiting,5098220.500
5567.000,2008/8/29,Waiting,5098220.500
5568.000,2008/9/1,Waiting,5098220.500
5569.000,2008/9/2,Waiting,5098220.500
5570.000,2008/9/3,Waiting,5098220.500
5571.000,2008/9/4,Waiting,5098220.500
5572.000,2008/9/5,Waiting,5098220.500
5573.000,2008/9/8,Waiting,5098220.500
5574.000,2008/9/9,Waiting,5098220.500
5575.000,2008/9/10,Waiting,5098220.500
5576.000,2008/9/11,Waiting,5098220.500
5577.000,2008/9/12,Waiting,5098220.500
5578.000,2008/9/15,Waiting,5098220.500
5579.000,2008/9/16,Waiting,5098220.500
5580.000,2008/9/17,Waiting,5098220.500
5581.000,2008/9/18,Waiting,5098220.500
5582.000,2008/9/19,Waiting,5098220.500
5583.000,2008/9/22,Waiting,5098220.500
5584.000,2008/9/23,Waiting,5098220.500
5585.000,2008/9/24,Waiting,5098220.500
5586.000,2008/9/25,Waiting,5098220.500
5587.000,2008/9/26,Waiting,5098220.500
5588.000,2008/9/30,Waiting,5098220.500
5589.000,2008/10/1,Waiting,5098220.500
5590.000,2008/10/2,Waiting,5098220.500
5591.000,2008/10/3,Waiting,5098220.500
5592.000,2008/10/6,Waiting,5098220.500
5593.000,2008/10/7,Waiting,5098220.500
5594.000,2008/10/8,Waiting,5098220.500
5595.000,2008/10/9,Waiting,5098220.500
5596.000,2008/10/13,Waiting,5098220.500
5597.000,2008/10/14,Waiting,5098220.500
5598.000,2008/10/15,Waiting,5098220.500
5599.000,2008/10/16,Waiting,5098220.500
5600.000,2008/10/17,Waiting,5098220.500
5601.000,2008/10/20,Waiting,5098220.500
5602.000,2008/10/21,Waiting,5098220.500
5603.000,2008/10/22,Waiting,5098220.500
5604.000,2008/10/23,Waiting,5098220.500
5605.000,2008/10/24,Waiting,5098220.500
5606.000,2008/10/27,Waiting,5098220.500
5607.000,2008/10/28,Waiting,5098220.500
5608.000,2008/10/29,Waiting,5098220.500
5609.000,2008/10/30,Waiting,5098220.500
5610.000,2008/10/31,Waiting,5098220.500
5611.000,2008/11/3,Waiting,5098220.500
5612.000,2008/11/4,Waiting,5098220.500
5613.000,2008/11/5,Waiting,5098220.500
5614.000,2008/11/6,Waiting,5098220.500
5615.000,2008/11/7,Waiting,5098220.500
5616.000,2008/11/10,Waiting,5098220.500
5617.000,2008/11/11,Waiting,5098220.500
5618.000,2008/11/12,Waiting,5098220.500
5619.000,2008/11/13,Waiting,5098220.500
5620.000,2008/11/14,Waiting,5098220.500
5621.000,2008/11/17,Waiting,5098220.500
5622.000,2008/11/18,Waiting,5098220.500
5623.000,2008/11/19,Waiting,5098220.500
5624.000,2008/11/20,Waiting,5098220.500
5625.000,2008/11/21,Waiting,5098220.500
5626.000,2008/11/24,Waiting,5098220.500
5627.000,2008/11/25,Waiting,5098220.500
5628.000,2008/11/26,Waiting,5098220.500
5629.000,2008/11/27,Waiting,5098220.500
5630.000,2008/11/28,Waiting,5098220.500
5631.000,2008/12/1,Waiting,5098220.500
5632.000,2008/12/2,Waiting,5098220.500
5633.000,2008/12/3,Waiting,5098220.500
5634.000,2008/12/4,Waiting,5098220.500
5635.000,2008/12/5,Waiting,5098220.500
5636.000,2008/12/8,Waiting,5098220.500
5637.000,2008/12/9,Waiting,5098220.500
5638.000,2008/12/10,Waiting,5098220.500
5639.000,2008/12/11,Waiting,5098220.500
5640.000,2008/12/12,Waiting,5098220.500
5641.000,2008/12/15,Waiting,5098220.500
5642.000,2008/12/16,Waiting,5098220.500
5643.000,2008/12/17,Waiting,5098220.500
5644.000,2008/12/18,Waiting,5098220.500
5645.000,2008/12/19,Waiting,5098220.500
5646.000,2008/12/22,Waiting,5098220.500
5647.000,2008/12/23,Waiting,5098220.500
5648.000,2008/12/24,Waiting,5098220.500
5649.000,2008/12/25,Waiting,5098220.500
5650.000,2008/12/26,Waiting,5098220.500
5651.000,2008/12/29,Waiting,5098220.500
5652.000,2008/12/30,Waiting,5098220.500
5653.000,2008/12/31,Waiting,5098220.500
5654.000,2009/1/5,Waiting,5098220.500
5655.000,2009/1/6,Waiting,5098220.500
5656.000,2009/1/7,Waiting,5098220.500
5657.000,2009/1/8,Waiting,5098220.500
5658.000,2009/1/9,Waiting,5098220.500
5659.000,2009/1/10,Waiting,5098220.500
5660.000,2009/1/12,Waiting,5098220.500
5661.000,2009/1/13,Waiting,5098220.500
5662.000,2009/1/14,Waiting,5098220.500
5663.000,2009/1/15,Waiting,5098220.500
5664.000,2009/1/16,Waiting,5098220.500
5665.000,2009/1/17,Waiting,5098220.500
5666.000,2009/1/19,Waiting,5098220.500
5667.000,2009/1/20,Waiting,5098220.500
5668.000,2009/1/21,Waiting,5098220.500
5669.000,2009/2/2,Waiting,5098220.500
5670.000,2009/2/3,Waiting,5098220.500
5671.000,2009/2/4,Waiting,5098220.500
5672.000,2009/2/5,Waiting,5098220.500
5673.000,2009/2/6,Waiting,5098220.500
5674.000,2009/2/9,Waiting,5098220.500
5675.000,2009/2/10,Waiting,5098220.500
5676.000,2009/2/11,Waiting,5098220.500
5677.000,2009/2/12,Waiting,5098220.500
5678.000,2009/2/13,Waiting,5098220.500
5679.000,2009/2/16,Waiting,5098220.500
5680.000,2009/2/17,Waiting,5098220.500
5681.000,2009/2/18,Waiting,5098220.500
5682.000,2009/2/19,Waiting,5098220.500
5683.000,2009/2/20,Waiting,5098220.500
5684.000,2009/2/23,Waiting,5098220.500
5685.000,2009/2/24,Buy,5098220.500
5686.000,2009/2/25,Holding,5124139.500
5687.000,2009/2/26,Holding,5157462.500
5688.000,2009/2/27,Holding,5124139.500
5689.000,2009/3/2,Holding,4842739.500
5690.000,2009/3/3,Holding,4913089.500
5691.000,2009/3/4,Holding,5146355.000
5692.000,2009/3/5,Holding,5401836.000
5693.000,2009/3/6,Holding,5309270.500
5694.000,2009/3/9,Holding,5298162.500
5695.000,2009/3/10,Holding,5287054.500
5696.000,2009/3/11,Holding,5357404.500
5697.000,2009/3/12,Holding,5287054.500
5698.000,2009/3/13,Holding,5472185.500
5699.000,2009/3/16,Holding,5731369.500
5700.000,2009/3/17,Holding,5705451.000
5701.000,2009/3/18,Holding,5612885.500
5702.000,2009/3/19,Holding,5542535.500
5703.000,2009/3/20,Holding,5438862.000
5704.000,2009/3/23,Holding,5661019.500
5705.000,2009/3/24,Holding,5938716.000
5706.000,2009/3/25,Holding,5964634.500
5707.000,2009/3/26,Holding,5812827.000
5708.000,2009/3/27,Holding,5731369.500
5709.000,2009/3/30,Holding,5438862.000
5710.000,2009/3/31,Holding,5531427.500
5711.000,2009/4/1,Holding,5872069.000
5712.000,2009/4/2,Holding,6068308.000
5713.000,2009/4/3,Holding,6257142.000
5714.000,2009/4/6,Holding,6290466.000
5715.000,2009/4/7,Holding,6175684.000
5716.000,2009/4/8,Holding,6034984.500
5717.000,2009/4/9,Holding,6501515.000
5718.000,2009/4/10,Holding,6934722.000
5719.000,2009/4/13,Holding,7038395.000
5720.000,2009/4/14,Holding,7086529.500
5721.000,2009/4/15,Holding,7060611.500
5722.000,2009/4/16,Holding,7297579.000
5723.000,2009/4/17,Holding,6723672.500
5724.000,2009/4/20,Holding,6534839.000
5725.000,2009/4/21,Holding,6838454.000
5726.000,2009/4/22,Holding,6945829.500
5727.000,2009/4/23,Holding,6816238.000
5728.000,2009/4/24,Holding,6653322.500
5729.000,2009/4/27,Holding,6431165.000
5730.000,2009/4/28,Holding,5986850.500
5731.000,2009/4/29,Holding,5905392.500
5732.000,2009/4/30,Holding,6383031.000
5733.000,2009/5/4,Holding,6897696.000
5734.000,2009/5/5,Holding,7412360.000
5735.000,2009/5/6,Holding,7530845.000
5736.000,2009/5/7,Holding,7108745.000
5737.000,2009/5/8,Holding,7005072.000
5738.000,2009/5/11,Holding,7201311.000
5739.000,2009/5/12,Holding,6923614.000
5740.000,2009/5/13,Holding,6712564.500
5741.000,2009/5/14,Holding,6383031.000
5742.000,2009/5/15,Holding,6605189.000
5743.000,2009/5/18,Holding,6945829.500
5744.000,2009/5/19,Holding,6771806.500
5745.000,2009/5/20,Holding,6675538.000
5746.000,2009/5/21,Holding,6771806.500
5747.000,2009/5/22,Holding,6686646.000
5748.000,2009/5/25,Holding,6756996.500
5749.000,2009/5/26,Holding,6642214.500
5750.000,2009/5/27,Holding,6945829.500
5751.000,2009/6/1,Holding,7060611.500
5752.000,2009/6/2,Holding,6945829.500
5753.000,2009/6/3,Holding,6616296.000
5754.000,2009/6/4,Holding,6479299.500
5755.000,2009/6/5,Holding,6408949.500
5756.000,2009/6/6,Holding,6512623.000
5757.000,2009/6/8,Holding,6290466.000
5758.000,2009/6/9,Holding,5975742.500
5759.000,2009/6/10,Sell,6046092.500
5760.000,2009/6/11,Waiting,6046092.500
5761.000,2009/6/12,Waiting,6046092.500
5762.000,2009/6/15,Waiting,6046092.500
5763.000,2009/6/16,Waiting,6046092.500
5764.000,2009/6/17,Waiting,6046092.500
5765.000,2009/6/18,Waiting,6046092.500
5766.000,2009/6/19,Waiting,6046092.500
5767.000,2009/6/22,Waiting,6046092.500
5768.000,2009/6/23,Waiting,6046092.500
5769.000,2009/6/24,Waiting,6046092.500
5770.000,2009/6/25,Waiting,6046092.500
5771.000,2009/6/26,Waiting,6046092.500
5772.000,2009/6/29,Waiting,6046092.500
5773.000,2009/6/30,Waiting,6046092.500
5774.000,2009/7/1,Waiting,6046092.500
5775.000,2009/7/2,Waiting,6046092.500
5776.000,2009/7/3,Waiting,6046092.500
5777.000,2009/7/6,Waiting,6046092.500
5778.000,2009/7/7,Waiting,6046092.500
5779.000,2009/7/8,Waiting,6046092.500
5780.000,2009/7/9,Waiting,6046092.500
5781.000,2009/7/10,Waiting,6046092.500
5782.000,2009/7/13,Waiting,6046092.500
5783.000,2009/7/14,Waiting,6046092.500
5784.000,2009/7/15,Waiting,6046092.500
5785.000,2009/7/16,Waiting,6046092.500
5786.000,2009/7/17,Waiting,6046092.500
5787.000,2009/7/20,Waiting,6046092.500
5788.000,2009/7/21,Waiting,6046092.500
5789.000,2009/7/22,Waiting,6046092.500
5790.000,2009/7/23,Waiting,6046092.500
5791.000,2009/7/24,Buy,6046092.500
5792.000,2009/7/27,Holding,6098093.000
5793.000,2009/7/28,Holding,6127343.500
5794.000,2009/7/29,Holding,6065592.500
5795.000,2009/7/30,Holding,6137093.500
5796.000,2009/7/31,Holding,6127343.500
5797.000,2009/8/3,Holding,6137093.500
5798.000,2009/8/4,Holding,6341846.500
5799.000,2009/8/5,Holding,6536849.000
5800.000,2009/8/6,Holding,6631100.000
5801.000,2009/8/10,Holding,6855353.000
5802.000,2009/8/11,Holding,6774102.000
5803.000,2009/8/12,Holding,6608349.500
5804.000,2009/8/13,Holding,6588849.500
5805.000,2009/8/14,Holding,6835853.000
5806.000,2009/8/17,Holding,6647350.500
5807.000,2009/8/18,Holding,6520598.500
5808.000,2009/8/19,Holding,6361346.500
5809.000,2009/8/20,Holding,6351596.500
5810.000,2009/8/21,Holding,6033092.000
5811.000,2009/8/24,Holding,6351596.500
5812.000,2009/8/25,Holding,6371097.000
5813.000,2009/8/26,Holding,6244345.500
5814.000,2009/8/27,Holding,6254095.000
5815.000,2009/8/28,Holding,6413347.000
5816.000,2009/8/31,Holding,6585599.500
5817.000,2009/9/1,Holding,6595350.000
5818.000,2009/9/2,Holding,6543348.500
5819.000,2009/9/3,Holding,6543348.500
5820.000,2009/9/4,Holding,6520598.500
5821.000,2009/9/7,Holding,6605099.500
5822.000,2009/9/8,Holding,6562849.500
5823.000,2009/9/9,Holding,6722101.500
5824.000,2009/9/10,Holding,6904103.500
5825.000,2009/9/11,Holding,6796852.000
5826.000,2009/9/14,Holding,6637600.000
5827.000,2009/9/15,Holding,6722101.500
5828.000,2009/9/16,Holding,6647350.500
5829.000,2009/9/17,Holding,6647350.500
5830.000,2009/9/18,Holding,6754602.000
5831.000,2009/9/21,Holding,6754602.000
5832.000,2009/9/22,Holding,6754602.000
5833.000,2009/9/23,Holding,6637600.000
5834.000,2009/9/24,Holding,6647350.500
5835.000,2009/9/25,Holding,6543348.500
5836.000,2009/9/28,Holding,6478348.000
5837.000,2009/9/29,Holding,6585599.500
5838.000,2009/9/30,Holding,6670100.500
5839.000,2009/10/1,Holding,6904103.500
5840.000,2009/10/2,Holding,6861853.000
5841.000,2009/10/5,Holding,6735101.000
5842.000,2009/10/6,Holding,6777352.000
5843.000,2009/10/7,Holding,6965854.500
5844.000,2009/10/8,Holding,6777352.000
5845.000,2009/10/9,Holding,6904103.500
5846.000,2009/10/12,Holding,6904103.500
5847.000,2009/10/13,Holding,6735101.000
5848.000,2009/10/14,Holding,6787102.000
5849.000,2009/10/15,Holding,6796852.000
5850.000,2009/10/16,Holding,6829352.500
5851.000,2009/10/19,Holding,6904103.500
5852.000,2009/10/20,Holding,7021105.000
5853.000,2009/10/21,Holding,6998355.000
5854.000,2009/10/22,Holding,6754602.000
5855.000,2009/10/23,Holding,6754602.000
5856.000,2009/10/26,Holding,6819602.500
5857.000,2009/10/27,Holding,6627850.000
5858.000,2009/10/28,Holding,6436097.000
5859.000,2009/10/29,Sell,6319096.000
5860.000,2009/10/30,Waiting,6319096.000
5861.000,2009/11/2,Waiting,6319096.000
5862.000,2009/11/3,Waiting,6319096.000
5863.000,2009/11/4,Waiting,6319096.000
5864.000,2009/11/5,Waiting,6319096.000
5865.000,2009/11/6,Waiting,6319096.000
5866.000,2009/11/9,Waiting,6319096.000
5867.000,2009/11/10,Waiting,6319096.000
5868.000,2009/11/11,Waiting,6319096.000
5869.000,2009/11/12,Waiting,6319096.000
5870.000,2009/11/13,Waiting,6319096.000
5871.000,2009/11/16,Waiting,6319096.000
5872.000,2009/11/17,Waiting,6319096.000
5873.000,2009/11/18,Waiting,6319096.000
5874.000,2009/11/19,Waiting,6319096.000
5875.000,2009/11/20,Waiting,6319096.000
5876.000,2009/11/23,Waiting,6319096.000
5877.000,2009/11/24,Waiting,6319096.000
5878.000,2009/11/25,Waiting,6319096.000
5879.000,2009/11/26,Waiting,6319096.000
5880.000,2009/11/27,Waiting,6319096.000
5881.000,2009/11/30,Waiting,6319096.000
5882.000,2009/12/1,Waiting,6319096.000
5883.000,2009/12/2,Waiting,6319096.000
5884.000,2009/12/3,Waiting,6319096.000
5885.000,2009/12/4,Waiting,6319096.000
5886.000,2009/12/7,Waiting,6319096.000
5887.000,2009/12/8,Waiting,6319096.000
5888.000,2009/12/9,Waiting,6319096.000
5889.000,2009/12/10,Waiting,6319096.000
5890.000,2009/12/11,Waiting,6319096.000
5891.000,2009/12/14,Waiting,6319096.000
5892.000,2009/12/15,Waiting,6319096.000
5893.000,2009/12/16,Waiting,6319096.000
5894.000,2009/12/17,Waiting,6319096.000
5895.000,2009/12/18,Waiting,6319096.000
5896.000,2009/12/21,Waiting,6319096.000
5897.000,2009/12/22,Waiting,6319096.000
5898.000,2009/12/23,Waiting,6319096.000
5899.000,2009/12/24,Waiting,6319096.000
5900.000,2009/12/25,Waiting,6319096.000
5901.000,2009/12/28,Waiting,6319096.000
5902.000,2009/12/29,Waiting,6319096.000
5903.000,2009/12/30,Waiting,6319096.000
5904.000,2009/12/31,Waiting,6319096.000
5905.000,2010/1/4,Waiting,6319096.000
5906.000,2010/1/5,Waiting,6319096.000
5907.000,2010/1/6,Waiting,6319096.000
5908.000,2010/1/7,Buy,6319096.000
5909.000,2010/1/8,Holding,6287602.500
5910.000,2010/1/11,Holding,6155329.500
5911.000,2010/1/12,Sell,6114388.000
5912.000,2010/1/13,Waiting,6114388.000
5913.000,2010/1/14,Waiting,6114388.000
5914.000,2010/1/15,Waiting,6114388.000
5915.000,2010/1/18,Waiting,6114388.000
5916.000,2010/1/19,Waiting,6114388.000
5917.000,2010/1/20,Waiting,6114388.000
5918.000,2010/1/21,Waiting,6114388.000
5919.000,2010/1/22,Waiting,6114388.000
5920.000,2010/1/25,Waiting,6114388.000
5921.000,2010/1/26,Waiting,6114388.000
5922.000,2010/1/27,Waiting,6114388.000
5923.000,2010/1/28,Waiting,6114388.000
5924.000,2010/1/29,Waiting,6114388.000
5925.000,2010/2/1,Waiting,6114388.000
5926.000,2010/2/2,Waiting,6114388.000
5927.000,2010/2/3,Waiting,6114388.000
5928.000,2010/2/4,Waiting,6114388.000
5929.000,2010/2/5,Waiting,6114388.000
5930.000,2010/2/6,Waiting,6114388.000
5931.000,2010/2/8,Waiting,6114388.000
5932.000,2010/2/9,Waiting,6114388.000
5933.000,2010/2/10,Waiting,6114388.000
5934.000,2010/2/22,Waiting,6114388.000
5935.000,2010/2/23,Waiting,6114388.000
5936.000,2010/2/24,Waiting,6114388.000
5937.000,2010/2/25,Waiting,6114388.000
5938.000,2010/2/26,Waiting,6114388.000
5939.000,2010/3/1,Waiting,6114388.000
5940.000,2010/3/2,Waiting,6114388.000
5941.000,2010/3/3,Waiting,6114388.000
5942.000,2010/3/4,Waiting,6114388.000
5943.000,2010/3/5,Waiting,6114388.000
5944.000,2010/3/8,Waiting,6114388.000
5945.000,2010/3/9,Waiting,6114388.000
5946.000,2010/3/10,Waiting,6114388.000
5947.000,2010/3/11,Waiting,6114388.000
5948.000,2010/3/12,Waiting,6114388.000
5949.000,2010/3/15,Waiting,6114388.000
5950.000,2010/3/16,Waiting,6114388.000
5951.000,2010/3/17,Waiting,6114388.000
5952.000,2010/3/18,Waiting,6114388.000
5953.000,2010/3/19,Waiting,6114388.000
5954.000,2010/3/22,Waiting,6114388.000
5955.000,2010/3/23,Waiting,6114388.000
5956.000,2010/3/24,Waiting,6114388.000
5957.000,2010/3/25,Waiting,6114388.000
5958.000,2010/3/26,Waiting,6114388.000
5959.000,2010/3/29,Waiting,6114388.000
5960.000,2010/3/30,Waiting,6114388.000
5961.000,2010/3/31,Waiting,6114388.000
5962.000,2010/4/1,Waiting,6114388.000
5963.000,2010/4/2,Waiting,6114388.000
5964.000,2010/4/6,Waiting,6114388.000
5965.000,2010/4/7,Waiting,6114388.000
5966.000,2010/4/8,Waiting,6114388.000
5967.000,2010/4/9,Waiting,6114388.000
5968.000,2010/4/12,Waiting,6114388.000
5969.000,2010/4/13,Waiting,6114388.000
5970.000,2010/4/14,Waiting,6114388.000
5971.000,2010/4/15,Waiting,6114388.000
5972.000,2010/4/16,Waiting,6114388.000
5973.000,2010/4/19,Waiting,6114388.000
5974.000,2010/4/20,Waiting,6114388.000
5975.000,2010/4/21,Waiting,6114388.000
5976.000,2010/4/22,Waiting,6114388.000
5977.000,2010/4/23,Waiting,6114388.000
5978.000,2010/4/26,Waiting,6114388.000
5979.000,2010/4/27,Waiting,6114388.000
5980.000,2010/4/28,Waiting,6114388.000
5981.000,2010/4/29,Waiting,6114388.000
5982.000,2010/4/30,Waiting,6114388.000
5983.000,2010/5/3,Waiting,6114388.000
5984.000,2010/5/4,Waiting,6114388.000
5985.000,2010/5/5,Waiting,6114388.000
5986.000,2010/5/6,Waiting,6114388.000
5987.000,2010/5/7,Waiting,6114388.000
5988.000,2010/5/10,Waiting,6114388.000
5989.000,2010/5/11,Waiting,6114388.000
5990.000,2010/5/12,Waiting,6114388.000
5991.000,2010/5/13,Waiting,6114388.000
5992.000,2010/5/14,Waiting,6114388.000
5993.000,2010/5/17,Waiting,6114388.000
5994.000,2010/5/18,Waiting,6114388.000
5995.000,2010/5/19,Waiting,6114388.000
5996.000,2010/5/20,Waiting,6114388.000
5997.000,2010/5/21,Waiting,6114388.000
5998.000,2010/5/24,Waiting,6114388.000
5999.000,2010/5/25,Waiting,6114388.000
6000.000,2010/5/26,Waiting,6114388.000
6001.000,2010/5/27,Waiting,6114388.000
6002.000,2010/5/28,Waiting,6114388.000
6003.000,2010/5/31,Waiting,6114388.000
6004.000,2010/6/1,Waiting,6114388.000
6005.000,2010/6/2,Waiting,6114388.000
6006.000,2010/6/3,Waiting,6114388.000
6007.000,2010/6/4,Waiting,6114388.000
6008.000,2010/6/7,Waiting,6114388.000
6009.000,2010/6/8,Waiting,6114388.000
6010.000,2010/6/9,Waiting,6114388.000
6011.000,2010/6/10,Waiting,6114388.000
6012.000,2010/6/11,Waiting,6114388.000
6013.000,2010/6/14,Waiting,6114388.000
6014.000,2010/6/15,Waiting,6114388.000
6015.000,2010/6/17,Waiting,6114388.000
6016.000,2010/6/18,Waiting,6114388.000
6017.000,2010/6/21,Waiting,6114388.000
6018.000,2010/6/22,Waiting,6114388.000
6019.000,2010/6/23,Waiting,6114388.000
6020.000,2010/6/24,Waiting,6114388.000
6021.000,2010/6/25,Waiting,6114388.000
6022.000,2010/6/28,Waiting,6114388.000
6023.000,2010/6/29,Waiting,6114388.000
6024.000,2010/6/30,Waiting,6114388.000
6025.000,2010/7/1,Waiting,6114388.000
6026.000,2010/7/2,Waiting,6114388.000
6027.000,2010/7/5,Waiting,6114388.000
6028.000,2010/7/6,Waiting,6114388.000
6029.000,2010/7/7,Waiting,6114388.000
6030.000,2010/7/8,Waiting,6114388.000
6031.000,2010/7/9,Waiting,6114388.000
6032.000,2010/7/12,Waiting,6114388.000
6033.000,2010/7/13,Waiting,6114388.000
6034.000,2010/7/14,Waiting,6114388.000
6035.000,2010/7/15,Waiting,6114388.000
6036.000,2010/7/16,Waiting,6114388.000
6037.000,2010/7/19,Waiting,6114388.000
6038.000,2010/7/20,Waiting,6114388.000
6039.000,2010/7/21,Waiting,6114388.000
6040.000,2010/7/22,Waiting,6114388.000
6041.000,2010/7/23,Waiting,6114388.000
6042.000,2010/7/26,Waiting,6114388.000
6043.000,2010/7/27,Waiting,6114388.000
6044.000,2010/7/28,Waiting,6114388.000
6045.000,2010/7/29,Waiting,6114388.000
6046.000,2010/7/30,Waiting,6114388.000
6047.000,2010/8/2,Waiting,6114388.000
6048.000,2010/8/3,Waiting,6114388.000
6049.000,2010/8/4,Waiting,6114388.000
6050.000,2010/8/5,Waiting,6114388.000
6051.000,2010/8/6,Waiting,6114388.000
6052.000,2010/8/9,Waiting,6114388.000
6053.000,2010/8/10,Waiting,6114388.000
6054.000,2010/8/11,Waiting,6114388.000
6055.000,2010/8/12,Waiting,6114388.000
6056.000,2010/8/13,Waiting,6114388.000
6057.000,2010/8/16,Waiting,6114388.000
6058.000,2010/8/17,Waiting,6114388.000
6059.000,2010/8/18,Waiting,6114388.000
6060.000,2010/8/19,Waiting,6114388.000
6061.000,2010/8/20,Waiting,6114388.000
6062.000,2010/8/23,Waiting,6114388.000
6063.000,2010/8/24,Waiting,6114388.000
6064.000,2010/8/25,Waiting,6114388.000
6065.000,2010/8/26,Waiting,6114388.000
6066.000,2010/8/27,Waiting,6114388.000
6067.000,2010/8/30,Waiting,6114388.000
6068.000,2010/8/31,Waiting,6114388.000
6069.000,2010/9/1,Waiting,6114388.000
6070.000,2010/9/2,Waiting,6114388.000
6071.000,2010/9/3,Waiting,6114388.000
6072.000,2010/9/6,Waiting,6114388.000
6073.000,2010/9/7,Waiting,6114388.000
6074.000,2010/9/8,Waiting,6114388.000
6075.000,2010/9/9,Waiting,6114388.000
6076.000,2010/9/10,Waiting,6114388.000
6077.000,2010/9/13,Waiting,6114388.000
6078.000,2010/9/14,Waiting,6114388.000
6079.000,2010/9/15,Waiting,6114388.000
6080.000,2010/9/16,Waiting,6114388.000
6081.000,2010/9/17,Waiting,6114388.000
6082.000,2010/9/20,Waiting,6114388.000
6083.000,2010/9/21,Waiting,6114388.000
6084.000,2010/9/23,Waiting,6114388.000
6085.000,2010/9/24,Waiting,6114388.000
6086.000,2010/9/27,Waiting,6114388.000
6087.000,2010/9/28,Waiting,6114388.000
6088.000,2010/9/29,Waiting,6114388.000
6089.000,2010/9/30,Waiting,6114388.000
6090.000,2010/10/1,Waiting,6114388.000
6091.000,2010/10/4,Waiting,6114388.000
6092.000,2010/10/5,Waiting,6114388.000
6093.000,2010/10/6,Waiting,6114388.000
6094.000,2010/10/7,Waiting,6114388.000
6095.000,2010/10/8,Waiting,6114388.000
6096.000,2010/10/11,Waiting,6114388.000
6097.000,2010/10/12,Waiting,6114388.000
6098.000,2010/10/13,Waiting,6114388.000
6099.000,2010/10/14,Waiting,6114388.000
6100.000,2010/10/15,Waiting,6114388.000
6101.000,2010/10/18,Waiting,6114388.000
6102.000,2010/10/19,Waiting,6114388.000
6103.000,2010/10/20,Waiting,6114388.000
6104.000,2010/10/21,Waiting,6114388.000
6105.000,2010/10/22,Waiting,6114388.000
6106.000,2010/10/25,Waiting,6114388.000
6107.000,2010/10/26,Waiting,6114388.000
6108.000,2010/10/27,Waiting,6114388.000
6109.000,2010/10/28,Waiting,6114388.000
6110.000,2010/10/29,Waiting,6114388.000
6111.000,2010/11/1,Waiting,6114388.000
6112.000,2010/11/2,Buy,6114388.000
6113.000,2010/11/3,Holding,6254723.500
6114.000,2010/11/4,Holding,6254723.500
6115.000,2010/11/5,Holding,6212012.500
6116.000,2010/11/8,Holding,6294383.500
6117.000,2010/11/9,Holding,6254723.500
6118.000,2010/11/10,Holding,6273028.000
6119.000,2010/11/11,Holding,6190657.000
6120.000,2010/11/12,Holding,6062525.000
6121.000,2010/11/15,Holding,5861174.500
6122.000,2010/11/16,Holding,5891682.000
6123.000,2010/11/17,Holding,5848971.500
6124.000,2010/11/18,Holding,5839819.000
6125.000,2010/11/19,Holding,5784905.000
6126.000,2010/11/22,Sell,5839819.000
6127.000,2010/11/23,Waiting,5839819.000
6128.000,2010/11/24,Waiting,5839819.000
6129.000,2010/11/25,Waiting,5839819.000
6130.000,2010/11/26,Waiting,5839819.000
6131.000,2010/11/29,Waiting,5839819.000
6132.000,2010/11/30,Waiting,5839819.000
6133.000,2010/12/1,Waiting,5839819.000
6134.000,2010/12/2,Waiting,5839819.000
6135.000,2010/12/3,Waiting,5839819.000
6136.000,2010/12/6,Waiting,5839819.000
6137.000,2010/12/7,Waiting,5839819.000
6138.000,2010/12/8,Buy,5839819.000
6139.000,2010/12/9,Holding,5759215.000
6140.000,2010/12/10,Holding,5759215.000
6141.000,2010/12/13,Holding,5727549.500
6142.000,2010/12/14,Holding,5667096.000
6143.000,2010/12/15,Holding,5727549.500
6144.000,2010/12/16,Holding,5667096.000
6145.000,2010/12/17,Holding,5727549.500
6146.000,2010/12/20,Holding,5655581.500
6147.000,2010/12/21,Holding,5687247.000
6148.000,2010/12/22,Holding,5687247.000
6149.000,2010/12/23,Holding,5811032.000
6150.000,2010/12/24,Holding,5678611.500
6151.000,2010/12/27,Holding,5606643.500
6152.000,2010/12/28,Sell,5574977.500
6153.000,2010/12/29,Waiting,5574977.500
6154.000,2010/12/30,Waiting,5574977.500
6155.000,2010/12/31,Waiting,5574977.500
6156.000,2011/1/3,Waiting,5574977.500
6157.000,2011/1/4,Buy,5574977.500
6158.000,2011/1/5,Holding,5426565.000
6159.000,2011/1/6,Sell,5426565.000
6160.000,2011/1/7,Waiting,5426565.000
6161.000,2011/1/10,Waiting,5426565.000
6162.000,2011/1/11,Waiting,5426565.000
6163.000,2011/1/12,Waiting,5426565.000
6164.000,2011/1/13,Waiting,5426565.000
6165.000,2011/1/14,Waiting,5426565.000
6166.000,2011/1/17,Waiting,5426565.000
6167.000,2011/1/18,Waiting,5426565.000
6168.000,2011/1/19,Waiting,5426565.000
6169.000,2011/1/20,Waiting,5426565.000
6170.000,2011/1/21,Waiting,5426565.000
6171.000,2011/1/24,Waiting,5426565.000
6172.000,2011/1/25,Waiting,5426565.000
6173.000,2011/1/26,Waiting,5426565.000
6174.000,2011/1/27,Waiting,5426565.000
6175.000,2011/1/28,Waiting,5426565.000
6176.000,2011/2/8,Waiting,5426565.000
6177.000,2011/2/9,Waiting,5426565.000
6178.000,2011/2/10,Waiting,5426565.000
6179.000,2011/2/11,Waiting,5426565.000
6180.000,2011/2/14,Waiting,5426565.000
6181.000,2011/2/15,Waiting,5426565.000
6182.000,2011/2/16,Waiting,5426565.000
6183.000,2011/2/17,Waiting,5426565.000
6184.000,2011/2/18,Waiting,5426565.000
6185.000,2011/2/21,Waiting,5426565.000
6186.000,2011/2/22,Waiting,5426565.000
6187.000,2011/2/23,Waiting,5426565.000
6188.000,2011/2/24,Waiting,5426565.000
6189.000,2011/2/25,Waiting,5426565.000
6190.000,2011/3/1,Waiting,5426565.000
6191.000,2011/3/2,Waiting,5426565.000
6192.000,2011/3/3,Waiting,5426565.000
6193.000,2011/3/4,Waiting,5426565.000
6194.000,2011/3/7,Waiting,5426565.000
6195.000,2011/3/8,Waiting,5426565.000
6196.000,2011/3/9,Waiting,5426565.000
6197.000,2011/3/10,Waiting,5426565.000
6198.000,2011/3/11,Waiting,5426565.000
6199.000,2011/3/14,Waiting,5426565.000
6200.000,2011/3/15,Waiting,5426565.000
6201.000,2011/3/16,Waiting,5426565.000
6202.000,2011/3/17,Waiting,5426565.000
6203.000,2011/3/18,Waiting,5426565.000
6204.000,2011/3/21,Waiting,5426565.000
6205.000,2011/3/22,Waiting,5426565.000
6206.000,2011/3/23,Waiting,5426565.000
6207.000,2011/3/24,Buy,5426565.000
6208.000,2011/3/25,Holding,5456493.500
6209.000,2011/3/28,Holding,5551722.000
6210.000,2011/3/29,Holding,5840128.500
6211.000,2011/3/30,Holding,5938078.000
6212.000,2011/3/31,Holding,5840128.500
6213.000,2011/4/1,Holding,5995215.000
6214.000,2011/4/6,Holding,6025144.000
6215.000,2011/4/7,Holding,6014261.000
6216.000,2011/4/8,Holding,6196555.500
6217.000,2011/4/11,Holding,6245529.500
6218.000,2011/4/12,Holding,6063235.000
6219.000,2011/4/13,Holding,6109489.000
6220.000,2011/4/14,Holding,6264576.000
6221.000,2011/4/15,Holding,6177509.500
6222.000,2011/4/18,Holding,6188393.000
6223.000,2011/4/19,Holding,6234646.500
6224.000,2011/4/20,Holding,6737997.500
6225.000,2011/4/21,Holding,6776088.500
6226.000,2011/4/22,Holding,6640048.000
6227.000,2011/4/25,Holding,6708068.500
6228.000,2011/4/26,Holding,6776088.500
6229.000,2011/4/27,Holding,7208698.000
6230.000,2011/4/28,Holding,7007358.000
6231.000,2011/4/29,Holding,7083540.500
6232.000,2011/5/3,Holding,6718952.000
6233.000,2011/5/4,Holding,6871317.000
6234.000,2011/5/5,Holding,6678139.000
6235.000,2011/5/6,Holding,6457753.500
6236.000,2011/5/9,Holding,6678139.000
6237.000,2011/5/10,Holding,6631885.500
6238.000,2011/5/11,Holding,6640048.000
6239.000,2011/5/12,Holding,6650931.500
6240.000,2011/5/13,Holding,6631885.500
6241.000,2011/5/16,Holding,6659093.500
6242.000,2011/5/17,Holding,6593794.000
6243.000,2011/5/18,Holding,6476799.000
6244.000,2011/5/19,Holding,6438708.000
6245.000,2011/5/20,Holding,6446870.500
6246.000,2011/5/23,Holding,6313550.000
6247.000,2011/5/24,Holding,6362525.000
6248.000,2011/5/25,Holding,6514891.000
6249.000,2011/5/26,Holding,6593794.000
6250.000,2011/5/27,Holding,6572027.500
6251.000,2011/5/30,Holding,7015520.000
6252.000,2011/5/31,Holding,7034566.000
6253.000,2011/6/1,Holding,6977429.000
6254.000,2011/6/2,Holding,7045449.000
6255.000,2011/6/3,Holding,7015520.000
6256.000,2011/6/7,Holding,7113469.500
6257.000,2011/6/8,Holding,6950220.500
6258.000,2011/6/9,Holding,6718952.000
6259.000,2011/6/10,Holding,6669977.000
6260.000,2011/6/13,Holding,6678139.000
6261.000,2011/6/14,Holding,6803297.000
6262.000,2011/6/15,Holding,6950220.500
6263.000,2011/6/16,Holding,6909408.500
6264.000,2011/6/17,Holding,6803297.000
6265.000,2011/6/20,Holding,6757043.000
6266.000,2011/6/21,Holding,6708068.500
6267.000,2011/6/22,Holding,6708068.500
6268.000,2011/6/23,Holding,6689023.000
6269.000,2011/6/24,Holding,6612840.000
6270.000,2011/6/27,Holding,6737997.500
6271.000,2011/6/28,Holding,6863154.500
6272.000,2011/6/29,Holding,7121632.000
6273.000,2011/6/30,Holding,7246789.500
6274.000,2011/7/1,Holding,7556963.000
6275.000,2011/7/4,Holding,7633145.000
6276.000,2011/7/5,Holding,7758302.000
6277.000,2011/7/6,Holding,7720211.000
6278.000,2011/7/7,Holding,7853531.500
6279.000,2011/7/8,Holding,7747420.000
6280.000,2011/7/11,Holding,7709327.500
6281.000,2011/7/12,Holding,7344739.000
6282.000,2011/7/13,Holding,7614099.500
6283.000,2011/7/14,Holding,7769186.000
6284.000,2011/7/15,Holding,7777348.000
6285.000,2011/7/18,Holding,7758302.000
6286.000,2011/7/19,Holding,7595054.000
6287.000,2011/7/20,Holding,7720211.000
6288.000,2011/7/21,Holding,7921552.000
6289.000,2011/7/22,Holding,8326952.500
6290.000,2011/7/25,Holding,8307907.000
6291.000,2011/7/26,Holding,8237166.000
6292.000,2011/7/27,Holding,7975968.000
6293.000,2011/7/28,Holding,8136496.500
6294.000,2011/7/29,Holding,8166424.500
6295.000,2011/8/1,Holding,8248050.000
6296.000,2011/8/2,Holding,8449390.000
6297.000,2011/8/3,Holding,8196353.500
6298.000,2011/8/4,Holding,8016780.000
6299.000,2011/8/5,Holding,7663074.000
6300.000,2011/8/8,Holding,7442688.500
6301.000,2011/8/9,Holding,7673957.000
6302.000,2011/8/10,Holding,8155542.000
6303.000,2011/8/11,Holding,7894343.000
6304.000,2011/8/12,Holding,7573287.500
6305.000,2011/8/15,Holding,7834486.000
6306.000,2011/8/16,Holding,8095684.000
6307.000,2011/8/17,Holding,7975968.000
6308.000,2011/8/18,Holding,8076638.000
6309.000,2011/8/19,Holding,7442688.500
6310.000,2011/8/22,Holding,6860434.000
6311.000,2011/8/23,Sell,7080820.000
6312.000,2011/8/24,Waiting,7080820.000
6313.000,2011/8/25,Waiting,7080820.000
6314.000,2011/8/26,Waiting,7080820.000
6315.000,2011/8/29,Waiting,7080820.000
6316.000,2011/8/30,Waiting,7080820.000
6317.000,2011/8/31,Waiting,7080820.000
6318.000,2011/9/1,Waiting,7080820.000
6319.000,2011/9/2,Waiting,7080820.000
6320.000,2011/9/5,Waiting,7080820.000
6321.000,2011/9/6,Waiting,7080820.000
6322.000,2011/9/7,Waiting,7080820.000
6323.000,2011/9/8,Waiting,7080820.000
6324.000,2011/9/9,Waiting,7080820.000
6325.000,2011/9/13,Waiting,7080820.000
6326.000,2011/9/14,Waiting,7080820.000
6327.000,2011/9/15,Waiting,7080820.000
6328.000,2011/9/16,Waiting,7080820.000
6329.000,2011/9/19,Waiting,7080820.000
6330.000,2011/9/20,Waiting,7080820.000
6331.000,2011/9/21,Waiting,7080820.000
6332.000,2011/9/22,Waiting,7080820.000
6333.000,2011/9/23,Waiting,7080820.000
6334.000,2011/9/26,Waiting,7080820.000
6335.000,2011/9/27,Waiting,7080820.000
6336.000,2011/9/28,Waiting,7080820.000
6337.000,2011/9/29,Waiting,7080820.000
6338.000,2011/9/30,Waiting,7080820.000
6339.000,2011/10/3,Waiting,7080820.000
6340.000,2011/10/4,Waiting,7080820.000
6341.000,2011/10/5,Waiting,7080820.000
6342.000,2011/10/6,Waiting,7080820.000
6343.000,2011/10/7,Waiting,7080820.000
6344.000,2011/10/11,Waiting,7080820.000
6345.000,2011/10/12,Waiting,7080820.000
6346.000,2011/10/13,Waiting,7080820.000
6347.000,2011/10/14,Waiting,7080820.000
6348.000,2011/10/17,Waiting,7080820.000
6349.000,2011/10/18,Waiting,7080820.000
6350.000,2011/10/19,Waiting,7080820.000
6351.000,2011/10/20,Waiting,7080820.000
6352.000,2011/10/21,Waiting,7080820.000
6353.000,2011/10/24,Waiting,7080820.000
6354.000,2011/10/25,Waiting,7080820.000
6355.000,2011/10/26,Waiting,7080820.000
6356.000,2011/10/27,Waiting,7080820.000
6357.000,2011/10/28,Waiting,7080820.000
6358.000,2011/10/31,Waiting,7080820.000
6359.000,2011/11/1,Waiting,7080820.000
6360.000,2011/11/2,Waiting,7080820.000
6361.000,2011/11/3,Waiting,7080820.000
6362.000,2011/11/4,Waiting,7080820.000
6363.000,2011/11/7,Waiting,7080820.000
6364.000,2011/11/8,Waiting,7080820.000
6365.000,2011/11/9,Waiting,7080820.000
6366.000,2011/11/10,Waiting,7080820.000
6367.000,2011/11/11,Waiting,7080820.000
6368.000,2011/11/14,Waiting,7080820.000
6369.000,2011/11/15,Waiting,7080820.000
6370.000,2011/11/16,Waiting,7080820.000
6371.000,2011/11/17,Waiting,7080820.000
6372.000,2011/11/18,Waiting,7080820.000
6373.000,2011/11/21,Waiting,7080820.000
6374.000,2011/11/22,Waiting,7080820.000
6375.000,2011/11/23,Waiting,7080820.000
6376.000,2011/11/24,Waiting,7080820.000
6377.000,2011/11/25,Waiting,7080820.000
6378.000,2011/11/28,Waiting,7080820.000
6379.000,2011/11/29,Waiting,7080820.000
6380.000,2011/11/30,Waiting,7080820.000
6381.000,2011/12/1,Waiting,7080820.000
6382.000,2011/12/2,Waiting,7080820.000
6383.000,2011/12/5,Waiting,7080820.000
6384.000,2011/12/6,Waiting,7080820.000
6385.000,2011/12/7,Waiting,7080820.000
6386.000,2011/12/8,Waiting,7080820.000
6387.000,2011/12/9,Waiting,7080820.000
6388.000,2011/12/12,Waiting,7080820.000
6389.000,2011/12/13,Waiting,7080820.000
6390.000,2011/12/14,Waiting,7080820.000
6391.000,2011/12/15,Waiting,7080820.000
6392.000,2011/12/16,Waiting,7080820.000
6393.000,2011/12/19,Waiting,7080820.000
6394.000,2011/12/20,Waiting,7080820.000
6395.000,2011/12/21,Waiting,7080820.000
6396.000,2011/12/22,Waiting,7080820.000
6397.000,2011/12/23,Waiting,7080820.000
6398.000,2011/12/26,Waiting,7080820.000
6399.000,2011/12/27,Waiting,7080820.000
6400.000,2011/12/28,Waiting,7080820.000
6401.000,2011/12/29,Waiting,7080820.000
6402.000,2011/12/30,Waiting,7080820.000
6403.000,2012/1/2,Waiting,7080820.000
6404.000,2012/1/3,Waiting,7080820.000
6405.000,2012/1/4,Waiting,7080820.000
6406.000,2012/1/5,Waiting,7080820.000
6407.000,2012/1/6,Waiting,7080820.000
6408.000,2012/1/9,Waiting,7080820.000
6409.000,2012/1/10,Waiting,7080820.000
6410.000,2012/1/11,Waiting,7080820.000
6411.000,2012/1/12,Waiting,7080820.000
6412.000,2012/1/13,Waiting,7080820.000
6413.000,2012/1/16,Waiting,7080820.000
6414.000,2012/1/17,Waiting,7080820.000
6415.000,2012/1/18,Waiting,7080820.000
6416.000,2012/1/30,Waiting,7080820.000
6417.000,2012/1/31,Waiting,7080820.000
6418.000,2012/2/1,Waiting,7080820.000
6419.000,2012/2/2,Waiting,7080820.000
6420.000,2012/2/3,Waiting,7080820.000
6421.000,2012/2/4,Waiting,7080820.000
6422.000,2012/2/6,Waiting,7080820.000
6423.000,2012/2/7,Waiting,7080820.000
6424.000,2012/2/8,Waiting,7080820.000
6425.000,2012/2/9,Waiting,7080820.000
6426.000,2012/2/10,Waiting,7080820.000
6427.000,2012/2/13,Waiting,7080820.000
6428.000,2012/2/14,Waiting,7080820.000
6429.000,2012/2/15,Waiting,7080820.000
6430.000,2012/2/16,Waiting,7080820.000
6431.000,2012/2/17,Waiting,7080820.000
6432.000,2012/2/20,Waiting,7080820.000
6433.000,2012/2/21,Waiting,7080820.000
6434.000,2012/2/22,Waiting,7080820.000
6435.000,2012/2/23,Waiting,7080820.000
6436.000,2012/2/24,Waiting,7080820.000
6437.000,2012/2/29,Waiting,7080820.000
6438.000,2012/3/1,Waiting,7080820.000
6439.000,2012/3/2,Waiting,7080820.000
6440.000,2012/3/3,Waiting,7080820.000
6441.000,2012/3/5,Waiting,7080820.000
6442.000,2012/3/6,Waiting,7080820.000
6443.000,2012/3/7,Waiting,7080820.000
6444.000,2012/3/8,Waiting,7080820.000
6445.000,2012/3/9,Waiting,7080820.000
6446.000,2012/3/12,Waiting,7080820.000
6447.000,2012/3/13,Waiting,7080820.000
6448.000,2012/3/14,Waiting,7080820.000
6449.000,2012/3/15,Waiting,7080820.000
6450.000,2012/3/16,Waiting,7080820.000
6451.000,2012/3/19,Waiting,7080820.000
6452.000,2012/3/20,Waiting,7080820.000
6453.000,2012/3/21,Waiting,7080820.000
6454.000,2012/3/22,Waiting,7080820.000
6455.000,2012/3/23,Waiting,7080820.000
6456.000,2012/3/26,Waiting,7080820.000
6457.000,2012/3/27,Waiting,7080820.000
6458.000,2012/3/28,Waiting,7080820.000
6459.000,2012/3/29,Waiting,7080820.000
6460.000,2012/3/30,Waiting,7080820.000
6461.000,2012/4/2,Waiting,7080820.000
6462.000,2012/4/3,Waiting,7080820.000
6463.000,2012/4/5,Waiting,7080820.000
6464.000,2012/4/6,Waiting,7080820.000
6465.000,2012/4/9,Waiting,7080820.000
6466.000,2012/4/10,Waiting,7080820.000
6467.000,2012/4/11,Waiting,7080820.000
6468.000,2012/4/12,Waiting,7080820.000
6469.000,2012/4/13,Waiting,7080820.000
6470.000,2012/4/16,Waiting,7080820.000
6471.000,2012/4/17,Waiting,7080820.000
6472.000,2012/4/18,Waiting,7080820.000
6473.000,2012/4/19,Waiting,7080820.000
6474.000,2012/4/20,Waiting,7080820.000
6475.000,2012/4/23,Waiting,7080820.000
6476.000,2012/4/24,Waiting,7080820.000
6477.000,2012/4/25,Waiting,7080820.000
6478.000,2012/4/26,Waiting,7080820.000
6479.000,2012/4/27,Waiting,7080820.000
6480.000,2012/4/30,Waiting,7080820.000
6481.000,2012/5/2,Waiting,7080820.000
6482.000,2012/5/3,Waiting,7080820.000
6483.000,2012/5/4,Waiting,7080820.000
6484.000,2012/5/7,Waiting,7080820.000
6485.000,2012/5/8,Waiting,7080820.000
6486.000,2012/5/9,Waiting,7080820.000
6487.000,2012/5/10,Waiting,7080820.000
6488.000,2012/5/11,Waiting,7080820.000
6489.000,2012/5/14,Waiting,7080820.000
6490.000,2012/5/15,Waiting,7080820.000
6491.000,2012/5/16,Waiting,7080820.000
6492.000,2012/5/17,Waiting,7080820.000
6493.000,2012/5/18,Waiting,7080820.000
6494.000,2012/5/21,Waiting,7080820.000
6495.000,2012/5/22,Waiting,7080820.000
6496.000,2012/5/23,Waiting,7080820.000
6497.000,2012/5/24,Waiting,7080820.000
6498.000,2012/5/25,Waiting,7080820.000
6499.000,2012/5/28,Waiting,7080820.000
6500.000,2012/5/29,Waiting,7080820.000
6501.000,2012/5/30,Waiting,7080820.000
6502.000,2012/5/31,Waiting,7080820.000
6503.000,2012/6/1,Waiting,7080820.000
6504.000,2012/6/4,Waiting,7080820.000
6505.000,2012/6/5,Waiting,7080820.000
6506.000,2012/6/6,Waiting,7080820.000
6507.000,2012/6/7,Waiting,7080820.000
6508.000,2012/6/8,Waiting,7080820.000
6509.000,2012/6/11,Waiting,7080820.000
6510.000,2012/6/12,Waiting,7080820.000
6511.000,2012/6/13,Waiting,7080820.000
6512.000,2012/6/14,Waiting,7080820.000
6513.000,2012/6/15,Waiting,7080820.000
6514.000,2012/6/18,Waiting,7080820.000
6515.000,2012/6/19,Waiting,7080820.000
6516.000,2012/6/20,Waiting,7080820.000
6517.000,2012/6/21,Waiting,7080820.000
6518.000,2012/6/22,Waiting,7080820.000
6519.000,2012/6/25,Waiting,7080820.000
6520.000,2012/6/26,Waiting,7080820.000
6521.000,2012/6/27,Waiting,7080820.000
6522.000,2012/6/28,Waiting,7080820.000
6523.000,2012/6/29,Waiting,7080820.000
6524.000,2012/7/2,Buy,7080820.000
6525.000,2012/7/3,Holding,7323898.500
6526.000,2012/7/4,Holding,7336364.500
6527.000,2012/7/5,Holding,7264687.500
6528.000,2012/7/6,Holding,7358179.000
6529.000,2012/7/9,Holding,7358179.000
6530.000,2012/7/10,Holding,7289618.500
6531.000,2012/7/11,Holding,7495301.000
6532.000,2012/7/12,Holding,7336364.500
6533.000,2012/7/13,Holding,7345714.000
6534.000,2012/7/16,Holding,7345714.000
6535.000,2012/7/17,Holding,7345714.000
6536.000,2012/7/18,Holding,7302084.000
6537.000,2012/7/19,Holding,7485951.500
6538.000,2012/7/20,Holding,7520232.000
6539.000,2012/7/23,Holding,7379994.000
6540.000,2012/7/24,Holding,7323898.500
6541.000,2012/7/25,Holding,7152497.000
6542.000,2012/7/26,Holding,7186777.500
6543.000,2012/7/27,Holding,7479718.500
6544.000,2012/7/30,Holding,7538930.000
6545.000,2012/7/31,Holding,7492184.500
6546.000,2012/8/1,Holding,7697866.500
6547.000,2012/8/3,Holding,7710332.500
6548.000,2012/8/6,Holding,7685401.500
6549.000,2012/8/7,Holding,7685401.500
6550.000,2012/8/8,Holding,7638655.000
6551.000,2012/8/9,Holding,7710332.500
6552.000,2012/8/10,Holding,7710332.500
6553.000,2012/8/13,Holding,7760195.000
6554.000,2012/8/14,Holding,7588792.500
6555.000,2012/8/15,Holding,7613724.000
6556.000,2012/8/16,Holding,7517115.500
6557.000,2012/8/17,Holding,7467253.000
6558.000,2012/8/20,Holding,7358179.000
6559.000,2012/8/21,Holding,7383110.500
6560.000,2012/8/22,Holding,7308317.000
6561.000,2012/8/23,Holding,7274036.500
6562.000,2012/8/24,Holding,7249105.000
6563.000,2012/8/27,Holding,7236640.000
6564.000,2012/8/28,Holding,7140031.500
6565.000,2012/8/29,Holding,7040306.500
6566.000,2012/8/30,Sell,6931233.000
6567.000,2012/8/31,Waiting,6931233.000
6568.000,2012/9/3,Waiting,6931233.000
6569.000,2012/9/4,Waiting,6931233.000
6570.000,2012/9/5,Waiting,6931233.000
6571.000,2012/9/6,Waiting,6931233.000
6572.000,2012/9/7,Waiting,6931233.000
6573.000,2012/9/10,Waiting,6931233.000
6574.000,2012/9/11,Buy,6931233.000
6575.000,2012/9/12,Holding,6986533.500
6576.000,2012/9/13,Holding,7044744.000
6577.000,2012/9/14,Holding,7338709.000
6578.000,2012/9/17,Holding,7338709.000
6579.000,2012/9/18,Holding,7158255.500
6580.000,2012/9/19,Holding,7169897.500
6581.000,2012/9/20,Holding,7009818.000
6582.000,2012/9/21,Holding,7158255.500
6583.000,2012/9/24,Holding,7248482.500
6584.000,2012/9/25,Holding,7181540.000
6585.000,2012/9/26,Holding,7134971.500
6586.000,2012/9/27,Holding,7193182.000
6587.000,2012/9/28,Holding,7248482.500
6588.000,2012/10/1,Holding,7169897.500
6589.000,2012/10/2,Holding,7123329.000
6590.000,2012/10/3,Holding,7088402.500
6591.000,2012/10/4,Holding,7225198.000
6592.000,2012/10/5,Holding,7248482.500
6593.000,2012/10/8,Holding,7248482.500
6594.000,2012/10/9,Holding,7338709.000
6595.000,2012/10/11,Holding,7169897.500
6596.000,2012/10/12,Holding,7044744.000
6597.000,2012/10/15,Holding,7225198.000
6598.000,2012/10/16,Holding,7327067.000
6599.000,2012/10/17,Holding,7385277.500
6600.000,2012/10/18,Holding,7361993.500
6601.000,2012/10/19,Holding,7545358.000
6602.000,2012/10/22,Holding,7589016.000
6603.000,2012/10/23,Holding,7545358.000
6604.000,2012/10/24,Holding,7557000.000
6605.000,2012/10/25,Holding,7623942.000
6606.000,2012/10/26,Holding,7283408.500
6607.000,2012/10/29,Holding,7396920.000
6608.000,2012/10/30,Holding,7498789.500
6609.000,2012/10/31,Holding,7510431.000
6610.000,2012/11/1,Holding,7318335.500
6611.000,2012/11/2,Holding,7487147.000
6612.000,2012/11/5,Holding,7658869.000
6613.000,2012/11/6,Holding,7714169.500
6614.000,2012/11/7,Holding,7749096.000
6615.000,2012/11/8,Holding,7635584.500
6616.000,2012/11/9,Holding,7557000.000
6617.000,2012/11/12,Holding,7557000.000
6618.000,2012/11/13,Holding,7396920.000
6619.000,2012/11/14,Holding,7361993.500
6620.000,2012/11/15,Holding,7260124.000
6621.000,2012/11/16,Holding,7271766.500
6622.000,2012/11/19,Holding,7318335.500
6623.000,2012/11/20,Holding,7361993.500
6624.000,2012/11/21,Holding,7361993.500
6625.000,2012/11/22,Holding,7213555.500
6626.000,2012/11/23,Holding,7361993.500
6627.000,2012/11/26,Holding,7361993.500
6628.000,2012/11/27,Holding,7271766.500
6629.000,2012/11/28,Holding,7181540.000
6630.000,2012/11/29,Holding,7475505.000
6631.000,2012/11/30,Holding,7647226.500
6632.000,2012/12/3,Holding,7635584.500
6633.000,2012/12/4,Holding,7565731.500
6634.000,2012/12/5,Holding,7679243.000
6635.000,2012/12/6,Holding,7612300.500
6636.000,2012/12/7,Holding,7952834.000
6637.000,2012/12/10,Holding,7862607.500
6638.000,2012/12/11,Holding,7839323.000
6639.000,2012/12/12,Holding,7862607.500
6640.000,2012/12/13,Holding,7874249.000
6641.000,2012/12/14,Holding,7874249.000
6642.000,2012/12/17,Holding,7827680.500
6643.000,2012/12/18,Holding,7804396.000
6644.000,2012/12/19,Holding,7749096.000
6645.000,2012/12/20,Holding,7749096.000
6646.000,2012/12/21,Holding,7522073.500
6647.000,2012/12/22,Holding,7338709.000
6648.000,2012/12/24,Sell,7522073.500
6649.000,2012/12/25,Waiting,7522073.500
6650.000,2012/12/26,Buy,7522073.500
6651.000,2012/12/27,Holding,7553094.000
6652.000,2012/12/28,Holding,7564374.000
6653.000,2013/1/2,Holding,7586934.000
6654.000,2013/1/3,Holding,7553094.000
6655.000,2013/1/4,Holding,7586934.000
6656.000,2013/1/7,Holding,7564374.000
6657.000,2013/1/8,Holding,7476953.500
6658.000,2013/1/9,Holding,7488233.500
6659.000,2013/1/10,Holding,7730754.000
6660.000,2013/1/11,Holding,7730754.000
6661.000,2013/1/14,Holding,7696914.500
6662.000,2013/1/15,Holding,7586934.000
6663.000,2013/1/16,Holding,7575654.000
6664.000,2013/1/17,Holding,7321853.000
6665.000,2013/1/18,Holding,7530533.500
6666.000,2013/1/21,Holding,7553094.000
6667.000,2013/1/22,Holding,7586934.000
6668.000,2013/1/23,Holding,7575654.000
6669.000,2013/1/24,Holding,7586934.000
6670.000,2013/1/25,Holding,7609494.000
6671.000,2013/1/28,Holding,7640514.000
6672.000,2013/1/29,Holding,7719474.500
6673.000,2013/1/30,Holding,7761774.500
6674.000,2013/1/31,Holding,7784334.500
6675.000,2013/2/1,Holding,7818175.000
6676.000,2013/2/4,Holding,7905595.000
6677.000,2013/2/5,Holding,7750495.000
6678.000,2013/2/6,Holding,7620774.000
6679.000,2013/2/18,Holding,7575654.000
6680.000,2013/2/19,Holding,7575654.000
6681.000,2013/2/20,Holding,7420553.500
6682.000,2013/2/21,Holding,7234433.000
6683.000,2013/2/22,Sell,7420553.500
6684.000,2013/2/23,Waiting,7420553.500
6685.000,2013/2/25,Waiting,7420553.500
6686.000,2013/2/26,Waiting,7420553.500
6687.000,2013/2/27,Waiting,7420553.500
6688.000,2013/3/1,Waiting,7420553.500
6689.000,2013/3/4,Waiting,7420553.500
6690.000,2013/3/5,Waiting,7420553.500
6691.000,2013/3/6,Waiting,7420553.500
6692.000,2013/3/7,Waiting,7420553.500
6693.000,2013/3/8,Waiting,7420553.500
6694.000,2013/3/11,Waiting,7420553.500
6695.000,2013/3/12,Waiting,7420553.500
6696.000,2013/3/13,Waiting,7420553.500
6697.000,2013/3/14,Waiting,7420553.500
6698.000,2013/3/15,Waiting,7420553.500
6699.000,2013/3/18,Waiting,7420553.500
6700.000,2013/3/19,Waiting,7420553.500
6701.000,2013/3/20,Waiting,7420553.500
6702.000,2013/3/21,Waiting,7420553.500
6703.000,2013/3/22,Waiting,7420553.500
6704.000,2013/3/25,Waiting,7420553.500
6705.000,2013/3/26,Waiting,7420553.500
6706.000,2013/3/27,Waiting,7420553.500
6707.000,2013/3/28,Waiting,7420553.500
6708.000,2013/3/29,Waiting,7420553.500
6709.000,2013/4/1,Waiting,7420553.500
6710.000,2013/4/2,Waiting,7420553.500
6711.000,2013/4/3,Waiting,7420553.500
6712.000,2013/4/8,Waiting,7420553.500
6713.000,2013/4/9,Waiting,7420553.500
6714.000,2013/4/10,Waiting,7420553.500
6715.000,2013/4/11,Waiting,7420553.500
6716.000,2013/4/12,Waiting,7420553.500
6717.000,2013/4/15,Waiting,7420553.500
6718.000,2013/4/16,Waiting,7420553.500
6719.000,2013/4/17,Waiting,7420553.500
6720.000,2013/4/18,Waiting,7420553.500
6721.000,2013/4/19,Waiting,7420553.500
6722.000,2013/4/22,Waiting,7420553.500
6723.000,2013/4/23,Buy,7420553.500
6724.000,2013/4/24,Holding,7540250.500
6725.000,2013/4/25,Holding,7476227.000
6726.000,2013/4/26,Holding,7453957.500
6727.000,2013/4/29,Holding,7412202.500
6728.000,2013/4/30,Holding,7520765.000
6729.000,2013/5/2,Holding,7367664.000
6730.000,2013/5/3,Holding,7323125.500
6731.000,2013/5/6,Sell,7356529.500
6732.000,2013/5/7,Waiting,7356529.500
6733.000,2013/5/8,Waiting,7356529.500
6734.000,2013/5/9,Waiting,7356529.500
6735.000,2013/5/10,Buy,7356529.500
6736.000,2013/5/13,Holding,7239139.500
6737.000,2013/5/14,Holding,7334689.500
6738.000,2013/5/15,Holding,7408399.000
6739.000,2013/5/16,Holding,7462999.500
6740.000,2013/5/17,Holding,7419319.500
6741.000,2013/5/20,Holding,7364719.000
6742.000,2013/5/21,Holding,7419319.500
6743.000,2013/5/22,Holding,7462999.500
6744.000,2013/5/23,Holding,7386559.000
6745.000,2013/5/24,Holding,7345609.500
6746.000,2013/5/27,Holding,7375639.500
6747.000,2013/5/28,Holding,7375639.500
6748.000,2013/5/29,Holding,7493029.500
6749.000,2013/5/30,Holding,7258249.500
6750.000,2013/5/31,Holding,7408399.000
6751.000,2013/6/3,Holding,7184539.000
6752.000,2013/6/4,Sell,7121749.500
6753.000,2013/6/5,Waiting,7121749.500
6754.000,2013/6/6,Waiting,7121749.500
6755.000,2013/6/7,Waiting,7121749.500
6756.000,2013/6/10,Waiting,7121749.500
6757.000,2013/6/11,Waiting,7121749.500
6758.000,2013/6/13,Waiting,7121749.500
6759.000,2013/6/14,Waiting,7121749.500
6760.000,2013/6/17,Waiting,7121749.500
6761.000,2013/6/18,Waiting,7121749.500
6762.000,2013/6/19,Waiting,7121749.500
6763.000,2013/6/20,Waiting,7121749.500
6764.000,2013/6/21,Waiting,7121749.500
6765.000,2013/6/24,Waiting,7121749.500
6766.000,2013/6/25,Waiting,7121749.500
6767.000,2013/6/26,Waiting,7121749.500
6768.000,2013/6/27,Waiting,7121749.500
6769.000,2013/6/28,Waiting,7121749.500
6770.000,2013/7/1,Waiting,7121749.500
6771.000,2013/7/2,Waiting,7121749.500
6772.000,2013/7/3,Waiting,7121749.500
6773.000,2013/7/4,Waiting,7121749.500
6774.000,2013/7/5,Waiting,7121749.500
6775.000,2013/7/8,Waiting,7121749.500
6776.000,2013/7/9,Waiting,7121749.500
6777.000,2013/7/10,Waiting,7121749.500
6778.000,2013/7/11,Waiting,7121749.500
6779.000,2013/7/12,Waiting,7121749.500
6780.000,2013/7/15,Waiting,7121749.500
6781.000,2013/7/16,Waiting,7121749.500
6782.000,2013/7/17,Waiting,7121749.500
6783.000,2013/7/18,Waiting,7121749.500
6784.000,2013/7/19,Waiting,7121749.500
6785.000,2013/7/22,Waiting,7121749.500
6786.000,2013/7/23,Waiting,7121749.500
6787.000,2013/7/24,Buy,7121749.500
6788.000,2013/7/25,Holding,7164979.000
6789.000,2013/7/26,Holding,7154172.000
6790.000,2013/7/29,Holding,7065011.000
6791.000,2013/7/30,Holding,7243333.000
6792.000,2013/7/31,Holding,7132557.000
6793.000,2013/8/1,Holding,7210910.500
6794.000,2013/8/2,Holding,7254140.000
6795.000,2013/8/5,Holding,7200103.500
6796.000,2013/8/6,Holding,7075818.000
6797.000,2013/8/7,Holding,7189295.500
6798.000,2013/8/8,Holding,7210910.500
6799.000,2013/8/9,Holding,7110942.500
6800.000,2013/8/12,Holding,7510815.500
6801.000,2013/8/13,Holding,7632398.500
6802.000,2013/8/14,Holding,7564852.500
6803.000,2013/8/15,Holding,7586467.500
6804.000,2013/8/16,Holding,7643206.000
6805.000,2013/8/19,Holding,7610784.000
6806.000,2013/8/20,Holding,7500008.000
6807.000,2013/8/22,Holding,7654013.000
6808.000,2013/8/23,Holding,7597274.500
6809.000,2013/8/26,Holding,7643206.000
6810.000,2013/8/27,Holding,7443269.500
6811.000,2013/8/28,Holding,7532430.000
6812.000,2013/8/29,Holding,7610784.000
6813.000,2013/8/30,Holding,7764788.500
6814.000,2013/9/2,Holding,7753982.000
6815.000,2013/9/3,Holding,7697242.500
6816.000,2013/9/4,Holding,7764788.500
6817.000,2013/9/5,Holding,7808018.000
6818.000,2013/9/6,Holding,7821528.000
6819.000,2013/9/9,Holding,7821528.000
6820.000,2013/9/10,Holding,7875564.000
6821.000,2013/9/11,Holding,7875564.000
6822.000,2013/9/12,Holding,8032271.500
6823.000,2013/9/13,Holding,7921496.000
6824.000,2013/9/14,Holding,7743174.500
6825.000,2013/9/16,Holding,8132239.500
6826.000,2013/9/17,Holding,8053886.000
6827.000,2013/9/18,Holding,8021464.000
6828.000,2013/9/23,Holding,8297052.500
6829.000,2013/9/24,Holding,8207892.000
6830.000,2013/9/25,Holding,8253823.000
6831.000,2013/9/26,Holding,8253823.000
6832.000,2013/9/27,Holding,8542920.000
6833.000,2013/9/30,Holding,8496990.000
6834.000,2013/10/1,Holding,8253823.000
6835.000,2013/10/2,Holding,8386214.000
6836.000,2013/10/3,Holding,8453760.000
6837.000,2013/10/4,Holding,8542920.000
6838.000,2013/10/7,Holding,8486182.000
6839.000,2013/10/8,Holding,8675311.000
6840.000,2013/10/9,Holding,8586150.000
6841.000,2013/10/11,Holding,8542920.000
6842.000,2013/10/14,Holding,8586150.000
6843.000,2013/10/15,Holding,8740155.000
6844.000,2013/10/16,Holding,8729347.000
6845.000,2013/10/17,Holding,8753664.000
6846.000,2013/10/18,Holding,8686118.000
6847.000,2013/10/21,Holding,8586150.000
6848.000,2013/10/22,Holding,8586150.000
6849.000,2013/10/23,Holding,8518604.000
6850.000,2013/10/24,Holding,8496990.000
6851.000,2013/10/25,Holding,8342984.500
6852.000,2013/10/28,Holding,8464567.000
6853.000,2013/10/29,Holding,8429443.000
6854.000,2013/10/30,Holding,8486182.000
6855.000,2013/10/31,Holding,8486182.000
6856.000,2013/11/1,Holding,8407828.000
6857.000,2013/11/4,Holding,8218698.500
6858.000,2013/11/5,Holding,8097115.500
6859.000,2013/11/6,Holding,8053886.000
6860.000,2013/11/7,Holding,8107923.000
6861.000,2013/11/8,Holding,8107923.000
6862.000,2013/11/11,Holding,8097115.500
6863.000,2013/11/12,Holding,8232208.000
6864.000,2013/11/13,Holding,8097115.500
6865.000,2013/11/14,Holding,8097115.500
6866.000,2013/11/15,Holding,8418636.000
6867.000,2013/11/18,Holding,8542920.000
6868.000,2013/11/19,Holding,8740155.000
6869.000,2013/11/20,Holding,8442952.000
6870.000,2013/11/21,Holding,8342984.500
6871.000,2013/11/22,Holding,8453760.000
6872.000,2013/11/25,Holding,8686118.000
6873.000,2013/11/26,Holding,8675311.000
6874.000,2013/11/27,Holding,8986023.000
6875.000,2013/11/28,Holding,9207574.000
6876.000,2013/11/29,Holding,9396704.000
6877.000,2013/12/2,Holding,9285928.000
6878.000,2013/12/3,Holding,9329158.000
6879.000,2013/12/4,Holding,9218382.000
6880.000,2013/12/5,Holding,9218382.000
6881.000,2013/12/6,Holding,8840123.000
6882.000,2013/12/9,Holding,8940092.000
6883.000,2013/12/10,Holding,8986023.000
6884.000,2013/12/11,Holding,9050868.000
6885.000,2013/12/12,Holding,9296736.000
6886.000,2013/12/13,Holding,9185960.000
6887.000,2013/12/16,Holding,8975215.000
6888.000,2013/12/17,Holding,8940092.000
6889.000,2013/12/18,Holding,8975215.000
6890.000,2013/12/19,Holding,9085992.000
6891.000,2013/12/20,Holding,9129221.000
6892.000,2013/12/23,Holding,9175152.000
6893.000,2013/12/24,Holding,9075184.000
6894.000,2013/12/25,Holding,9096798.000
6895.000,2013/12/26,Holding,9129221.000
6896.000,2013/12/27,Holding,9140028.000
6897.000,2013/12/30,Holding,9339965.000
6898.000,2013/12/31,Holding,9261611.000
6899.000,2014/1/2,Holding,9075184.000
6900.000,2014/1/3,Holding,8886055.000
6901.000,2014/1/6,Holding,8675311.000
6902.000,2014/1/7,Holding,8796894.000
6903.000,2014/1/8,Holding,8740155.000
6904.000,2014/1/9,Holding,8518604.000
6905.000,2014/1/10,Sell,8718541.000
6906.000,2014/1/13,Waiting,8718541.000
6907.000,2014/1/14,Waiting,8718541.000
6908.000,2014/1/15,Waiting,8718541.000
6909.000,2014/1/16,Waiting,8718541.000
6910.000,2014/1/17,Waiting,8718541.000
6911.000,2014/1/20,Waiting,8718541.000
6912.000,2014/1/21,Waiting,8718541.000
6913.000,2014/1/22,Waiting,8718541.000
6914.000,2014/1/23,Buy,8718541.000
6915.000,2014/1/24,Holding,8697713.000
6916.000,2014/1/27,Holding,8471217.000
6917.000,2014/2/5,Holding,8109342.500
6918.000,2014/2/6,Sell,8278563.500
6919.000,2014/2/7,Waiting,8278563.500
6920.000,2014/2/10,Waiting,8278563.500
6921.000,2014/2/11,Waiting,8278563.500
6922.000,2014/2/12,Waiting,8278563.500
6923.000,2014/2/13,Buy,8278563.500
6924.000,2014/2/14,Holding,8338216.000
6925.000,2014/2/17,Holding,8390413.000
6926.000,2014/2/18,Holding,8400355.000
6927.000,2014/2/19,Holding,8348158.500
6928.000,2014/2/20,Holding,8360586.000
6929.000,2014/2/21,Holding,8584286.000
6930.000,2014/2/24,Holding,8522147.000
6931.000,2014/2/25,Holding,8758274.000
6932.000,2014/2/26,Holding,8706078.000
6933.000,2014/2/27,Holding,8860182.000
6934.000,2014/3/3,Holding,8725962.000
6935.000,2014/3/4,Holding,8492320.000
6936.000,2014/3/5,Holding,8716020.000
6937.000,2014/3/6,Holding,8624055.000
6938.000,2014/3/7,Holding,8594228.000
6939.000,2014/3/10,Holding,8696135.000
6940.000,2014/3/11,Holding,8502263.000
6941.000,2014/3/12,Holding,8646425.000
6942.000,2014/3/13,Holding,8614112.000
6943.000,2014/3/14,Holding,8594228.000
6944.000,2014/3/17,Holding,8676251.000
6945.000,2014/3/18,Holding,8594228.000
6946.000,2014/3/19,Holding,8532089.000
6947.000,2014/3/20,Holding,8532089.000
6948.000,2014/3/21,Holding,8380471.000
6949.000,2014/3/24,Holding,8390413.000
6950.000,2014/3/25,Holding,8716020.000
6951.000,2014/3/26,Holding,8686194.000
6952.000,2014/3/27,Holding,8594228.000
6953.000,2014/3/28,Holding,8633996.000
6954.000,2014/3/31,Holding,8594228.000
6955.000,2014/4/1,Holding,8758274.000
6956.000,2014/4/2,Holding,8604170.000
6957.000,2014/4/3,Holding,8633996.000
6958.000,2014/4/7,Holding,8656366.000
6959.000,2014/4/8,Holding,8574344.000
6960.000,2014/4/9,Holding,8758274.000
6961.000,2014/4/10,Holding,9103766.000
6962.000,2014/4/11,Holding,9103766.000
6963.000,2014/4/14,Holding,8860182.000
6964.000,2014/4/15,Holding,8909893.000
6965.000,2014/4/16,Holding,8880066.000
6966.000,2014/4/17,Holding,8890009.000
6967.000,2014/4/18,Holding,9001859.000
6968.000,2014/4/21,Holding,9021743.000
6969.000,2014/4/22,Holding,8952148.000
6970.000,2014/4/23,Holding,8909893.000
6971.000,2014/4/24,Holding,8827870.000
6972.000,2014/4/25,Holding,8492320.000
6973.000,2014/4/28,Holding,8716020.000
6974.000,2014/4/29,Holding,8768216.000
6975.000,2014/4/30,Holding,8778159.000
6976.000,2014/5/2,Holding,8686194.000
6977.000,2014/5/5,Holding,8584286.000
6978.000,2014/5/6,Holding,8554459.000
6979.000,2014/5/7,Holding,8390413.000
6980.000,2014/5/8,Sell,8328274.000
6981.000,2014/5/9,Waiting,8328274.000
6982.000,2014/5/12,Waiting,8328274.000
6983.000,2014/5/13,Waiting,8328274.000
6984.000,2014/5/14,Waiting,8328274.000
6985.000,2014/5/15,Waiting,8328274.000
6986.000,2014/5/16,Waiting,8328274.000
6987.000,2014/5/19,Waiting,8328274.000
6988.000,2014/5/20,Waiting,8328274.000
6989.000,2014/5/21,Waiting,8328274.000
6990.000,2014/5/22,Waiting,8328274.000
6991.000,2014/5/23,Waiting,8328274.000
6992.000,2014/5/26,Waiting,8328274.000
6993.000,2014/5/27,Waiting,8328274.000
6994.000,2014/5/28,Waiting,8328274.000
6995.000,2014/5/29,Waiting,8328274.000
6996.000,2014/5/30,Waiting,8328274.000
6997.000,2014/6/3,Waiting,8328274.000
6998.000,2014/6/4,Waiting,8328274.000
6999.000,2014/6/5,Waiting,8328274.000
7000.000,2014/6/6,Waiting,8328274.000
7001.000,2014/6/9,Waiting,8328274.000
7002.000,2014/6/10,Waiting,8328274.000
7003.000,2014/6/11,Waiting,8328274.000
7004.000,2014/6/12,Waiting,8328274.000
7005.000,2014/6/13,Waiting,8328274.000
7006.000,2014/6/16,Waiting,8328274.000
7007.000,2014/6/17,Waiting,8328274.000
7008.000,2014/6/18,Waiting,8328274.000
7009.000,2014/6/19,Waiting,8328274.000
7010.000,2014/6/20,Waiting,8328274.000
7011.000,2014/6/23,Waiting,8328274.000
7012.000,2014/6/24,Waiting,8328274.000
7013.000,2014/6/25,Waiting,8328274.000
7014.000,2014/6/26,Waiting,8328274.000
7015.000,2014/6/27,Waiting,8328274.000
7016.000,2014/6/30,Waiting,8328274.000
7017.000,2014/7/1,Waiting,8328274.000
7018.000,2014/7/2,Waiting,8328274.000
7019.000,2014/7/3,Waiting,8328274.000
7020.000,2014/7/4,Waiting,8328274.000
7021.000,2014/7/7,Waiting,8328274.000
7022.000,2014/7/8,Waiting,8328274.000
7023.000,2014/7/9,Waiting,8328274.000
7024.000,2014/7/10,Waiting,8328274.000
7025.000,2014/7/11,Waiting,8328274.000
7026.000,2014/7/14,Waiting,8328274.000
7027.000,2014/7/15,Waiting,8328274.000
7028.000,2014/7/16,Waiting,8328274.000
7029.000,2014/7/17,Waiting,8328274.000
7030.000,2014/7/18,Waiting,8328274.000
7031.000,2014/7/21,Waiting,8328274.000
7032.000,2014/7/22,Waiting,8328274.000
7033.000,2014/7/24,Waiting,8328274.000
7034.000,2014/7/25,Waiting,8328274.000
7035.000,2014/7/28,Waiting,8328274.000
7036.000,2014/7/29,Waiting,8328274.000
7037.000,2014/7/30,Buy,8328274.000
7038.000,2014/7/31,Holding,8153516.000
7039.000,2014/8/1,Holding,8073222.000
7040.000,2014/8/4,Holding,8297573.000
7041.000,2014/8/5,Holding,8042522.000
7042.000,2014/8/6,Holding,8021267.500
7043.000,2014/8/7,Holding,8103923.000
7044.000,2014/8/8,Holding,8144070.500
7045.000,2014/8/11,Holding,8165325.000
7046.000,2014/8/12,Holding,8184217.000
7047.000,2014/8/13,Holding,8288127.500
7048.000,2014/8/14,Holding,8380229.000
7049.000,2014/8/15,Holding,8380229.000
7050.000,2014/8/18,Holding,8307019.500
7051.000,2014/8/19,Holding,8451077.000
7052.000,2014/8/20,Holding,8592772.000
7053.000,2014/8/21,Holding,8694320.000
7054.000,2014/8/22,Holding,9114683.000
7055.000,2014/8/25,Holding,8859631.000
7056.000,2014/8/26,Holding,8878524.000
7057.000,2014/8/27,Holding,8859631.000
7058.000,2014/8/28,Holding,8838377.000
7059.000,2014/8/29,Holding,8694320.000
7060.000,2014/9/1,Holding,8899778.000
7061.000,2014/9/2,Holding,8614026.000
7062.000,2014/9/3,Holding,8746275.000
7063.000,2014/9/4,Holding,8776976.000
7064.000,2014/9/5,Holding,8654173.000
7065.000,2014/9/9,Holding,8725021.000
7066.000,2014/9/10,Holding,8614026.000
7067.000,2014/9/11,Holding,8623472.000
7068.000,2014/9/12,Holding,8408568.000
7069.000,2014/9/15,Holding,8543178.000
7070.000,2014/9/16,Holding,8451077.000
7071.000,2014/9/17,Holding,8654173.000
7072.000,2014/9/18,Holding,8531371.000
7073.000,2014/9/19,Holding,8583326.000
7074.000,2014/9/22,Holding,8349528.500
7075.000,2014/9/23,Holding,8276319.000
7076.000,2014/9/24,Holding,8531371.000
7077.000,2014/9/25,Holding,8358975.000
7078.000,2014/9/26,Holding,8245619.000
7079.000,2014/9/29,Holding,8184217.000
7080.000,2014/9/30,Sell,8245619.000
7081.000,2014/10/1,Waiting,8245619.000
7082.000,2014/10/2,Waiting,8245619.000
7083.000,2014/10/3,Waiting,8245619.000
7084.000,2014/10/6,Waiting,8245619.000
7085.000,2014/10/7,Waiting,8245619.000
7086.000,2014/10/8,Waiting,8245619.000
7087.000,2014/10/9,Waiting,8245619.000
7088.000,2014/10/13,Waiting,8245619.000
7089.000,2014/10/14,Waiting,8245619.000
7090.000,2014/10/15,Waiting,8245619.000
7091.000,2014/10/16,Waiting,8245619.000
7092.000,2014/10/17,Waiting,8245619.000
7093.000,2014/10/20,Waiting,8245619.000
7094.000,2014/10/21,Waiting,8245619.000
7095.000,2014/10/22,Waiting,8245619.000
7096.000,2014/10/23,Waiting,8245619.000
7097.000,2014/10/24,Waiting,8245619.000
7098.000,2014/10/27,Waiting,8245619.000
7099.000,2014/10/28,Waiting,8245619.000
7100.000,2014/10/29,Buy,8245619.000
7101.000,2014/10/30,Holding,8186132.500
7102.000,2014/10/31,Holding,8186132.500
7103.000,2014/11/3,Holding,8254771.000
7104.000,2014/11/4,Holding,8156389.000
7105.000,2014/11/5,Holding,8156389.000
7106.000,2014/11/6,Holding,8106053.500
7107.000,2014/11/7,Holding,8028263.500
7108.000,2014/11/10,Sell,8135797.500
7109.000,2014/11/11,Waiting,8135797.500
7110.000,2014/11/12,Waiting,8135797.500
7111.000,2014/11/13,Waiting,8135797.500
7112.000,2014/11/14,Waiting,8135797.500
7113.000,2014/11/17,Waiting,8135797.500
7114.000,2014/11/18,Waiting,8135797.500
7115.000,2014/11/19,Waiting,8135797.500
7116.000,2014/11/20,Waiting,8135797.500
7117.000,2014/11/21,Waiting,8135797.500
7118.000,2014/11/24,Waiting,8135797.500
7119.000,2014/11/25,Waiting,8135797.500
7120.000,2014/11/26,Waiting,8135797.500
7121.000,2014/11/27,Waiting,8135797.500
7122.000,2014/11/28,Waiting,8135797.500
7123.000,2014/12/1,Waiting,8135797.500
7124.000,2014/12/2,Waiting,8135797.500
7125.000,2014/12/3,Waiting,8135797.500
7126.000,2014/12/4,Waiting,8135797.500
7127.000,2014/12/5,Waiting,8135797.500
7128.000,2014/12/8,Waiting,8135797.500
7129.000,2014/12/9,Waiting,8135797.500
7130.000,2014/12/10,Waiting,8135797.500
7131.000,2014/12/11,Waiting,8135797.500
7132.000,2014/12/12,Waiting,8135797.500
7133.000,2014/12/15,Waiting,8135797.500
7134.000,2014/12/16,Waiting,8135797.500
7135.000,2014/12/17,Waiting,8135797.500
7136.000,2014/12/18,Waiting,8135797.500
7137.000,2014/12/19,Waiting,8135797.500
7138.000,2014/12/22,Waiting,8135797.500
7139.000,2014/12/23,Waiting,8135797.500
7140.000,2014/12/24,Waiting,8135797.500
7141.000,2014/12/25,Waiting,8135797.500
7142.000,2014/12/26,Waiting,8135797.500
7143.000,2014/12/27,Waiting,8135797.500
7144.000,2014/12/29,Waiting,8135797.500
7145.000,2014/12/30,Waiting,8135797.500
7146.000,2014/12/31,Waiting,8135797.500
7147.000,2015/1/5,Waiting,8135797.500
7148.000,2015/1/6,Waiting,8135797.500
7149.000,2015/1/7,Waiting,8135797.500
7150.000,2015/1/8,Waiting,8135797.500
7151.000,2015/1/9,Waiting,8135797.500
7152.000,2015/1/12,Waiting,8135797.500
7153.000,2015/1/13,Waiting,8135797.500
7154.000,2015/1/14,Waiting,8135797.500
7155.000,2015/1/15,Waiting,8135797.500
7156.000,2015/1/16,Waiting,8135797.500
7157.000,2015/1/19,Waiting,8135797.500
7158.000,2015/1/20,Waiting,8135797.500
7159.000,2015/1/21,Waiting,8135797.500
7160.000,2015/1/22,Waiting,8135797.500
7161.000,2015/1/23,Waiting,8135797.500
7162.000,2015/1/26,Waiting,8135797.500
7163.000,2015/1/27,Waiting,8135797.500
7164.000,2015/1/28,Waiting,8135797.500
7165.000,2015/1/29,Waiting,8135797.500
7166.000,2015/1/30,Waiting,8135797.500
7167.000,2015/2/2,Waiting,8135797.500
7168.000,2015/2/3,Waiting,8135797.500
7169.000,2015/2/4,Waiting,8135797.500
7170.000,2015/2/5,Waiting,8135797.500
7171.000,2015/2/6,Waiting,8135797.500
7172.000,2015/2/9,Waiting,8135797.500
7173.000,2015/2/10,Waiting,8135797.500
7174.000,2015/2/11,Waiting,8135797.500
7175.000,2015/2/12,Waiting,8135797.500
7176.000,2015/2/13,Waiting,8135797.500
7177.000,2015/2/24,Waiting,8135797.500
7178.000,2015/2/25,Waiting,8135797.500
7179.000,2015/2/26,Waiting,8135797.500
7180.000,2015/3/2,Waiting,8135797.500
7181.000,2015/3/3,Waiting,8135797.500
7182.000,2015/3/4,Waiting,8135797.500
7183.000,2015/3/5,Waiting,8135797.500
7184.000,2015/3/6,Waiting,8135797.500
7185.000,2015/3/9,Waiting,8135797.500
7186.000,2015/3/10,Waiting,8135797.500
7187.000,2015/3/11,Waiting,8135797.500
7188.000,2015/3/12,Waiting,8135797.500
7189.000,2015/3/13,Waiting,8135797.500
7190.000,2015/3/16,Waiting,8135797.500
7191.000,2015/3/17,Waiting,8135797.500
7192.000,2015/3/18,Waiting,8135797.500
7193.000,2015/3/19,Waiting,8135797.500
7194.000,2015/3/20,Waiting,8135797.500
7195.000,2015/3/23,Waiting,8135797.500
7196.000,2015/3/24,Waiting,8135797.500
7197.000,2015/3/25,Waiting,8135797.500
7198.000,2015/3/26,Waiting,8135797.500
7199.000,2015/3/27,Waiting,8135797.500
7200.000,2015/3/30,Waiting,8135797.500
7201.000,2015/3/31,Waiting,8135797.500
7202.000,2015/4/1,Waiting,8135797.500
7203.000,2015/4/2,Waiting,8135797.500
7204.000,2015/4/7,Waiting,8135797.500
7205.000,2015/4/8,Waiting,8135797.500
7206.000,2015/4/9,Waiting,8135797.500
7207.000,2015/4/10,Waiting,8135797.500
7208.000,2015/4/13,Waiting,8135797.500
7209.000,2015/4/14,Waiting,8135797.500
7210.000,2015/4/15,Waiting,8135797.500
7211.000,2015/4/16,Waiting,8135797.500
7212.000,2015/4/17,Waiting,8135797.500
7213.000,2015/4/20,Waiting,8135797.500
7214.000,2015/4/21,Waiting,8135797.500
7215.000,2015/4/22,Waiting,8135797.500
7216.000,2015/4/23,Waiting,8135797.500
7217.000,2015/4/24,Waiting,8135797.500
7218.000,2015/4/27,Waiting,8135797.500
7219.000,2015/4/28,Waiting,8135797.500
7220.000,2015/4/29,Waiting,8135797.500
7221.000,2015/4/30,Waiting,8135797.500
7222.000,2015/5/4,Waiting,8135797.500
7223.000,2015/5/5,Waiting,8135797.500
7224.000,2015/5/6,Waiting,8135797.500
7225.000,2015/5/7,Waiting,8135797.500
7226.000,2015/5/8,Waiting,8135797.500
7227.000,2015/5/11,Waiting,8135797.500
7228.000,2015/5/12,Waiting,8135797.500
7229.000,2015/5/13,Waiting,8135797.500
7230.000,2015/5/14,Waiting,8135797.500
7231.000,2015/5/15,Waiting,8135797.500
7232.000,2015/5/18,Waiting,8135797.500
7233.000,2015/5/19,Waiting,8135797.500
7234.000,2015/5/20,Waiting,8135797.500
7235.000,2015/5/21,Waiting,8135797.500
7236.000,2015/5/22,Waiting,8135797.500
7237.000,2015/5/25,Waiting,8135797.500
7238.000,2015/5/26,Waiting,8135797.500
7239.000,2015/5/27,Waiting,8135797.500
7240.000,2015/5/28,Waiting,8135797.500
7241.000,2015/5/29,Waiting,8135797.500
7242.000,2015/6/1,Waiting,8135797.500
7243.000,2015/6/2,Waiting,8135797.500
7244.000,2015/6/3,Waiting,8135797.500
7245.000,2015/6/4,Waiting,8135797.500
7246.000,2015/6/5,Waiting,8135797.500
7247.000,2015/6/8,Waiting,8135797.500
7248.000,2015/6/9,Waiting,8135797.500
7249.000,2015/6/10,Waiting,8135797.500
7250.000,2015/6/11,Waiting,8135797.500
7251.000,2015/6/12,Waiting,8135797.500
7252.000,2015/6/15,Waiting,8135797.500
7253.000,2015/6/16,Waiting,8135797.500
7254.000,2015/6/17,Waiting,8135797.500
7255.000,2015/6/18,Waiting,8135797.500
7256.000,2015/6/22,Waiting,8135797.500
7257.000,2015/6/23,Waiting,8135797.500
7258.000,2015/6/24,Waiting,8135797.500
7259.000,2015/6/25,Waiting,8135797.500
7260.000,2015/6/26,Waiting,8135797.500
7261.000,2015/6/29,Waiting,8135797.500
7262.000,2015/6/30,Waiting,8135797.500
7263.000,2015/7/1,Waiting,8135797.500
7264.000,2015/7/2,Waiting,8135797.500
7265.000,2015/7/3,Waiting,8135797.500
7266.000,2015/7/6,Waiting,8135797.500
7267.000,2015/7/7,Waiting,8135797.500
7268.000,2015/7/8,Waiting,8135797.500
7269.000,2015/7/9,Waiting,8135797.500
7270.000,2015/7/13,Waiting,8135797.500
7271.000,2015/7/14,Waiting,8135797.500
7272.000,2015/7/15,Waiting,8135797.500
7273.000,2015/7/16,Waiting,8135797.500
7274.000,2015/7/17,Waiting,8135797.500
7275.000,2015/7/20,Waiting,8135797.500
7276.000,2015/7/21,Waiting,8135797.500
7277.000,2015/7/22,Waiting,8135797.500
7278.000,2015/7/23,Waiting,8135797.500
7279.000,2015/7/24,Waiting,8135797.500
7280.000,2015/7/27,Waiting,8135797.500
7281.000,2015/7/28,Waiting,8135797.500
7282.000,2015/7/29,Waiting,8135797.500
7283.000,2015/7/30,Waiting,8135797.500
7284.000,2015/7/31,Waiting,8135797.500
7285.000,2015/8/3,Waiting,8135797.500
7286.000,2015/8/4,Waiting,8135797.500
7287.000,2015/8/5,Waiting,8135797.500
7288.000,2015/8/6,Waiting,8135797.500
7289.000,2015/8/7,Waiting,8135797.500
7290.000,2015/8/10,Waiting,8135797.500
7291.000,2015/8/11,Waiting,8135797.500
7292.000,2015/8/12,Waiting,8135797.500
7293.000,2015/8/13,Waiting,8135797.500
7294.000,2015/8/14,Waiting,8135797.500
7295.000,2015/8/17,Waiting,8135797.500
7296.000,2015/8/18,Waiting,8135797.500
7297.000,2015/8/19,Waiting,8135797.500
7298.000,2015/8/20,Waiting,8135797.500
7299.000,2015/8/21,Waiting,8135797.500
7300.000,2015/8/24,Waiting,8135797.500
7301.000,2015/8/25,Waiting,8135797.500
7302.000,2015/8/26,Waiting,8135797.500
7303.000,2015/8/27,Waiting,8135797.500
7304.000,2015/8/28,Waiting,8135797.500
7305.000,2015/8/31,Waiting,8135797.500
7306.000,2015/9/1,Waiting,8135797.500
7307.000,2015/9/2,Waiting,8135797.500
7308.000,2015/9/3,Waiting,8135797.500
7309.000,2015/9/4,Waiting,8135797.500
7310.000,2015/9/7,Waiting,8135797.500
7311.000,2015/9/8,Waiting,8135797.500
7312.000,2015/9/9,Waiting,8135797.500
7313.000,2015/9/10,Waiting,8135797.500
7314.000,2015/9/11,Waiting,8135797.500
7315.000,2015/9/14,Waiting,8135797.500
7316.000,2015/9/15,Waiting,8135797.500
7317.000,2015/9/16,Waiting,8135797.500
7318.000,2015/9/17,Waiting,8135797.500
7319.000,2015/9/18,Waiting,8135797.500
7320.000,2015/9/21,Waiting,8135797.500
7321.000,2015/9/22,Waiting,8135797.500
7322.000,2015/9/23,Waiting,8135797.500
7323.000,2015/9/24,Waiting,8135797.500
7324.000,2015/9/25,Waiting,8135797.500
7325.000,2015/9/30,Waiting,8135797.500
7326.000,2015/10/1,Waiting,8135797.500
7327.000,2015/10/2,Waiting,8135797.500
7328.000,2015/10/5,Waiting,8135797.500
7329.000,2015/10/6,Waiting,8135797.500
7330.000,2015/10/7,Waiting,8135797.500
7331.000,2015/10/8,Waiting,8135797.500
7332.000,2015/10/12,Waiting,8135797.500
7333.000,2015/10/13,Waiting,8135797.500
7334.000,2015/10/14,Waiting,8135797.500
7335.000,2015/10/15,Waiting,8135797.500
7336.000,2015/10/16,Waiting,8135797.500
7337.000,2015/10/19,Waiting,8135797.500
7338.000,2015/10/20,Waiting,8135797.500
7339.000,2015/10/21,Waiting,8135797.500
7340.000,2015/10/22,Waiting,8135797.500
7341.000,2015/10/23,Waiting,8135797.500
7342.000,2015/10/26,Waiting,8135797.500
7343.000,2015/10/27,Waiting,8135797.500
7344.000,2015/10/28,Waiting,8135797.500
7345.000,2015/10/29,Waiting,8135797.500
7346.000,2015/10/30,Waiting,8135797.500
7347.000,2015/11/2,Waiting,8135797.500
7348.000,2015/11/3,Waiting,8135797.500
7349.000,2015/11/4,Waiting,8135797.500
7350.000,2015/11/5,Waiting,8135797.500
7351.000,2015/11/6,Waiting,8135797.500
7352.000,2015/11/9,Waiting,8135797.500
7353.000,2015/11/10,Waiting,8135797.500
7354.000,2015/11/11,Waiting,8135797.500
7355.000,2015/11/12,Waiting,8135797.500
7356.000,2015/11/13,Waiting,8135797.500
7357.000,2015/11/16,Waiting,8135797.500
7358.000,2015/11/17,Waiting,8135797.500
7359.000,2015/11/18,Waiting,8135797.500
7360.000,2015/11/19,Waiting,8135797.500
7361.000,2015/11/20,Waiting,8135797.500
7362.000,2015/11/23,Waiting,8135797.500
7363.000,2015/11/24,Waiting,8135797.500
7364.000,2015/11/25,Waiting,8135797.500
7365.000,2015/11/26,Waiting,8135797.500
7366.000,2015/11/27,Waiting,8135797.500
7367.000,2015/11/30,Waiting,8135797.500
7368.000,2015/12/1,Waiting,8135797.500
7369.000,2015/12/2,Waiting,8135797.500
7370.000,2015/12/3,Waiting,8135797.500
7371.000,2015/12/4,Waiting,8135797.500
7372.000,2015/12/7,Waiting,8135797.500
7373.000,2015/12/8,Waiting,8135797.500
7374.000,2015/12/9,Waiting,8135797.500
7375.000,2015/12/10,Waiting,8135797.500
7376.000,2015/12/11,Waiting,8135797.500
7377.000,2015/12/14,Waiting,8135797.500
7378.000,2015/12/15,Waiting,8135797.500
7379.000,2015/12/16,Waiting,8135797.500
7380.000,2015/12/17,Waiting,8135797.500
7381.000,2015/12/18,Waiting,8135797.500
7382.000,2015/12/21,Waiting,8135797.500
7383.000,2015/12/22,Waiting,8135797.500
7384.000,2015/12/23,Waiting,8135797.500
7385.000,2015/12/24,Waiting,8135797.500
7386.000,2015/12/25,Waiting,8135797.500
7387.000,2015/12/28,Waiting,8135797.500
7388.000,2015/12/29,Waiting,8135797.500
7389.000,2015/12/30,Waiting,8135797.500
7390.000,2015/12/31,Waiting,8135797.500
7391.000,2016/1/4,Waiting,8135797.500
7392.000,2016/1/5,Waiting,8135797.500
7393.000,2016/1/6,Waiting,8135797.500
7394.000,2016/1/7,Waiting,8135797.500
7395.000,2016/1/8,Waiting,8135797.500
7396.000,2016/1/11,Waiting,8135797.500
7397.000,2016/1/12,Waiting,8135797.500
7398.000,2016/1/13,Waiting,8135797.500
7399.000,2016/1/14,Waiting,8135797.500
7400.000,2016/1/15,Waiting,8135797.500
7401.000,2016/1/18,Waiting,8135797.500
7402.000,2016/1/19,Waiting,8135797.500
7403.000,2016/1/20,Waiting,8135797.500
7404.000,2016/1/21,Waiting,8135797.500
7405.000,2016/1/22,Waiting,8135797.500
7406.000,2016/1/25,Waiting,8135797.500
7407.000,2016/1/26,Waiting,8135797.500
7408.000,2016/1/27,Waiting,8135797.500
7409.000,2016/1/28,Waiting,8135797.500
7410.000,2016/1/29,Waiting,8135797.500
7411.000,2016/1/30,Waiting,8135797.500
7412.000,2016/2/1,Waiting,8135797.500
7413.000,2016/2/2,Waiting,8135797.500
7414.000,2016/2/3,Waiting,8135797.500
7415.000,2016/2/15,Waiting,8135797.500
7416.000,2016/2/16,Waiting,8135797.500
7417.000,2016/2/17,Waiting,8135797.500
7418.000,2016/2/18,Waiting,8135797.500
7419.000,2016/2/19,Waiting,8135797.500
7420.000,2016/2/22,Waiting,8135797.500
7421.000,2016/2/23,Waiting,8135797.500
7422.000,2016/2/24,Waiting,8135797.500
7423.000,2016/2/25,Waiting,8135797.500
7424.000,2016/2/26,Waiting,8135797.500
7425.000,2016/3/1,Waiting,8135797.500
7426.000,2016/3/2,Waiting,8135797.500
7427.000,2016/3/3,Waiting,8135797.500
7428.000,2016/3/4,Waiting,8135797.500
7429.000,2016/3/7,Waiting,8135797.500
7430.000,2016/3/8,Waiting,8135797.500
7431.000,2016/3/9,Waiting,8135797.500
7432.000,2016/3/10,Waiting,8135797.500
7433.000,2016/3/11,Waiting,8135797.500
7434.000,2016/3/14,Waiting,8135797.500
7435.000,2016/3/15,Waiting,8135797.500
7436.000,2016/3/16,Waiting,8135797.500
7437.000,2016/3/17,Waiting,8135797.500
7438.000,2016/3/18,Waiting,8135797.500
7439.000,2016/3/21,Waiting,8135797.500
7440.000,2016/3/22,Waiting,8135797.500
7441.000,2016/3/23,Waiting,8135797.500
7442.000,2016/3/24,Waiting,8135797.500
7443.000,2016/3/25,Waiting,8135797.500
7444.000,2016/3/28,Waiting,8135797.500
7445.000,2016/3/29,Waiting,8135797.500
7446.000,2016/3/30,Waiting,8135797.500
7447.000,2016/3/31,Waiting,8135797.500
7448.000,2016/4/1,Waiting,8135797.500
7449.000,2016/4/6,Waiting,8135797.500
7450.000,2016/4/7,Waiting,8135797.500
7451.000,2016/4/8,Waiting,8135797.500
7452.000,2016/4/11,Waiting,8135797.500
7453.000,2016/4/12,Waiting,8135797.500
7454.000,2016/4/13,Waiting,8135797.500
7455.000,2016/4/14,Waiting,8135797.500
7456.000,2016/4/15,Waiting,8135797.500
7457.000,2016/4/18,Waiting,8135797.500
7458.000,2016/4/19,Waiting,8135797.500
7459.000,2016/4/20,Waiting,8135797.500
7460.000,2016/4/21,Waiting,8135797.500
7461.000,2016/4/22,Waiting,8135797.500
7462.000,2016/4/25,Waiting,8135797.500
7463.000,2016/4/26,Waiting,8135797.500
7464.000,2016/4/27,Waiting,8135797.500
7465.000,2016/4/28,Waiting,8135797.500
7466.000,2016/4/29,Waiting,8135797.500
7467.000,2016/5/3,Waiting,8135797.500
7468.000,2016/5/4,Waiting,8135797.500
7469.000,2016/5/5,Waiting,8135797.500
7470.000,2016/5/6,Waiting,8135797.500
7471.000,2016/5/9,Waiting,8135797.500
7472.000,2016/5/10,Waiting,8135797.500
7473.000,2016/5/11,Waiting,8135797.500
7474.000,2016/5/12,Waiting,8135797.500
7475.000,2016/5/13,Waiting,8135797.500
7476.000,2016/5/16,Waiting,8135797.500
7477.000,2016/5/17,Waiting,8135797.500
7478.000,2016/5/18,Waiting,8135797.500
7479.000,2016/5/19,Waiting,8135797.500
7480.000,2016/5/20,Waiting,8135797.500
7481.000,2016/5/23,Waiting,8135797.500
7482.000,2016/5/24,Waiting,8135797.500
7483.000,2016/5/25,Waiting,8135797.500
7484.000,2016/5/26,Waiting,8135797.500
7485.000,2016/5/27,Waiting,8135797.500
7486.000,2016/5/30,Waiting,8135797.500
7487.000,2016/5/31,Waiting,8135797.500
7488.000,2016/6/1,Waiting,8135797.500
7489.000,2016/6/2,Waiting,8135797.500
7490.000,2016/6/3,Waiting,8135797.500
7491.000,2016/6/4,Waiting,8135797.500
7492.000,2016/6/6,Waiting,8135797.500
7493.000,2016/6/7,Waiting,8135797.500
7494.000,2016/6/8,Waiting,8135797.500
7495.000,2016/6/13,Waiting,8135797.500
7496.000,2016/6/14,Waiting,8135797.500
7497.000,2016/6/15,Waiting,8135797.500
7498.000,2016/6/16,Buy,8135797.500
7499.000,2016/6/17,Sell,8510401.000
7500.000,2016/6/20,Buy,8510401.000
7501.000,2016/6/21,Holding,8600001.000
7502.000,2016/6/22,Holding,8673601.000
7503.000,2016/6/23,Holding,8436801.000
7504.000,2016/6/24,Holding,8305601.000
7505.000,2016/6/27,Holding,8305601.000
7506.000,2016/6/28,Holding,8408001.000
7507.000,2016/6/29,Holding,8305601.000
7508.000,2016/6/30,Holding,8468801.000
7509.000,2016/7/1,Holding,8644801.000
7510.000,2016/7/4,Holding,8939201.000
7511.000,2016/7/5,Holding,9028801.000
7512.000,2016/7/6,Holding,8776001.000
7513.000,2016/7/7,Holding,9073601.000
7514.000,2016/7/11,Holding,9368002.000
7515.000,2016/7/12,Holding,9278401.000
7516.000,2016/7/13,Holding,9339202.000
7517.000,2016/7/14,Holding,9352001.000
7518.000,2016/7/15,Holding,9412801.000
7519.000,2016/7/18,Holding,9486401.000
7520.000,2016/7/19,Holding,9515201.000
7521.000,2016/7/20,Holding,9428801.000
7522.000,2016/7/21,Holding,9486401.000
7523.000,2016/7/22,Holding,9294401.000
7524.000,2016/7/25,Holding,9473601.000
7525.000,2016/7/26,Holding,9364801.000
7526.000,2016/7/27,Holding,9457601.000
7527.000,2016/7/28,Holding,9473601.000
7528.000,2016/7/29,Holding,9409601.000
7529.000,2016/8/1,Holding,9409601.000
7530.000,2016/8/2,Holding,9563201.000
7531.000,2016/8/3,Holding,9716802.000
7532.000,2016/8/4,Holding,9595201.000
7533.000,2016/8/5,Holding,9716802.000
7534.000,2016/8/8,Holding,9748801.000
7535.000,2016/8/9,Holding,9748801.000
7536.000,2016/8/10,Holding,9764801.000
7537.000,2016/8/11,Holding,9748801.000
7538.000,2016/8/12,Holding,9748801.000
7539.000,2016/8/15,Holding,9748801.000
7540.000,2016/8/16,Holding,9704001.000
7541.000,2016/8/17,Holding,9502401.000
7542.000,2016/8/18,Holding,9780801.000
7543.000,2016/8/19,Holding,10286401.000
7544.000,2016/8/22,Holding,10548801.000
7545.000,2016/8/23,Holding,10532801.000
7546.000,2016/8/24,Holding,10532801.000
7547.000,2016/8/25,Holding,10609600.000
7548.000,2016/8/26,Holding,10548801.000
7549.000,2016/8/29,Holding,10302401.000
7550.000,2016/8/30,Holding,10132801.000
7551.000,2016/8/31,Holding,10132801.000
7552.000,2016/9/1,Holding,9825602.000
7553.000,2016/9/2,Holding,9979202.000
7554.000,2016/9/5,Holding,10177601.000
7555.000,2016/9/6,Holding,10516802.000
7556.000,2016/9/7,Holding,10516802.000
7557.000,2016/9/8,Holding,10209601.000
7558.000,2016/9/9,Holding,9979202.000
7559.000,2016/9/10,Holding,9902401.000
7560.000,2016/9/12,Holding,9656001.000
7561.000,2016/9/13,Holding,9563201.000
7562.000,2016/9/14,Holding,9425602.000
7563.000,2016/9/19,Holding,9627201.000
7564.000,2016/9/20,Holding,9595201.000
7565.000,2016/9/21,Holding,10148801.000
7566.000,2016/9/22,Holding,9995201.000
7567.000,2016/9/23,Holding,9995201.000
7568.000,2016/9/26,Holding,10072001.000
7569.000,2016/9/29,Holding,10241601.000
7570.000,2016/9/30,Holding,9947201.000
7571.000,2016/10/3,Holding,9979202.000
7572.000,2016/10/4,Holding,10040001.000
7573.000,2016/10/5,Holding,10177601.000
7574.000,2016/10/6,Holding,10241601.000
7575.000,2016/10/7,Holding,10254400.000
7576.000,2016/10/11,Holding,10072001.000
7577.000,2016/10/12,Holding,10072001.000
7578.000,2016/10/13,Holding,9748801.000
7579.000,2016/10/14,Holding,10011201.000
7580.000,2016/10/17,Holding,10072001.000
7581.000,2016/10/18,Holding,10177601.000
7582.000,2016/10/19,Holding,10472000.000
7583.000,2016/10/20,Holding,10331201.000
7584.000,2016/10/21,Holding,10270402.000
7585.000,2016/10/24,Holding,10363200.000
7586.000,2016/10/25,Holding,10500801.000
7587.000,2016/10/26,Holding,10532801.000
7588.000,2016/10/27,Holding,10532801.000
7589.000,2016/10/28,Holding,10609600.000
7590.000,2016/10/31,Holding,10625602.000
7591.000,2016/11/1,Holding,10472000.000
7592.000,2016/11/2,Holding,10132801.000
7593.000,2016/11/3,Holding,10024001.000
7594.000,2016/11/4,Holding,10072001.000
7595.000,2016/11/7,Holding,10395201.000
7596.000,2016/11/8,Holding,10516802.000
7597.000,2016/11/9,Holding,10148801.000
7598.000,2016/11/10,Holding,10715201.000
7599.000,2016/11/11,Holding,10516802.000
7600.000,2016/11/14,Holding,10379202.000
7601.000,2016/11/15,Holding,10270402.000
7602.000,2016/11/16,Holding,10225602.000
7603.000,2016/11/17,Holding,10116802.000
7604.000,2016/11/18,Holding,10011201.000
7605.000,2016/11/21,Sell,10302401.000
7606.000,2016/11/22,Waiting,10302401.000
7607.000,2016/11/23,Buy,10302401.000
7608.000,2016/11/24,Holding,10181926.000
7609.000,2016/11/25,Holding,10181926.000
7610.000,2016/11/28,Holding,10258015.000
7611.000,2016/11/29,Holding,10137541.000
7612.000,2016/11/30,Holding,10213630.000
7613.000,2016/12/1,Holding,10289719.000
7614.000,2016/12/2,Holding,10289719.000
7615.000,2016/12/5,Holding,10166075.000
7616.000,2016/12/6,Holding,10242163.000
7617.000,2016/12/7,Holding,10273868.000
7618.000,2016/12/8,Holding,10562372.000
7619.000,2016/12/9,Holding,10546519.000
7620.000,2016/12/12,Holding,10530667.000
7621.000,2016/12/13,Holding,10517987.000
7622.000,2016/12/14,Holding,10470431.000
7623.000,2016/12/15,Holding,10273868.000
7624.000,2016/12/16,Holding,10150222.000
7625.000,2016/12/19,Holding,9953659.000
7626.000,2016/12/20,Sell,10029748.000
7627.000,2016/12/21,Waiting,10029748.000
7628.000,2016/12/22,Waiting,10029748.000
7629.000,2016/12/23,Waiting,10029748.000
7630.000,2016/12/26,Waiting,10029748.000
7631.000,2016/12/27,Waiting,10029748.000
7632.000,2016/12/28,Waiting,10029748.000
7633.000,2016/12/29,Waiting,10029748.000
7634.000,2016/12/30,Waiting,10029748.000
7635.000,2017/1/3,Waiting,10029748.000
7636.000,2017/1/4,Waiting,10029748.000
7637.000,2017/1/5,Waiting,10029748.000
7638.000,2017/1/6,Waiting,10029748.000
7639.000,2017/1/9,Waiting,10029748.000
7640.000,2017/1/10,Waiting,10029748.000
7641.000,2017/1/11,Waiting,10029748.000
7642.000,2017/1/12,Waiting,10029748.000
7643.000,2017/1/13,Waiting,10029748.000
7644.000,2017/1/16,Waiting,10029748.000
7645.000,2017/1/17,Waiting,10029748.000
7646.000,2017/1/18,Waiting,10029748.000
7647.000,2017/1/19,Waiting,10029748.000
7648.000,2017/1/20,Waiting,10029748.000
7649.000,2017/1/23,Waiting,10029748.000
7650.000,2017/1/24,Waiting,10029748.000
7651.000,2017/2/2,Waiting,10029748.000
7652.000,2017/2/3,Waiting,10029748.000
7653.000,2017/2/6,Waiting,10029748.000
7654.000,2017/2/7,Waiting,10029748.000
7655.000,2017/2/8,Waiting,10029748.000
7656.000,2017/2/9,Waiting,10029748.000
7657.000,2017/2/10,Waiting,10029748.000
7658.000,2017/2/13,Buy,10029748.000
7659.000,2017/2/14,Holding,9972285.000
7660.000,2017/2/15,Holding,10044869.000
7661.000,2017/2/16,Holding,9926921.000
7662.000,2017/2/17,Holding,9884580.000
7663.000,2017/2/18,Holding,9827117.000
7664.000,2017/2/20,Holding,9624487.000
7665.000,2017/2/21,Holding,9754534.000
7666.000,2017/2/22,Holding,10087210.000
7667.000,2017/2/23,Holding,10029748.000
7668.000,2017/2/24,Holding,9926921.000
7669.000,2017/3/1,Holding,9942042.000
7670.000,2017/3/2,Holding,10072088.000
7671.000,2017/3/3,Holding,10029748.000
7672.000,2017/3/6,Holding,9972285.000
7673.000,2017/3/7,Holding,10087210.000
7674.000,2017/3/8,Holding,10072088.000
7675.000,2017/3/9,Holding,9884580.000
7676.000,2017/3/10,Holding,9739411.000
7677.000,2017/3/13,Holding,9914823.000
7678.000,2017/3/14,Holding,9972285.000
7679.000,2017/3/15,Holding,10087210.000
7680.000,2017/3/16,Holding,10029748.000
7681.000,2017/3/17,Holding,10087210.000
7682.000,2017/3/20,Holding,10072088.000
7683.000,2017/3/21,Holding,10144672.000
7684.000,2017/3/22,Holding,9999504.000
7685.000,2017/3/23,Holding,10029748.000
7686.000,2017/3/24,Holding,10029748.000
7687.000,2017/3/27,Holding,9957163.000
7688.000,2017/3/28,Holding,9781753.000
7689.000,2017/3/29,Holding,9942042.000
7690.000,2017/3/30,Holding,9697071.000
7691.000,2017/3/31,Holding,9536781.000
7692.000,2017/4/5,Sell,9754534.000
7693.000,2017/4/6,Waiting,9754534.000
7694.000,2017/4/7,Waiting,9754534.000
7695.000,2017/4/10,Waiting,9754534.000
7696.000,2017/4/11,Waiting,9754534.000
7697.000,2017/4/12,Waiting,9754534.000
7698.000,2017/4/13,Waiting,9754534.000
7699.000,2017/4/14,Waiting,9754534.000
7700.000,2017/4/17,Waiting,9754534.000
7701.000,2017/4/18,Waiting,9754534.000
7702.000,2017/4/19,Waiting,9754534.000
7703.000,2017/4/20,Waiting,9754534.000
7704.000,2017/4/21,Waiting,9754534.000
7705.000,2017/4/24,Waiting,9754534.000
7706.000,2017/4/25,Waiting,9754534.000
7707.000,2017/4/26,Waiting,9754534.000
7708.000,2017/4/27,Waiting,9754534.000
7709.000,2017/4/28,Waiting,9754534.000
7710.000,2017/5/2,Waiting,9754534.000
7711.000,2017/5/3,Waiting,9754534.000
7712.000,2017/5/4,Waiting,9754534.000
7713.000,2017/5/5,Waiting,9754534.000
7714.000,2017/5/8,Waiting,9754534.000
7715.000,2017/5/9,Waiting,9754534.000
7716.000,2017/5/10,Waiting,9754534.000
7717.000,2017/5/11,Waiting,9754534.000
7718.000,2017/5/12,Waiting,9754534.000
7719.000,2017/5/15,Waiting,9754534.000
7720.000,2017/5/16,Waiting,9754534.000
7721.000,2017/5/17,Waiting,9754534.000
7722.000,2017/5/18,Waiting,9754534.000
7723.000,2017/5/19,Waiting,9754534.000
7724.000,2017/5/22,Waiting,9754534.000
7725.000,2017/5/23,Waiting,9754534.000
7726.000,2017/5/24,Waiting,9754534.000
7727.000,2017/5/25,Waiting,9754534.000
7728.000,2017/5/26,Waiting,9754534.000
7729.000,2017/5/31,Waiting,9754534.000
7730.000,2017/6/1,Waiting,9754534.000
7731.000,2017/6/2,Waiting,9754534.000
7732.000,2017/6/3,Waiting,9754534.000
7733.000,2017/6/5,Waiting,9754534.000
7734.000,2017/6/6,Waiting,9754534.000
7735.000,2017/6/7,Waiting,9754534.000
7736.000,2017/6/8,Waiting,9754534.000
7737.000,2017/6/9,Waiting,9754534.000
7738.000,2017/6/12,Waiting,9754534.000
7739.000,2017/6/13,Waiting,9754534.000
7740.000,2017/6/14,Waiting,9754534.000
7741.000,2017/6/15,Waiting,9754534.000
7742.000,2017/6/16,Waiting,9754534.000
7743.000,2017/6/19,Waiting,9754534.000
7744.000,2017/6/20,Waiting,9754534.000
7745.000,2017/6/21,Waiting,9754534.000
7746.000,2017/6/22,Waiting,9754534.000
7747.000,2017/6/23,Waiting,9754534.000
7748.000,2017/6/26,Waiting,9754534.000
7749.000,2017/6/27,Waiting,9754534.000
7750.000,2017/6/28,Waiting,9754534.000
7751.000,2017/6/29,Waiting,9754534.000
7752.000,2017/6/30,Waiting,9754534.000
7753.000,2017/7/3,Waiting,9754534.000
7754.000,2017/7/4,Waiting,9754534.000
7755.000,2017/7/5,Waiting,9754534.000
7756.000,2017/7/6,Waiting,9754534.000
7757.000,2017/7/7,Waiting,9754534.000
7758.000,2017/7/10,Waiting,9754534.000
7759.000,2017/7/11,Waiting,9754534.000
7760.000,2017/7/12,Waiting,9754534.000
7761.000,2017/7/13,Waiting,9754534.000
7762.000,2017/7/14,Waiting,9754534.000
7763.000,2017/7/17,Waiting,9754534.000
7764.000,2017/7/18,Waiting,9754534.000
7765.000,2017/7/19,Waiting,9754534.000
7766.000,2017/7/20,Buy,9754534.000
7767.000,2017/7/21,Holding,9726672.000
7768.000,2017/7/24,Holding,9695715.000
7769.000,2017/7/25,Holding,9695715.000
7770.000,2017/7/26,Holding,9680236.000
7771.000,2017/7/27,Holding,9896937.000
7772.000,2017/7/28,Holding,9896937.000
7773.000,2017/7/31,Holding,9835022.000
7774.000,2017/8/1,Holding,9835022.000
7775.000,2017/8/2,Holding,9865979.000
7776.000,2017/8/3,Holding,9804065.000
7777.000,2017/8/4,Holding,9773108.000
7778.000,2017/8/7,Holding,9835022.000
7779.000,2017/8/8,Holding,9865979.000
7780.000,2017/8/9,Holding,9757629.000
7781.000,2017/8/10,Holding,9649279.000
7782.000,2017/8/11,Holding,9556407.000
7783.000,2017/8/14,Holding,9695715.000
7784.000,2017/8/15,Holding,9602843.000
7785.000,2017/8/16,Holding,9633800.000
7786.000,2017/8/17,Holding,9602843.000
7787.000,2017/8/18,Holding,9602843.000
7788.000,2017/8/21,Holding,9556407.000
7789.000,2017/8/22,Holding,9602843.000
7790.000,2017/8/23,Holding,9664758.000
7791.000,2017/8/24,Holding,9742151.000
7792.000,2017/8/25,Holding,9788586.000
7793.000,2017/8/28,Holding,9773108.000
7794.000,2017/8/29,Holding,9742151.000
7795.000,2017/8/30,Holding,9757629.000
7796.000,2017/8/31,Holding,9788586.000
7797.000,2017/9/1,Holding,9726672.000
7798.000,2017/9/4,Holding,9664758.000
7799.000,2017/9/5,Holding,9602843.000
7800.000,2017/9/6,Holding,9556407.000
7801.000,2017/9/7,Holding,9463536.000
7802.000,2017/9/8,Sell,9540929.000
7803.000,2017/9/11,Waiting,9540929.000
7804.000,2017/9/12,Waiting,9540929.000
7805.000,2017/9/13,Waiting,9540929.000
7806.000,2017/9/14,Waiting,9540929.000
7807.000,2017/9/15,Waiting,9540929.000
7808.000,2017/9/18,Waiting,9540929.000
7809.000,2017/9/19,Waiting,9540929.000
7810.000,2017/9/20,Waiting,9540929.000
7811.000,2017/9/21,Waiting,9540929.000
7812.000,2017/9/22,Waiting,9540929.000
7813.000,2017/9/25,Waiting,9540929.000
7814.000,2017/9/26,Waiting,9540929.000
7815.000,2017/9/27,Waiting,9540929.000
7816.000,2017/9/28,Waiting,9540929.000
7817.000,2017/9/29,Waiting,9540929.000
7818.000,2017/9/30,Waiting,9540929.000
7819.000,2017/10/2,Waiting,9540929.000
7820.000,2017/10/3,Waiting,9540929.000
7821.000,2017/10/5,Waiting,9540929.000
7822.000,2017/10/6,Waiting,9540929.000
7823.000,2017/10/11,Waiting,9540929.000
7824.000,2017/10/12,Waiting,9540929.000
7825.000,2017/10/13,Waiting,9540929.000
7826.000,2017/10/16,Waiting,9540929.000
7827.000,2017/10/17,Waiting,9540929.000
7828.000,2017/10/18,Waiting,9540929.000
7829.000,2017/10/19,Waiting,9540929.000
7830.000,2017/10/20,Waiting,9540929.000
7831.000,2017/10/23,Waiting,9540929.000
7832.000,2017/10/24,Waiting,9540929.000
7833.000,2017/10/25,Waiting,9540929.000
7834.000,2017/10/26,Waiting,9540929.000
7835.000,2017/10/27,Waiting,9540929.000
7836.000,2017/10/30,Waiting,9540929.000
7837.000,2017/10/31,Waiting,9540929.000
7838.000,2017/11/1,Waiting,9540929.000
7839.000,2017/11/2,Waiting,9540929.000
7840.000,2017/11/3,Waiting,9540929.000
7841.000,2017/11/6,Waiting,9540929.000
7842.000,2017/11/7,Waiting,9540929.000
7843.000,2017/11/8,Waiting,9540929.000
7844.000,2017/11/9,Waiting,9540929.000
7845.000,2017/11/10,Waiting,9540929.000
7846.000,2017/11/13,Waiting,9540929.000
7847.000,2017/11/14,Waiting,9540929.000
7848.000,2017/11/15,Waiting,9540929.000
7849.000,2017/11/16,Buy,9540929.000
7850.000,2017/11/17,Holding,9648490.000
7851.000,2017/11/20,Holding,9510198.000
7852.000,2017/11/21,Holding,9556295.000
7853.000,2017/11/22,Holding,9663856.000
7854.000,2017/11/23,Holding,9602392.000
7855.000,2017/11/24,Holding,9617758.000
7856.000,2017/11/27,Holding,9571661.000
7857.000,2017/11/28,Holding,9325808.000
7858.000,2017/11/29,Sell,9418003.000
7859.000,2017/11/30,Waiting,9418003.000
7860.000,2017/12/1,Waiting,9418003.000
7861.000,2017/12/4,Waiting,9418003.000
7862.000,2017/12/5,Waiting,9418003.000
7863.000,2017/12/6,Waiting,9418003.000
7864.000,2017/12/7,Waiting,9418003.000
7865.000,2017/12/8,Waiting,9418003.000
7866.000,2017/12/11,Waiting,9418003.000
7867.000,2017/12/12,Waiting,9418003.000
7868.000,2017/12/13,Waiting,9418003.000
7869.000,2017/12/14,Waiting,9418003.000
7870.000,2017/12/15,Waiting,9418003.000
7871.000,2017/12/18,Waiting,9418003.000
7872.000,2017/12/19,Waiting,9418003.000
7873.000,2017/12/20,Buy,9418003.000
7874.000,2017/12/21,Holding,9418003.000
7875.000,2017/12/22,Holding,9418003.000
7876.000,2017/12/25,Holding,9418003.000
7877.000,2017/12/26,Holding,9418003.000
7878.000,2017/12/27,Holding,9418003.000
7879.000,2017/12/28,Holding,9418003.000
7880.000,2017/12/29,Holding,9418003.000
