"Filename","Begin","End","Start_NetProfit","End_NetProfit","NetProfit","NetProfit_Percent","Number_of_Transactions","Window_GrossProfit","Window_GrossLoss","Window_Net","Window_MDD"
"2_20_1.75_75_4.csv","2004/1/2","2007/12/31","4792318.5","8121522.5","3329204.0","0.574761902337","18","24382998.625","-18270931.125","6112067.5","-2037030.0"
"2_20_1.75_100_4.csv","2004/1/2","2007/12/31","5023709.5","8388722.0","3365012.5","0.558627951763","17","24733821.75","-18607638.75","6126183.0","-2096701.0"
"2_120_1_200_6.csv","2004/1/2","2007/12/31","304579.969","1054121.5","749541.531","0.574546251522","7","10599419.914","-9278430.008","1320989.906","-674560.25"
"2_120_1_175_6.csv","2004/1/2","2007/12/31","216771.719","915863.313","699091.594","0.574546221846","7","9885997.74","-8653920.646","1232077.094","-629157.14"
"2_120_1_100_6.csv","2004/1/2","2007/12/31","350915.031","1127078.125","776163.094","0.574546197347","7","10975881.329","-9607973.673","1367907.656","-698518.688"
"2_120_1_125_6.csv","2004/1/2","2007/12/31","350915.031","1127078.125","776163.094","0.574546197347","7","10975881.329","-9607973.673","1367907.656","-698518.688"
"2_120_1_150_6.csv","2004/1/2","2007/12/31","350915.031","1127078.125","776163.094","0.574546197347","7","10975881.329","-9607973.673","1367907.656","-698518.688"
"2_120_1_75_6.csv","2004/1/2","2007/12/31","350915.031","1127078.125","776163.094","0.574546197347","7","10975881.329","-9607973.673","1367907.656","-698518.688"
"2_120_1_50_6.csv","2004/1/2","2007/12/31","310675.0","1063718.25","753043.25","0.57454613081","7","10648939.37","-9321778.026","1327161.344","-677711.75"
"2_100_1_225_8.csv","2004/1/2","2007/12/31","718238.938","1658332.375","940093.437","0.547126139566","7","13838441.649","-12167244.665","1671196.984","-880249.125"
"2_100_1_200_8.csv","2004/1/2","2007/12/31","645500.125","1545796.125","900296.0","0.547126059927","7","13252614.181","-11652164.736","1600449.445","-842985.23"
"2_120_1_200_12.csv","2004/1/2","2007/12/31","349226.781","1006567.188","657340.407","0.487197864923","7","11346055.281","-10124151.624","1221903.657","-716580.625"
"2_120_1_200_14.csv","2004/1/2","2007/12/31","108438.5","599616.938","491178.438","0.443126468451","7","9422725.977","-8467738.476","954987.501","-588696.813"
"2_120_1_200_16.csv","2004/1/2","2007/12/31","108438.5","599616.938","491178.438","0.443126468451","7","9422725.977","-8467738.476","954987.501","-588696.813"
"2_120_1_200_18.csv","2004/1/2","2007/12/31","108438.5","494252.938","385814.438","0.348070224916","7","9590350.54","-8740727.039","849623.501","-630268.125"
"2_120_1_200_20.csv","2004/1/2","2007/12/31","108438.5","494252.938","385814.438","0.348070224916","7","9590350.54","-8740727.039","849623.501","-630268.125"
"2_120_1_175_12.csv","2004/1/2","2007/12/31","174086.75","746099.313","572012.563","0.487197869323","7","9873250.361","-8809959.235","1063291.126","-623562.953"
"2_120_1_100_18.csv","2004/1/2","2007/12/31","-113728.391","194756.344","308484.735","0.348070198647","7","7668133.871","-6988802.402","679331.469","-503942.031"
"2_120_1_125_18.csv","2004/1/2","2007/12/31","-113728.391","194756.344","308484.735","0.348070198647","7","7668133.871","-6988802.402","679331.469","-503942.031"
"2_120_1_150_18.csv","2004/1/2","2007/12/31","-113728.391","194756.344","308484.735","0.348070198647","7","7668133.871","-6988802.402","679331.469","-503942.031"
"2_120_1_50_18.csv","2004/1/2","2007/12/31","-113728.391","194756.344","308484.735","0.348070198647","7","7668133.871","-6988802.402","679331.469","-503942.031"
"2_120_1_75_18.csv","2004/1/2","2007/12/31","-113728.391","194756.344","308484.735","0.348070198647","7","7668133.871","-6988802.402","679331.469","-503942.031"
"2_120_1_175_18.csv","2004/1/2","2007/12/31","-184658.313","99137.813","283796.126","0.348070177847","7","7054440.339","-6429477.026","624963.313","-463610.719"
"2_120_1_175_20.csv","2004/1/2","2007/12/31","-184658.313","99137.813","283796.126","0.348070177847","7","7054440.339","-6429477.026","624963.313","-463610.719"
"2_120_1_100_12.csv","2004/1/2","2007/12/31","214802.672","806651.875","591849.203","0.487197811333","7","10215641.19","-9115476.502","1100164.688","-645187.266"
"2_120_1_125_12.csv","2004/1/2","2007/12/31","214802.672","806651.875","591849.203","0.487197811333","7","10215641.19","-9115476.502","1100164.688","-645187.266"
"2_120_1_150_12.csv","2004/1/2","2007/12/31","214802.672","806651.875","591849.203","0.487197811333","7","10215641.19","-9115476.502","1100164.688","-645187.266"
"2_120_1_50_12.csv","2004/1/2","2007/12/31","214802.672","806651.875","591849.203","0.487197811333","7","10215641.19","-9115476.502","1100164.688","-645187.266"
"2_120_1_75_12.csv","2004/1/2","2007/12/31","214802.672","806651.875","591849.203","0.487197811333","7","10215641.19","-9115476.502","1100164.688","-645187.266"
"2_120_1_175_14.csv","2004/1/2","2007/12/31","-46103.531","376593.313","422696.844","0.443126542279","7","8108979.848","-7287139.722","821840.126","-506618.859"
"2_120_1_175_16.csv","2004/1/2","2007/12/31","-46103.531","376593.313","422696.844","0.443126542279","7","8108979.848","-7287139.722","821840.126","-506618.859"
"2_120_1_100_20.csv","2004/1/2","2007/12/31","-14200.65","328926.75","343127.4","0.348070223418","7","8529260.595","-7773640.657","755619.938","-560534.437"
"2_120_1_125_20.csv","2004/1/2","2007/12/31","-14200.65","328926.75","343127.4","0.348070223418","7","8529260.595","-7773640.657","755619.938","-560534.437"
"2_120_1_150_20.csv","2004/1/2","2007/12/31","-14200.65","328926.75","343127.4","0.348070223418","7","8529260.595","-7773640.657","755619.938","-560534.437"
"2_120_1_50_20.csv","2004/1/2","2007/12/31","-14200.65","328926.75","343127.4","0.348070223418","7","8529260.595","-7773640.657","755619.938","-560534.437"
"2_120_1_75_20.csv","2004/1/2","2007/12/31","-14200.65","328926.75","343127.4","0.348070223418","7","8529260.595","-7773640.657","755619.938","-560534.437"
"2_120_1_100_14.csv","2004/1/2","2007/12/31","36879.836","496348.719","459468.883","0.443126452119","7","8814412.834","-7921077.615","893335.219","-550691.672"
"2_120_1_100_16.csv","2004/1/2","2007/12/31","36879.836","496348.719","459468.883","0.443126452119","7","8814412.834","-7921077.615","893335.219","-550691.672"
"2_120_1_125_14.csv","2004/1/2","2007/12/31","36879.836","496348.719","459468.883","0.443126452119","7","8814412.834","-7921077.615","893335.219","-550691.672"
"2_120_1_125_16.csv","2004/1/2","2007/12/31","36879.836","496348.719","459468.883","0.443126452119","7","8814412.834","-7921077.615","893335.219","-550691.672"
"2_120_1_150_14.csv","2004/1/2","2007/12/31","36879.836","496348.719","459468.883","0.443126452119","7","8814412.834","-7921077.615","893335.219","-550691.672"
"2_120_1_150_16.csv","2004/1/2","2007/12/31","36879.836","496348.719","459468.883","0.443126452119","7","8814412.834","-7921077.615","893335.219","-550691.672"
"2_120_1_50_14.csv","2004/1/2","2007/12/31","36879.836","496348.719","459468.883","0.443126452119","7","8814412.834","-7921077.615","893335.219","-550691.672"
"2_120_1_50_16.csv","2004/1/2","2007/12/31","36879.836","496348.719","459468.883","0.443126452119","7","8814412.834","-7921077.615","893335.219","-550691.672"
"2_120_1_75_14.csv","2004/1/2","2007/12/31","36879.836","496348.719","459468.883","0.443126452119","7","8814412.834","-7921077.615","893335.219","-550691.672"
"2_120_1_75_16.csv","2004/1/2","2007/12/31","36879.836","496348.719","459468.883","0.443126452119","7","8814412.834","-7921077.615","893335.219","-550691.672"
"2_100_1_225_12.csv","2004/1/2","2007/12/31","411815.906","1135825.625","724009.719","0.512821619252","7","11522587.833","-10229102.255","1293485.578","-723269.391"
"2_100_1_225_14.csv","2004/1/2","2007/12/31","411815.906","1079047.375","667231.469","0.472605150689","7","11522587.833","-10285880.505","1236707.328","-723269.391"
"2_100_1_225_16.csv","2004/1/2","2007/12/31","411815.906","1099584.125","687768.219","0.487151487724","7","11650640.708","-10393396.63","1257244.078","-723269.391"
"2_100_1_225_18.csv","2004/1/2","2007/12/31","411815.906","1099584.125","687768.219","0.487151487724","7","11650640.708","-10393396.63","1257244.078","-723269.391"
"2_100_1_225_20.csv","2004/1/2","2007/12/31","411815.906","1099584.125","687768.219","0.487151487724","7","11650640.708","-10393396.63","1257244.078","-723269.391"
"2_100_1_200_10.csv","2004/1/2","2007/12/31","642201.063","1484357.375","842156.312","0.51282168242","7","13402885.505","-11898324.232","1504561.273","-841295.079"
"2_100_1_200_12.csv","2004/1/2","2007/12/31","485037.313","1246596.5","761559.187","0.512821583898","7","12120187.722","-10759617.824","1360569.898","-760780.555"
"2_100_1_200_14.csv","2004/1/2","2007/12/31","485037.313","1186873.5","701836.187","0.472605085984","7","12120187.722","-10819340.824","1300846.898","-760780.555"
"2_100_1_200_16.csv","2004/1/2","2007/12/31","485037.313","1208475.5","723438.187","0.487151521828","7","12254881.847","-10932432.949","1322448.898","-760780.555"
"2_100_1_200_18.csv","2004/1/2","2007/12/31","485037.313","1208475.5","723438.187","0.487151521828","7","12254881.847","-10932432.949","1322448.898","-760780.555"
"2_100_1_200_20.csv","2004/1/2","2007/12/31","485037.313","1208475.5","723438.187","0.487151521828","7","12254881.847","-10932432.949","1322448.898","-760780.555"
"2_100_1_225_10.csv","2004/1/2","2007/12/31","561230.25","1361863.0","800632.75","0.512821699426","7","12742040.329","-11311663.391","1430376.938","-799814.064"
"2_120_0.75_200_12.csv","2004/1/2","2007/12/31","473383.469","1006060.063","532676.594","0.361532897041","7","12670707.165","-11574270.18","1096436.985","-846145.812"
"2_120_0.75_200_14.csv","2004/1/2","2007/12/31","473383.469","1006060.063","532676.594","0.361532897041","7","12670707.165","-11574270.18","1096436.985","-846145.812"
"2_120_0.75_200_16.csv","2004/1/2","2007/12/31","473383.469","1006060.063","532676.594","0.361532897041","7","12670707.165","-11574270.18","1096436.985","-846145.812"
"2_120_0.75_200_18.csv","2004/1/2","2007/12/31","473383.469","1006060.063","532676.594","0.361532897041","7","12670707.165","-11574270.18","1096436.985","-846145.812"
"2_120_0.75_200_20.csv","2004/1/2","2007/12/31","473383.469","1006060.063","532676.594","0.361532897041","7","12670707.165","-11574270.18","1096436.985","-846145.812"
"2_120_0.75_200_8.csv","2004/1/2","2007/12/31","801795.0","1453203.25","651408.25","0.361532943537","7","15494960.541","-14154131.924","1340828.617","-1034748.375"
"2_120_0.75_200_10.csv","2004/1/2","2007/12/31","579112.375","1150013.5","570901.125","0.361532930802","7","13579948.906","-12404832.426","1175116.48","-906864.75"
"2_120_1.5_200_8.csv","2004/1/2","2007/12/31","-48302.598","460075.406","508378.004","0.534180300305","6","7980638.043","-7115362.262","865275.781","-615852.281"
"2_120_1.5_175_8.csv","2004/1/2","2007/12/31","164108.813","785952.875","621844.062","0.534180357588","6","9761854.744","-8703456.119","1058398.625","-753305.75"
"2_120_1.5_150_8.csv","2004/1/2","2007/12/31","360646.719","1087477.375","726830.656","0.534180287837","6","11409960.491","-10172871.241","1237089.25","-880487.25"
"2_120_1.5_100_8.csv","2004/1/2","2007/12/31","422214.406","1181933.375","759718.969","0.534180335816","6","11926248.187","-10633182.046","1293066.141","-920328.25"
"2_120_1.5_125_8.csv","2004/1/2","2007/12/31","422214.406","1181933.375","759718.969","0.534180335816","6","11926248.187","-10633182.046","1293066.141","-920328.25"
"2_120_1.5_50_8.csv","2004/1/2","2007/12/31","422214.406","1181933.375","759718.969","0.534180335816","6","11926248.187","-10633182.046","1293066.141","-920328.25"
"2_120_1.5_75_8.csv","2004/1/2","2007/12/31","422214.406","1181933.375","759718.969","0.534180335816","6","11926248.187","-10633182.046","1293066.141","-920328.25"
"2_120_1.5_225_8.csv","2004/1/2","2007/12/31","161924.781","782602.125","620677.344","0.534180313691","6","9743540.056","-8687127.243","1056412.813","-751892.437"
"2_20_1.75_50_4.csv","2004/1/2","2007/12/31","3316563.5","5486878.0","2170314.5","0.502787576275","21","18437493.625","-14682435.375","3755058.25","-1568472.5"
"2_100_1.25_175_6.csv","2004/1/2","2007/12/31","62140.984","721530.188","659389.204","0.620811374321","9","7294564.729","-6245873.916","1048690.813","-532871.375"
"2_100_1.25_150_6.csv","2004/1/2","2007/12/31","8557.842","570576.75","562018.908","0.557250050117","10","6828600.038","-5896919.163","931680.875","-533908.672"
"2_100_1.25_100_6.csv","2004/1/2","2007/12/31","251919.25","949551.438","697632.188","0.557250148522","10","8476317.591","-7319825.34","1156492.251","-662739.016"
"2_100_1.25_125_6.csv","2004/1/2","2007/12/31","251919.25","949551.438","697632.188","0.557250148522","10","8476317.591","-7319825.34","1156492.251","-662739.016"
"2_100_1.25_50_6.csv","2004/1/2","2007/12/31","251919.25","949551.438","697632.188","0.557250148522","10","8476317.591","-7319825.34","1156492.251","-662739.016"
"2_100_1.25_75_6.csv","2004/1/2","2007/12/31","251919.25","949551.438","697632.188","0.557250148522","10","8476317.591","-7319825.34","1156492.251","-662739.016"
"2_80_1_225_6.csv","2004/1/2","2007/12/31","32636.266","633493.875","600857.609","0.581867622495","8","8086664.413","-7116960.757","969703.656","-600534.782"
"2_80_1_200_6.csv","2004/1/2","2007/12/31","-76062.305","461547.125","537609.43","0.581867622578","8","7235436.358","-6367806.795","867629.563","-537320.579"
"2_120_2_100_16.csv","2004/1/2","2007/12/31","106412.016","827586.5","721174.484","0.651813676615","4","8338719.806","-7222854.368","1115865.438","-517885.0"
"2_120_2_125_16.csv","2004/1/2","2007/12/31","106412.016","827586.5","721174.484","0.651813676615","4","8338719.806","-7222854.368","1115865.438","-517885.0"
"2_120_2_150_16.csv","2004/1/2","2007/12/31","106412.016","827586.5","721174.484","0.651813676615","4","8338719.806","-7222854.368","1115865.438","-517885.0"
"2_120_2_50_16.csv","2004/1/2","2007/12/31","106412.016","827586.5","721174.484","0.651813676615","4","8338719.806","-7222854.368","1115865.438","-517885.0"
"2_120_2_75_16.csv","2004/1/2","2007/12/31","106412.016","827586.5","721174.484","0.651813676615","4","8338719.806","-7222854.368","1115865.438","-517885.0"
"2_120_2_100_20.csv","2004/1/2","2007/12/31","348521.719","959460.688","610938.969","0.453043477455","4","10040533.211","-8948535.398","1091997.813","-677021.625"
"2_120_2_125_20.csv","2004/1/2","2007/12/31","348521.719","959460.688","610938.969","0.453043477455","4","10040533.211","-8948535.398","1091997.813","-677021.625"
"2_120_2_150_20.csv","2004/1/2","2007/12/31","348521.719","959460.688","610938.969","0.453043477455","4","10040533.211","-8948535.398","1091997.813","-677021.625"
"2_120_2_50_20.csv","2004/1/2","2007/12/31","348521.719","959460.688","610938.969","0.453043477455","4","10040533.211","-8948535.398","1091997.813","-677021.625"
"2_120_2_75_20.csv","2004/1/2","2007/12/31","348521.719","959460.688","610938.969","0.453043477455","4","10040533.211","-8948535.398","1091997.813","-677021.625"
"2_120_2_100_18.csv","2004/1/2","2007/12/31","382661.5","1070421.75","687760.25","0.497417661517","4","10167201.737","-8986203.956","1180997.781","-694161.422"
"2_120_2_125_18.csv","2004/1/2","2007/12/31","382661.5","1070421.75","687760.25","0.497417661517","4","10167201.737","-8986203.956","1180997.781","-694161.422"
"2_120_2_150_18.csv","2004/1/2","2007/12/31","382661.5","1070421.75","687760.25","0.497417661517","4","10167201.737","-8986203.956","1180997.781","-694161.422"
"2_120_2_50_18.csv","2004/1/2","2007/12/31","382661.5","1070421.75","687760.25","0.497417661517","4","10167201.737","-8986203.956","1180997.781","-694161.422"
"2_120_2_75_18.csv","2004/1/2","2007/12/31","382661.5","1070421.75","687760.25","0.497417661517","4","10167201.737","-8986203.956","1180997.781","-694161.422"
"2_120_2_225_18.csv","2004/1/2","2007/12/31","507840.781","1257867.5","750026.719","0.497417717077","4","11087689.909","-9799770.393","1287919.516","-757007.29"
"2_120_2_225_20.csv","2004/1/2","2007/12/31","507840.781","1190958.25","683117.469","0.453043502741","4","11226756.659","-10005746.393","1221010.266","-757007.29"
"2_120_2_225_16.csv","2004/1/2","2007/12/31","168124.297","929523.688","761399.391","0.651813675099","4","8803828.686","-7625723.732","1178104.954","-546771.187"
"2_120_2_175_18.csv","2004/1/2","2007/12/31","155852.781","730794.375","574941.594","0.497417667242","4","8499396.644","-7512127.113","987269.531","-580292.703"
"2_120_2_200_18.csv","2004/1/2","2007/12/31","155852.781","730794.375","574941.594","0.497417667242","4","8499396.644","-7512127.113","987269.531","-580292.703"
"2_120_2_175_20.csv","2004/1/2","2007/12/31","127313.07","638034.875","510721.805","0.453043452251","4","8393505.289","-7480636.539","912868.75","-565964.469"
"2_120_2_200_20.csv","2004/1/2","2007/12/31","127313.07","638034.875","510721.805","0.453043452251","4","8393505.289","-7480636.539","912868.75","-565964.469"
"2_120_2_175_16.csv","2004/1/2","2007/12/31","-75081.5","527793.0","602874.5","0.651813646283","4","6970854.21","-6038033.085","932821.125","-432932.344"
"2_120_2_200_16.csv","2004/1/2","2007/12/31","-75081.5","527793.0","602874.5","0.651813646283","4","6970854.21","-6038033.085","932821.125","-432932.344"
"2_100_1_175_8.csv","2004/1/2","2007/12/31","342185.625","1076530.375","734344.75","0.547126072819","7","11189132.661","-9979170.098","1209962.563","-687598.031"
"2_100_1_150_8.csv","2004/1/2","2007/12/31","-117569.656","311692.531","429262.187","0.486454471924","8","7236247.424","-6494286.643","741960.781","-474208.063"
"2_100_1_100_8.csv","2004/1/2","2007/12/31","55222.414","568540.0","513317.586","0.486454399745","8","8653203.181","-7765956.337","887246.844","-567064.501"
"2_100_1_125_8.csv","2004/1/2","2007/12/31","55222.414","568540.0","513317.586","0.486454399745","8","8653203.181","-7765956.337","887246.844","-567064.501"
"2_100_1_50_8.csv","2004/1/2","2007/12/31","55222.414","568540.0","513317.586","0.486454399745","8","8653203.181","-7765956.337","887246.844","-567064.501"
"2_100_1_75_8.csv","2004/1/2","2007/12/31","55222.414","568540.0","513317.586","0.486454399745","8","8653203.181","-7765956.337","887246.844","-567064.501"
"2_120_1_225_14.csv","2004/1/2","2007/12/31","-72649.781","338283.688","410933.469","0.443126513135","7","7825618.409","-7087064.533","738553.876","-492520.016"
"2_120_1_225_16.csv","2004/1/2","2007/12/31","-72649.781","338283.688","410933.469","0.443126513135","7","7825618.409","-7087064.533","738553.876","-492520.016"
"2_120_1_225_18.csv","2004/1/2","2007/12/31","-72649.781","250133.25","322783.031","0.348070259096","7","7965857.753","-7315454.315","650403.438","-527299.782"
"2_120_1_225_20.csv","2004/1/2","2007/12/31","-72649.781","250133.25","322783.031","0.348070259096","7","7965857.753","-7315454.315","650403.438","-527299.782"
"2_120_1_225_12.csv","2004/1/2","2007/12/31","128800.391","678749.563","549949.172","0.4871978929","7","9422195.233","-8473456.014","948739.219","-599511.187"
"2_120_0.75_150_12.csv","2004/1/2","2007/12/31","48057.672","371005.5","322947.828","0.308139367353","8","9072580.745","-8380918.995","691661.75","-588952.61"
"2_120_0.75_150_8.csv","2004/1/2","2007/12/31","390412.906","818853.938","428441.032","0.308139424017","8","12036204.301","-11118606.457","917597.844","-781338.172"
"2_120_0.75_175_8.csv","2004/1/2","2007/12/31","684218.0","1293118.25","608900.25","0.361532919135","7","14831615.625","-13630195.922","1201419.703","-967225.25"
"2_120_0.75_100_8.csv","2004/1/2","2007/12/31","333949.531","744991.938","411042.407","0.308139399166","8","11547423.469","-10667088.468","880335.001","-749608.719"
"2_120_0.75_125_8.csv","2004/1/2","2007/12/31","333949.531","744991.938","411042.407","0.308139399166","8","11547423.469","-10667088.468","880335.001","-749608.719"
"2_120_0.75_75_8.csv","2004/1/2","2007/12/31","333949.531","744991.938","411042.407","0.308139399166","8","11547423.469","-10667088.468","880335.001","-749608.719"
"2_120_0.75_175_10.csv","2004/1/2","2007/12/31","476066.625","1009713.25","533646.625","0.361532884737","7","12998586.039","-11945649.059","1052936.98","-847686.75"
"2_120_0.75_150_10.csv","2004/1/2","2007/12/31","218572.766","594063.125","375490.359","0.308139464033","8","10548656.609","-9744464.0","804192.609","-684773.078"
"2_120_0.75_50_10.csv","2004/1/2","2007/12/31","90811.719","426933.813","336122.094","0.30813942328","8","9442685.181","-8722808.055","719877.126","-612978.188"
"2_120_0.75_175_12.csv","2004/1/2","2007/12/31","377237.063","875153.625","497916.562","0.361532938211","7","12128270.239","-11145832.255","982437.984","-790930.187"
"2_120_0.75_175_14.csv","2004/1/2","2007/12/31","377237.063","875153.625","497916.562","0.361532938211","7","12128270.239","-11145832.255","982437.984","-790930.187"
"2_120_0.75_175_16.csv","2004/1/2","2007/12/31","377237.063","875153.625","497916.562","0.361532938211","7","12128270.239","-11145832.255","982437.984","-790930.187"
"2_120_0.75_175_18.csv","2004/1/2","2007/12/31","377237.063","875153.625","497916.562","0.361532938211","7","12128270.239","-11145832.255","982437.984","-790930.187"
"2_120_0.75_175_20.csv","2004/1/2","2007/12/31","377237.063","875153.625","497916.562","0.361532938211","7","12128270.239","-11145832.255","982437.984","-790930.187"
"2_120_0.75_50_8.csv","2004/1/2","2007/12/31","244635.359","628156.563","383521.204","0.308139409046","8","10774269.558","-9952877.12","821392.438","-699418.844"
"2_120_0.75_100_14.csv","2004/1/2","2007/12/31","66990.195","395771.875","328781.68","0.308139363924","8","9236471.447","-8532315.322","704156.125","-599591.656"
"2_120_0.75_100_16.csv","2004/1/2","2007/12/31","66990.195","395771.875","328781.68","0.308139363924","8","9236471.447","-8532315.322","704156.125","-599591.656"
"2_120_0.75_100_18.csv","2004/1/2","2007/12/31","66990.195","395771.875","328781.68","0.308139363924","8","9236471.447","-8532315.322","704156.125","-599591.656"
"2_120_0.75_100_20.csv","2004/1/2","2007/12/31","66990.195","395771.875","328781.68","0.308139363924","8","9236471.447","-8532315.322","704156.125","-599591.656"
"2_120_0.75_125_14.csv","2004/1/2","2007/12/31","66990.195","395771.875","328781.68","0.308139363924","8","9236471.447","-8532315.322","704156.125","-599591.656"
"2_120_0.75_125_16.csv","2004/1/2","2007/12/31","66990.195","395771.875","328781.68","0.308139363924","8","9236471.447","-8532315.322","704156.125","-599591.656"
"2_120_0.75_125_18.csv","2004/1/2","2007/12/31","66990.195","395771.875","328781.68","0.308139363924","8","9236471.447","-8532315.322","704156.125","-599591.656"
"2_120_0.75_125_20.csv","2004/1/2","2007/12/31","66990.195","395771.875","328781.68","0.308139363924","8","9236471.447","-8532315.322","704156.125","-599591.656"
"2_120_0.75_50_14.csv","2004/1/2","2007/12/31","66990.195","395771.875","328781.68","0.308139363924","8","9236471.447","-8532315.322","704156.125","-599591.656"
"2_120_0.75_50_16.csv","2004/1/2","2007/12/31","66990.195","395771.875","328781.68","0.308139363924","8","9236471.447","-8532315.322","704156.125","-599591.656"
"2_120_0.75_50_18.csv","2004/1/2","2007/12/31","66990.195","395771.875","328781.68","0.308139363924","8","9236471.447","-8532315.322","704156.125","-599591.656"
"2_120_0.75_50_20.csv","2004/1/2","2007/12/31","66990.195","395771.875","328781.68","0.308139363924","8","9236471.447","-8532315.322","704156.125","-599591.656"
"2_120_0.75_75_14.csv","2004/1/2","2007/12/31","66990.195","395771.875","328781.68","0.308139363924","8","9236471.447","-8532315.322","704156.125","-599591.656"
"2_120_0.75_75_16.csv","2004/1/2","2007/12/31","66990.195","395771.875","328781.68","0.308139363924","8","9236471.447","-8532315.322","704156.125","-599591.656"
"2_120_0.75_75_18.csv","2004/1/2","2007/12/31","66990.195","395771.875","328781.68","0.308139363924","8","9236471.447","-8532315.322","704156.125","-599591.656"
"2_120_0.75_75_20.csv","2004/1/2","2007/12/31","66990.195","395771.875","328781.68","0.308139363924","8","9236471.447","-8532315.322","704156.125","-599591.656"
"2_120_0.75_100_10.csv","2004/1/2","2007/12/31","169087.594","529329.563","360241.969","0.308139416455","8","10120285.195","-9348750.226","771534.969","-656965.062"
"2_120_0.75_125_10.csv","2004/1/2","2007/12/31","169087.594","529329.563","360241.969","0.308139416455","8","10120285.195","-9348750.226","771534.969","-656965.062"
"2_120_0.75_75_10.csv","2004/1/2","2007/12/31","169087.594","529329.563","360241.969","0.308139416455","8","10120285.195","-9348750.226","771534.969","-656965.062"
"2_120_0.75_100_12.csv","2004/1/2","2007/12/31","5496.879","315330.063","309833.184","0.308139379118","8","8704150.982","-8040577.138","663573.844","-565035.782"
"2_120_0.75_125_12.csv","2004/1/2","2007/12/31","5496.879","315330.063","309833.184","0.308139379118","8","8704150.982","-8040577.138","663573.844","-565035.782"
"2_120_0.75_50_12.csv","2004/1/2","2007/12/31","5496.879","315330.063","309833.184","0.308139379118","8","8704150.982","-8040577.138","663573.844","-565035.782"
"2_120_0.75_75_12.csv","2004/1/2","2007/12/31","5496.879","315330.063","309833.184","0.308139379118","8","8704150.982","-8040577.138","663573.844","-565035.782"
"2_120_0.75_150_14.csv","2004/1/2","2007/12/31","112153.656","454852.031","342698.375","0.308139413247","8","9627432.105","-8893470.511","733961.594","-624971.125"
"2_120_0.75_150_16.csv","2004/1/2","2007/12/31","112153.656","454852.031","342698.375","0.308139413247","8","9627432.105","-8893470.511","733961.594","-624971.125"
"2_120_0.75_150_18.csv","2004/1/2","2007/12/31","112153.656","454852.031","342698.375","0.308139413247","8","9627432.105","-8893470.511","733961.594","-624971.125"
"2_120_0.75_150_20.csv","2004/1/2","2007/12/31","112153.656","454852.031","342698.375","0.308139413247","8","9627432.105","-8893470.511","733961.594","-624971.125"
"2_120_1.25_225_14.csv","2004/1/2","2007/12/31","441431.063","750858.75","309427.687","0.214667003468","7","11310907.914","-10494838.226","816069.688","-807070.954"
"2_120_1.25_175_14.csv","2004/1/2","2007/12/31","257178.203","527052.875","269874.672","0.214666998963","7","9865074.442","-9153319.973","711754.469","-703905.906"
"2_120_1.25_225_16.csv","2004/1/2","2007/12/31","90002.094","323989.594","233987.5","0.214667018796","7","8553244.171","-7936136.858","617107.313","-610302.437"
"2_120_1.25_100_18.csv","2004/1/2","2007/12/31","30172.91","251317.078","221144.168","0.21466703876","7","8083765.296","-7500530.405","583234.891","-576803.547"
"2_120_1.25_100_20.csv","2004/1/2","2007/12/31","30172.91","251317.078","221144.168","0.21466703876","7","8083765.296","-7500530.405","583234.891","-576803.547"
"2_120_1.25_125_18.csv","2004/1/2","2007/12/31","30172.91","251317.078","221144.168","0.21466703876","7","8083765.296","-7500530.405","583234.891","-576803.547"
"2_120_1.25_125_20.csv","2004/1/2","2007/12/31","30172.91","251317.078","221144.168","0.21466703876","7","8083765.296","-7500530.405","583234.891","-576803.547"
"2_120_1.25_150_18.csv","2004/1/2","2007/12/31","30172.91","251317.078","221144.168","0.21466703876","7","8083765.296","-7500530.405","583234.891","-576803.547"
"2_120_1.25_150_20.csv","2004/1/2","2007/12/31","30172.91","251317.078","221144.168","0.21466703876","7","8083765.296","-7500530.405","583234.891","-576803.547"
"2_120_1.25_50_18.csv","2004/1/2","2007/12/31","30172.91","251317.078","221144.168","0.21466703876","7","8083765.296","-7500530.405","583234.891","-576803.547"
"2_120_1.25_50_20.csv","2004/1/2","2007/12/31","30172.91","251317.078","221144.168","0.21466703876","7","8083765.296","-7500530.405","583234.891","-576803.547"
"2_120_1.25_75_18.csv","2004/1/2","2007/12/31","30172.91","251317.078","221144.168","0.21466703876","7","8083765.296","-7500530.405","583234.891","-576803.547"
"2_120_1.25_75_20.csv","2004/1/2","2007/12/31","30172.91","251317.078","221144.168","0.21466703876","7","8083765.296","-7500530.405","583234.891","-576803.547"
"2_120_1.25_200_16.csv","2004/1/2","2007/12/31","-9088.975","203626.938","212715.913","0.214667016143","7","7775676.378","-7214669.721","561006.657","-554820.454"
"2_120_1.25_100_14.csv","2004/1/2","2007/12/31","460070.938","773500.063","313429.125","0.214667052705","7","11457174.4","-10630551.681","826622.719","-817507.594"
"2_120_1.25_125_14.csv","2004/1/2","2007/12/31","460070.938","773500.063","313429.125","0.214667052705","7","11457174.4","-10630551.681","826622.719","-817507.594"
"2_120_1.25_150_14.csv","2004/1/2","2007/12/31","460070.938","773500.063","313429.125","0.214667052705","7","11457174.4","-10630551.681","826622.719","-817507.594"
"2_120_1.25_50_14.csv","2004/1/2","2007/12/31","460070.938","773500.063","313429.125","0.214667052705","7","11457174.4","-10630551.681","826622.719","-817507.594"
"2_120_1.25_75_14.csv","2004/1/2","2007/12/31","460070.938","773500.063","313429.125","0.214667052705","7","11457174.4","-10630551.681","826622.719","-817507.594"
"2_120_1.25_200_14.csv","2004/1/2","2007/12/31","310391.906","591689.813","281297.907","0.214667005887","7","10282643.815","-9540762.314","741881.501","-733700.844"
"2_120_1.25_175_18.csv","2004/1/2","2007/12/31","-112980.781","77432.969","190413.75","0.214666994718","7","6960436.916","-6458248.884","502188.032","-496650.376"
"2_120_1.25_175_20.csv","2004/1/2","2007/12/31","-112980.781","77432.969","190413.75","0.214666994718","7","6960436.916","-6458248.884","502188.032","-496650.376"
"2_120_1.25_100_16.csv","2004/1/2","2007/12/31","104097.328","341110.656","237013.328","0.214667060584","7","8663849.781","-8038762.406","625087.375","-618194.563"
"2_120_1.25_125_16.csv","2004/1/2","2007/12/31","104097.328","341110.656","237013.328","0.214667060584","7","8663849.781","-8038762.406","625087.375","-618194.563"
"2_120_1.25_150_16.csv","2004/1/2","2007/12/31","104097.328","341110.656","237013.328","0.214667060584","7","8663849.781","-8038762.406","625087.375","-618194.563"
"2_120_1.25_50_16.csv","2004/1/2","2007/12/31","104097.328","341110.656","237013.328","0.214667060584","7","8663849.781","-8038762.406","625087.375","-618194.563"
"2_120_1.25_75_16.csv","2004/1/2","2007/12/31","104097.328","341110.656","237013.328","0.214667060584","7","8663849.781","-8038762.406","625087.375","-618194.563"
"2_120_1.25_175_16.csv","2004/1/2","2007/12/31","-49329.0","154748.719","204077.719","0.214667028867","7","7459913.007","-6921688.35","538224.657","-532289.594"
"2_120_1.25_225_18.csv","2004/1/2","2007/12/31","17021.369","235342.281","218320.912","0.214666986019","7","7980564.074","-7404775.043","575789.031","-569439.859"
"2_120_1.25_225_20.csv","2004/1/2","2007/12/31","17021.369","235342.281","218320.912","0.214666986019","7","7980564.074","-7404775.043","575789.031","-569439.859"
"2_120_1.25_200_18.csv","2004/1/2","2007/12/31","-75435.125","123038.469","198473.594","0.214667028098","7","7255058.915","-6731614.321","523444.594","-517672.594"
"2_120_1.25_200_20.csv","2004/1/2","2007/12/31","-75435.125","123038.469","198473.594","0.214667028098","7","7255058.915","-6731614.321","523444.594","-517672.594"
"2_120_1_200_10.csv","2004/1/2","2007/12/31","266794.281","935424.688","668630.407","0.527812934609","7","10853930.55","-9740534.362","1113396.188","-672800.251"
"2_120_1_100_10.csv","2004/1/2","2007/12/31","140582.953","742597.375","602014.422","0.527812922696","7","9772546.643","-8770078.705","1002467.938","-605768.844"
"2_120_1_125_10.csv","2004/1/2","2007/12/31","140582.953","742597.375","602014.422","0.527812922696","7","9772546.643","-8770078.705","1002467.938","-605768.844"
"2_120_1_150_10.csv","2004/1/2","2007/12/31","140582.953","742597.375","602014.422","0.527812922696","7","9772546.643","-8770078.705","1002467.938","-605768.844"
"2_120_1_50_10.csv","2004/1/2","2007/12/31","140582.953","742597.375","602014.422","0.527812922696","7","9772546.643","-8770078.705","1002467.938","-605768.844"
"2_120_1_75_10.csv","2004/1/2","2007/12/31","140582.953","742597.375","602014.422","0.527812922696","7","9772546.643","-8770078.705","1002467.938","-605768.844"
"2_120_1_175_10.csv","2004/1/2","2007/12/31","102354.641","684191.625","581836.984","0.527812885581","7","9445006.273","-8476137.585","968868.688","-585465.625"
"2_120_0.75_225_10.csv","2004/1/2","2007/12/31","410492.906","920432.5","509939.594","0.361532902314","7","12017566.932","-11013243.729","1004323.203","-810028.5"
"2_120_0.75_225_12.csv","2004/1/2","2007/12/31","316053.781","791850.5","475796.719","0.361532884043","7","11212935.152","-10275856.136","937079.016","-755793.375"
"2_120_0.75_225_14.csv","2004/1/2","2007/12/31","316053.781","791850.5","475796.719","0.361532884043","7","11212935.152","-10275856.136","937079.016","-755793.375"
"2_120_0.75_225_16.csv","2004/1/2","2007/12/31","316053.781","791850.5","475796.719","0.361532884043","7","11212935.152","-10275856.136","937079.016","-755793.375"
"2_120_0.75_225_18.csv","2004/1/2","2007/12/31","316053.781","791850.5","475796.719","0.361532884043","7","11212935.152","-10275856.136","937079.016","-755793.375"
"2_120_0.75_225_20.csv","2004/1/2","2007/12/31","316053.781","791850.5","475796.719","0.361532884043","7","11212935.152","-10275856.136","937079.016","-755793.375"
"2_120_0.75_225_8.csv","2004/1/2","2007/12/31","609397.063","1191247.0","581849.937","0.36153286866","7","13712255.101","-12566304.843","1145950.258","-924256.875"
"2_20_1.75_150_4.csv","2004/1/2","2007/12/31","4328339.5","7933077.5","3604738.0","0.676521831989","17","21973660.75","-16504375.5","5469285.25","-1994946.5"
"2_120_1.5_175_12.csv","2004/1/2","2007/12/31","277027.063","662087.563","385060.5","0.301528848649","6","10353517.677","-9529978.114","823539.563","-701060.125"
"2_120_1.5_175_14.csv","2004/1/2","2007/12/31","454581.625","893180.0","438598.375","0.301528884637","6","11793044.66","-10855002.222","938042.438","-798533.75"
"2_120_1.5_175_16.csv","2004/1/2","2007/12/31","47855.938","363814.75","315958.812","0.301528865316","6","8495508.91","-7819759.066","675749.844","-575250.187"
"2_120_1.5_175_18.csv","2004/1/2","2007/12/31","47855.938","363814.75","315958.812","0.301528865316","6","8495508.91","-7819759.066","675749.844","-575250.187"
"2_120_1.5_175_20.csv","2004/1/2","2007/12/31","47855.938","363814.75","315958.812","0.301528865316","6","8495508.91","-7819759.066","675749.844","-575250.187"
"2_120_1.5_225_14.csv","2004/1/2","2007/12/31","488608.344","937466.75","448858.406","0.301528879513","6","12068916.82","-11108930.976","959985.844","-817213.625"
"2_120_1.5_100_12.csv","2004/1/2","2007/12/31","560168.813","1030604.813","470436.0","0.301528908975","6","12649094.102","-11642959.727","1006134.375","-856498.812"
"2_120_1.5_125_12.csv","2004/1/2","2007/12/31","560168.813","1030604.813","470436.0","0.301528908975","6","12649094.102","-11642959.727","1006134.375","-856498.812"
"2_120_1.5_50_12.csv","2004/1/2","2007/12/31","560168.813","1030604.813","470436.0","0.301528908975","6","12649094.102","-11642959.727","1006134.375","-856498.812"
"2_120_1.5_75_12.csv","2004/1/2","2007/12/31","560168.813","1030604.813","470436.0","0.301528908975","6","12649094.102","-11642959.727","1006134.375","-856498.812"
"2_120_1.5_150_14.csv","2004/1/2","2007/12/31","700160.25","1212807.625","512647.375","0.301528855883","6","13784077.426","-12687664.332","1096413.094","-933351.125"
"2_120_1.5_175_10.csv","2004/1/2","2007/12/31","344329.438","767219.375","422889.937","0.314573143343","6","10874661.876","-9990184.017","884477.859","-745404.125"
"2_120_1.5_200_12.csv","2004/1/2","2007/12/31","44011.664","358811.281","314799.617","0.301528831387","6","8464341.826","-7791071.17","673270.656","-573139.75"
"2_120_1.5_225_16.csv","2004/1/2","2007/12/31","72368.281","395718.219","323349.938","0.30152881592","6","8694242.811","-8002685.342","691557.469","-588706.844"
"2_120_1.5_225_18.csv","2004/1/2","2007/12/31","72368.281","395718.219","323349.938","0.30152881592","6","8694242.811","-8002685.342","691557.469","-588706.844"
"2_120_1.5_225_20.csv","2004/1/2","2007/12/31","72368.281","395718.219","323349.938","0.30152881592","6","8694242.811","-8002685.342","691557.469","-588706.844"
"2_120_1.5_200_10.csv","2004/1/2","2007/12/31","99033.578","444760.031","345726.453","0.314573148556","6","8890393.959","-8167304.209","723089.75","-609392.406"
"2_120_1.5_150_10.csv","2004/1/2","2007/12/31","571294.063","1065580.875","494286.812","0.314573079374","6","12710642.899","-11676837.805","1033805.094","-871251.625"
"2_120_1.5_100_14.csv","2004/1/2","2007/12/31","777090.75","1312934.875","535844.125","0.301528847078","6","14407791.254","-13261766.66","1146024.594","-975584.125"
"2_120_1.5_125_14.csv","2004/1/2","2007/12/31","777090.75","1312934.875","535844.125","0.301528847078","6","14407791.254","-13261766.66","1146024.594","-975584.125"
"2_120_1.5_50_14.csv","2004/1/2","2007/12/31","777090.75","1312934.875","535844.125","0.301528847078","6","14407791.254","-13261766.66","1146024.594","-975584.125"
"2_120_1.5_75_14.csv","2004/1/2","2007/12/31","777090.75","1312934.875","535844.125","0.301528847078","6","14407791.254","-13261766.66","1146024.594","-975584.125"
"2_120_1.5_150_12.csv","2004/1/2","2007/12/31","492628.906","942699.625","450070.719","0.301528877801","6","12101513.712","-11138935.118","962578.594","-819420.875"
"2_120_1.5_225_12.csv","2004/1/2","2007/12/31","306900.219","700968.375","394068.156","0.30152887747","6","10595714.591","-9752910.216","842804.375","-717459.812"
"2_120_1.5_200_14.csv","2004/1/2","2007/12/31","189168.469","547737.0","358568.531","0.301528791208","6","9641202.33","-8874321.861","766880.469","-652827.625"
"2_120_1.5_100_16.csv","2004/1/2","2007/12/31","280185.906","666198.938","386013.032","0.301528887477","6","10379127.785","-9553551.144","825576.641","-702794.25"
"2_120_1.5_100_18.csv","2004/1/2","2007/12/31","280185.906","666198.938","386013.032","0.301528887477","6","10379127.785","-9553551.144","825576.641","-702794.25"
"2_120_1.5_100_20.csv","2004/1/2","2007/12/31","280185.906","666198.938","386013.032","0.301528887477","6","10379127.785","-9553551.144","825576.641","-702794.25"
"2_120_1.5_125_16.csv","2004/1/2","2007/12/31","280185.906","666198.938","386013.032","0.301528887477","6","10379127.785","-9553551.144","825576.641","-702794.25"
"2_120_1.5_125_18.csv","2004/1/2","2007/12/31","280185.906","666198.938","386013.032","0.301528887477","6","10379127.785","-9553551.144","825576.641","-702794.25"
"2_120_1.5_125_20.csv","2004/1/2","2007/12/31","280185.906","666198.938","386013.032","0.301528887477","6","10379127.785","-9553551.144","825576.641","-702794.25"
"2_120_1.5_50_16.csv","2004/1/2","2007/12/31","280185.906","666198.938","386013.032","0.301528887477","6","10379127.785","-9553551.144","825576.641","-702794.25"
"2_120_1.5_50_18.csv","2004/1/2","2007/12/31","280185.906","666198.938","386013.032","0.301528887477","6","10379127.785","-9553551.144","825576.641","-702794.25"
"2_120_1.5_50_20.csv","2004/1/2","2007/12/31","280185.906","666198.938","386013.032","0.301528887477","6","10379127.785","-9553551.144","825576.641","-702794.25"
"2_120_1.5_75_16.csv","2004/1/2","2007/12/31","280185.906","666198.938","386013.032","0.301528887477","6","10379127.785","-9553551.144","825576.641","-702794.25"
"2_120_1.5_75_18.csv","2004/1/2","2007/12/31","280185.906","666198.938","386013.032","0.301528887477","6","10379127.785","-9553551.144","825576.641","-702794.25"
"2_120_1.5_75_20.csv","2004/1/2","2007/12/31","280185.906","666198.938","386013.032","0.301528887477","6","10379127.785","-9553551.144","825576.641","-702794.25"
"2_120_1.5_100_10.csv","2004/1/2","2007/12/31","642393.438","1159046.25","516652.812","0.314573110222","6","13285785.398","-12205201.711","1080583.687","-910674.75"
"2_120_1.5_125_10.csv","2004/1/2","2007/12/31","642393.438","1159046.25","516652.812","0.314573110222","6","13285785.398","-12205201.711","1080583.687","-910674.75"
"2_120_1.5_50_10.csv","2004/1/2","2007/12/31","642393.438","1159046.25","516652.812","0.314573110222","6","13285785.398","-12205201.711","1080583.687","-910674.75"
"2_120_1.5_75_10.csv","2004/1/2","2007/12/31","642393.438","1159046.25","516652.812","0.314573110222","6","13285785.398","-12205201.711","1080583.687","-910674.75"
"2_120_1.5_225_10.csv","2004/1/2","2007/12/31","375777.063","808559.625","432782.562","0.314573177326","6","11129050.414","-10223882.164","905168.25","-762841.125"
"2_120_1.5_200_16.csv","2004/1/2","2007/12/31","-143343.219","114963.531","258306.75","0.301528868654","6","6945358.655","-6392910.936","552447.719","-470285.937"
"2_120_1.5_200_18.csv","2004/1/2","2007/12/31","-143343.219","114963.531","258306.75","0.301528868654","6","6945358.655","-6392910.936","552447.719","-470285.937"
"2_120_1.5_200_20.csv","2004/1/2","2007/12/31","-143343.219","114963.531","258306.75","0.301528868654","6","6945358.655","-6392910.936","552447.719","-470285.937"
"2_120_1.5_150_16.csv","2004/1/2","2007/12/31","224766.625","594069.188","369302.563","0.301528924337","6","9929814.64","-9139977.218","789837.422","-672370.25"
"2_120_1.5_150_18.csv","2004/1/2","2007/12/31","224766.625","594069.188","369302.563","0.301528924337","6","9929814.64","-9139977.218","789837.422","-672370.25"
"2_120_1.5_150_20.csv","2004/1/2","2007/12/31","224766.625","594069.188","369302.563","0.301528924337","6","9929814.64","-9139977.218","789837.422","-672370.25"
"2_120_1_175_8.csv","2004/1/2","2007/12/31","-76704.109","410623.406","487327.515","0.527812935972","7","7834752.318","-7036358.162","798394.156","-490366.797"
"2_120_1_200_8.csv","2004/1/2","2007/12/31","61025.078","621047.938","560022.86","0.527813028751","7","9003472.307","-8085980.619","917491.688","-563515.406"
"2_120_1_100_8.csv","2004/1/2","2007/12/31","-44685.445","459541.938","504227.383","0.527812939059","7","8106451.093","-7280369.749","826081.344","-507372.047"
"2_120_1_125_8.csv","2004/1/2","2007/12/31","-44685.445","459541.938","504227.383","0.527812939059","7","8106451.093","-7280369.749","826081.344","-507372.047"
"2_120_1_150_8.csv","2004/1/2","2007/12/31","-44685.445","459541.938","504227.383","0.527812939059","7","8106451.093","-7280369.749","826081.344","-507372.047"
"2_120_1_50_8.csv","2004/1/2","2007/12/31","-44685.445","459541.938","504227.383","0.527812939059","7","8106451.093","-7280369.749","826081.344","-507372.047"
"2_120_1_75_8.csv","2004/1/2","2007/12/31","-44685.445","459541.938","504227.383","0.527812939059","7","8106451.093","-7280369.749","826081.344","-507372.047"
"2_100_1.25_175_8.csv","2004/1/2","2007/12/31","-165070.656","108533.031","273603.687","0.327696815265","8","6461597.957","-5908843.551","552754.406","-451684.797"
"2_100_1.25_100_8.csv","2004/1/2","2007/12/31","-82870.789","169917.813","252788.602","0.275630302653","9","6987684.672","-6428262.64","559422.032","-517368.008"
"2_100_1.25_125_8.csv","2004/1/2","2007/12/31","-82870.789","169917.813","252788.602","0.275630302653","9","6987684.672","-6428262.64","559422.032","-517368.008"
"2_100_1.25_50_8.csv","2004/1/2","2007/12/31","-82870.789","169917.813","252788.602","0.275630302653","9","6987684.672","-6428262.64","559422.032","-517368.008"
"2_100_1.25_75_8.csv","2004/1/2","2007/12/31","-82870.789","169917.813","252788.602","0.275630302653","9","6987684.672","-6428262.64","559422.032","-517368.008"
"2_100_1.25_150_8.csv","2004/1/2","2007/12/31","-261152.078","-57503.313","203648.765","0.275630151938","9","5629343.81","-5178668.342","450675.468","-416796.532"
"2_100_1.25_175_10.csv","2004/1/2","2007/12/31","-128497.875","218625.406","347123.281","0.39830457212","7","6941839.122","-6304526.435","637312.687","-454936.329"
"2_100_1.25_100_10.csv","2004/1/2","2007/12/31","-42697.504","286106.281","328803.785","0.34346905641","8","7503554.438","-6855991.782","647562.656","-522581.157"
"2_100_1.25_125_10.csv","2004/1/2","2007/12/31","-42697.504","286106.281","328803.785","0.34346905641","8","7503554.438","-6855991.782","647562.656","-522581.157"
"2_100_1.25_50_10.csv","2004/1/2","2007/12/31","-42697.504","286106.281","328803.785","0.34346905641","8","7503554.438","-6855991.782","647562.656","-522581.157"
"2_100_1.25_75_10.csv","2004/1/2","2007/12/31","-42697.504","286106.281","328803.785","0.34346905641","8","7503554.438","-6855991.782","647562.656","-522581.157"
"2_100_1.25_150_10.csv","2004/1/2","2007/12/31","-228788.063","36099.344","264887.407","0.343469018426","8","6044932.824","-5523250.292","521682.532","-420996.219"
"2_20_2_100_4.csv","2004/1/2","2007/12/31","2566674.75","5903327.0","3336652.25","0.935507856442","17","15155108.5","-10631776.125","4523332.375","-1323278.0"
"2_100_1_200_4.csv","2004/1/2","2007/12/31","205142.531","819144.0","614001.469","0.5094845242","10","9072800.923","-8059304.579","1013496.344","-818818.25"
"2_100_1_225_4.csv","2004/1/2","2007/12/31","145121.313","728542.938","583421.625","0.509484557118","10","8620937.005","-7657917.051","963019.954","-778037.594"
"2_120_1.75_100_18.csv","2004/1/2","2007/12/31","697640.188","1338232.75","640592.562","0.377342953194","5","13869736.486","-12668927.111","1200809.375","-986254.875"
"2_120_1.75_125_18.csv","2004/1/2","2007/12/31","697640.188","1338232.75","640592.562","0.377342953194","5","13869736.486","-12668927.111","1200809.375","-986254.875"
"2_120_1.75_50_18.csv","2004/1/2","2007/12/31","697640.188","1338232.75","640592.562","0.377342953194","5","13869736.486","-12668927.111","1200809.375","-986254.875"
"2_120_1.75_75_18.csv","2004/1/2","2007/12/31","697640.188","1338232.75","640592.562","0.377342953194","5","13869736.486","-12668927.111","1200809.375","-986254.875"
"2_120_1.75_150_16.csv","2004/1/2","2007/12/31","428783.594","967925.0","539141.406","0.377342942811","5","11673174.741","-10662538.507","1010636.234","-830060.937"
"2_120_1.75_200_18.csv","2004/1/2","2007/12/31","162830.547","601616.5","438785.953","0.377342987877","5","9500335.483","-8677818.514","822516.969","-675553.812"
"2_120_1.75_150_18.csv","2004/1/2","2007/12/31","378158.125","898196.375","520038.25","0.377342948219","5","11259563.566","-10284736.769","974826.797","-800649.625"
"2_120_1.75_175_18.csv","2004/1/2","2007/12/31","319720.313","817707.5","497987.187","0.377342973427","5","10782126.725","-9848635.319","933491.406","-766699.875"
"2_120_1.75_100_16.csv","2004/1/2","2007/12/31","760001.688","1424126.0","664124.312","0.377342997185","5","14379229.304","-13134309.085","1244920.219","-1022484.125"
"2_120_1.75_125_16.csv","2004/1/2","2007/12/31","760001.688","1424126.0","664124.312","0.377342997185","5","14379229.304","-13134309.085","1244920.219","-1022484.125"
"2_120_1.75_50_16.csv","2004/1/2","2007/12/31","760001.688","1424126.0","664124.312","0.377342997185","5","14379229.304","-13134309.085","1244920.219","-1022484.125"
"2_120_1.75_75_16.csv","2004/1/2","2007/12/31","760001.688","1424126.0","664124.312","0.377342997185","5","14379229.304","-13134309.085","1244920.219","-1022484.125"
"2_120_1.75_175_16.csv","2004/1/2","2007/12/31","368199.156","884479.5","516280.344","0.377342977984","5","11178198.915","-10210416.477","967782.438","-794863.937"
"2_120_1.75_200_20.csv","2004/1/2","2007/12/31","152849.188","587868.625","435019.437","0.377342883638","5","9418788.202","-8603331.593","815456.609","-669755.0"
"2_120_1.75_150_20.csv","2004/1/2","2007/12/31","366328.344","881902.75","515574.406","0.377342977816","5","11162914.651","-10196455.526","966459.125","-793777.0"
"2_120_1.75_100_20.csv","2004/1/2","2007/12/31","683067.938","1318161.75","635093.812","0.377342944786","5","13750682.244","-12560180.494","1190501.75","-977789.0"
"2_120_1.75_125_20.csv","2004/1/2","2007/12/31","683067.938","1318161.75","635093.812","0.377342944786","5","13750682.244","-12560180.494","1190501.75","-977789.0"
"2_120_1.75_50_20.csv","2004/1/2","2007/12/31","683067.938","1318161.75","635093.812","0.377342944786","5","13750682.244","-12560180.494","1190501.75","-977789.0"
"2_120_1.75_75_20.csv","2004/1/2","2007/12/31","683067.938","1318161.75","635093.812","0.377342944786","5","13750682.244","-12560180.494","1190501.75","-977789.0"
"2_120_1.75_175_20.csv","2004/1/2","2007/12/31","308392.219","802104.813","493712.594","0.377342960949","5","10689576.313","-9764097.781","925478.532","-760118.625"
"2_120_1.75_225_18.csv","2004/1/2","2007/12/31","388527.531","912478.625","523951.094","0.377342963897","5","11344282.136","-10362120.667","982161.469","-806673.875"
"2_120_1.75_225_16.csv","2004/1/2","2007/12/31","439534.063","982732.0","543197.937","0.377342885425","5","11761005.291","-10742764.963","1018240.328","-836306.375"
"2_120_1.75_225_20.csv","2004/1/2","2007/12/31","376608.875","896062.5","519453.625","0.377342929015","5","11246905.547","-10273174.688","973730.859","-799749.5"
"2_120_1.75_200_16.csv","2004/1/2","2007/12/31","205546.156","660450.5","454904.344","0.37734295094","5","9849322.415","-8996591.087","852731.328","-700369.625"
"2_100_1_175_10.csv","2004/1/2","2007/12/31","339494.625","1026416.438","686921.813","0.512821627037","7","11325529.522","-10197259.498","1128270.024","-686219.484"
"2_100_1_150_20.csv","2004/1/2","2007/12/31","-94810.844","293363.0","388173.844","0.428831743539","8","7610403.165","-6923979.852","686423.313","-486438.313"
"2_100_1_175_12.csv","2004/1/2","2007/12/31","211300.75","832482.0","621181.25","0.51282165061","7","10241639.948","-9221348.979","1020290.969","-620546.047"
"2_100_1_175_14.csv","2004/1/2","2007/12/31","211300.75","783767.688","572466.938","0.472605121395","7","10241639.948","-9270063.291","971576.657","-620546.047"
"2_100_1_175_16.csv","2004/1/2","2007/12/31","211300.75","801387.75","590087.0","0.487151518729","7","10351505.885","-9362309.166","989196.719","-620546.047"
"2_100_1_175_18.csv","2004/1/2","2007/12/31","211300.75","801387.75","590087.0","0.487151518729","7","10351505.885","-9362309.166","989196.719","-620546.047"
"2_100_1_175_20.csv","2004/1/2","2007/12/31","211300.75","801387.75","590087.0","0.487151518729","7","10351505.885","-9362309.166","989196.719","-620546.047"
"2_100_1_100_10.csv","2004/1/2","2007/12/31","39340.543","510676.594","471336.051","0.453495299663","8","8647713.519","-7833926.675","813786.844","-558529.844"
"2_100_1_125_10.csv","2004/1/2","2007/12/31","39340.543","510676.594","471336.051","0.453495299663","8","8647713.519","-7833926.675","813786.844","-558529.844"
"2_100_1_50_10.csv","2004/1/2","2007/12/31","39340.543","510676.594","471336.051","0.453495299663","8","8647713.519","-7833926.675","813786.844","-558529.844"
"2_100_1_75_10.csv","2004/1/2","2007/12/31","39340.543","510676.594","471336.051","0.453495299663","8","8647713.519","-7833926.675","813786.844","-558529.844"
"2_100_1_100_20.csv","2004/1/2","2007/12/31","82437.484","546621.125","464183.641","0.428831824342","8","9100623.812","-8279789.437","820834.375","-581689.563"
"2_100_1_125_20.csv","2004/1/2","2007/12/31","82437.484","546621.125","464183.641","0.428831824342","8","9100623.812","-8279789.437","820834.375","-581689.563"
"2_100_1_50_20.csv","2004/1/2","2007/12/31","82437.484","546621.125","464183.641","0.428831824342","8","9100623.812","-8279789.437","820834.375","-581689.563"
"2_100_1_75_20.csv","2004/1/2","2007/12/31","82437.484","546621.125","464183.641","0.428831824342","8","9100623.812","-8279789.437","820834.375","-581689.563"
"2_100_1_100_14.csv","2004/1/2","2007/12/31","-12605.75","397020.5","409626.25","0.414855818737","8","8215499.205","-7480537.892","734961.313","-530614.39"
"2_100_1_100_16.csv","2004/1/2","2007/12/31","-12605.75","410820.25","423426.0","0.428831745779","8","8301544.58","-7552783.517","748761.063","-530614.39"
"2_100_1_100_18.csv","2004/1/2","2007/12/31","-12605.75","410820.25","423426.0","0.428831745779","8","8301544.58","-7552783.517","748761.063","-530614.39"
"2_100_1_125_14.csv","2004/1/2","2007/12/31","-12605.75","397020.5","409626.25","0.414855818737","8","8215499.205","-7480537.892","734961.313","-530614.39"
"2_100_1_125_16.csv","2004/1/2","2007/12/31","-12605.75","410820.25","423426.0","0.428831745779","8","8301544.58","-7552783.517","748761.063","-530614.39"
"2_100_1_125_18.csv","2004/1/2","2007/12/31","-12605.75","410820.25","423426.0","0.428831745779","8","8301544.58","-7552783.517","748761.063","-530614.39"
"2_100_1_50_14.csv","2004/1/2","2007/12/31","-12605.75","397020.5","409626.25","0.414855818737","8","8215499.205","-7480537.892","734961.313","-530614.39"
"2_100_1_50_16.csv","2004/1/2","2007/12/31","-12605.75","410820.25","423426.0","0.428831745779","8","8301544.58","-7552783.517","748761.063","-530614.39"
"2_100_1_50_18.csv","2004/1/2","2007/12/31","-12605.75","410820.25","423426.0","0.428831745779","8","8301544.58","-7552783.517","748761.063","-530614.39"
"2_100_1_75_14.csv","2004/1/2","2007/12/31","-12605.75","397020.5","409626.25","0.414855818737","8","8215499.205","-7480537.892","734961.313","-530614.39"
"2_100_1_75_16.csv","2004/1/2","2007/12/31","-12605.75","410820.25","423426.0","0.428831745779","8","8301544.58","-7552783.517","748761.063","-530614.39"
"2_100_1_75_18.csv","2004/1/2","2007/12/31","-12605.75","410820.25","423426.0","0.428831745779","8","8301544.58","-7552783.517","748761.063","-530614.39"
"2_100_1_150_10.csv","2004/1/2","2007/12/31","-130850.656","263304.406","394155.062","0.453495207378","8","7231656.621","-6551126.84","680529.781","-467070.954"
"2_100_1_150_14.csv","2004/1/2","2007/12/31","-174290.922","168259.281","342550.203","0.414855803487","8","6870216.352","-6255604.508","614611.844","-443726.625"
"2_100_1_150_16.csv","2004/1/2","2007/12/31","-174290.922","179799.313","354090.235","0.428831708933","8","6942171.852","-6316019.976","626151.876","-443726.625"
"2_100_1_150_18.csv","2004/1/2","2007/12/31","-174290.922","179799.313","354090.235","0.428831708933","8","6942171.852","-6316019.976","626151.876","-443726.625"
"2_100_1_100_12.csv","2004/1/2","2007/12/31","-60127.426","366100.344","426227.77","0.453495273499","8","7820100.848","-7084195.91","735904.938","-505076.766"
"2_100_1_125_12.csv","2004/1/2","2007/12/31","-60127.426","366100.344","426227.77","0.453495273499","8","7820100.848","-7084195.91","735904.938","-505076.766"
"2_100_1_50_12.csv","2004/1/2","2007/12/31","-60127.426","366100.344","426227.77","0.453495273499","8","7820100.848","-7084195.91","735904.938","-505076.766"
"2_100_1_75_12.csv","2004/1/2","2007/12/31","-60127.426","366100.344","426227.77","0.453495273499","8","7820100.848","-7084195.91","735904.938","-505076.766"
"2_100_1_150_12.csv","2004/1/2","2007/12/31","-214030.891","142402.344","356433.235","0.453495221273","8","6539564.646","-5924163.677","615400.969","-422370.781"
"2_20_1.75_125_4.csv","2004/1/2","2007/12/31","3876869.25","6885635.0","3008765.75","0.616946158645","17","19687721.0","-15082749.75","4604971.25","-1761030.0"
"2_80_1_175_6.csv","2004/1/2","2007/12/31","-68982.609","349861.75","418844.359","0.449878125853","10","7330509.413","-6608995.319","721514.094","-590569.469"
"2_80_1_150_6.csv","2004/1/2","2007/12/31","-70712.727","145428.5","216141.227","0.232588170827","12","6868039.125","-6349790.625","518248.5","-670205.657"
"2_20_1.75_225_4.csv","2004/1/2","2007/12/31","1318164.875","2621819.5","1303654.625","0.562364928853","15","9109475.468","-7059182.156","2050293.312","-808829.0"
"2_100_1.25_225_8.csv","2004/1/2","2007/12/31","101035.742","461841.688","360805.946","0.327696851462","8","8287692.921","-7574892.389","712800.532","-595644.672"
"2_100_1.25_225_10.csv","2004/1/2","2007/12/31","-12603.535","380681.094","393284.629","0.398304675924","7","7655306.78","-6947734.061","707572.719","-515434.954"
"2_20_1.75_200_4.csv","2004/1/2","2007/12/31","1244918.25","2266249.0","1021330.75","0.454952312851","15","8383435.692","-6649457.88","1733977.812","-747743.5"
"2_60_0.75_200_6.csv","2004/1/2","2007/12/31","211683.25","1448420.25","1236737.0","1.02067681467","9","9897342.516","-8279445.453","1617897.063","-628836.875"
"2_120_0.75_50_6.csv","2004/1/2","2007/12/31","554505.25","1033509.5","479004.25","0.308139358166","8","13710848.233","-12743556.764","967291.469","-906759.359"
"2_100_0.75_200_8.csv","2004/1/2","2007/12/31","210290.906","825761.5","615470.594","0.508531123343","7","10065177.89","-9071901.64","993276.25","-628333.876"
"2_100_0.75_200_10.csv","2004/1/2","2007/12/31","182404.047","783693.375","601289.328","0.508531182319","7","9833261.547","-8862871.766","970389.781","-613856.157"
"2_100_0.75_200_12.csv","2004/1/2","2007/12/31","182404.047","783693.375","601289.328","0.508531182319","7","9833261.547","-8862871.766","970389.781","-613856.157"
"2_100_0.75_200_14.csv","2004/1/2","2007/12/31","182404.047","783693.375","601289.328","0.508531182319","7","9833261.547","-8862871.766","970389.781","-613856.157"
"2_100_0.75_200_16.csv","2004/1/2","2007/12/31","182404.047","783693.375","601289.328","0.508531182319","7","9833261.547","-8862871.766","970389.781","-613856.157"
"2_100_0.75_200_18.csv","2004/1/2","2007/12/31","182404.047","783693.375","601289.328","0.508531182319","7","9833261.547","-8862871.766","970389.781","-613856.157"
"2_100_0.75_200_20.csv","2004/1/2","2007/12/31","182404.047","783693.375","601289.328","0.508531182319","7","9833261.547","-8862871.766","970389.781","-613856.157"
"2_100_0.75_225_8.csv","2004/1/2","2007/12/31","144893.141","727106.875","582213.734","0.508531069975","7","9521307.471","-8581702.752","939604.719","-594381.969"
"2_100_0.75_225_10.csv","2004/1/2","2007/12/31","118513.125","687311.813","568798.688","0.508531080491","7","9301922.784","-8383967.94","917954.844","-580686.532"
"2_100_0.75_225_12.csv","2004/1/2","2007/12/31","118513.125","687311.813","568798.688","0.508531080491","7","9301922.784","-8383967.94","917954.844","-580686.532"
"2_100_0.75_225_14.csv","2004/1/2","2007/12/31","118513.125","687311.813","568798.688","0.508531080491","7","9301922.784","-8383967.94","917954.844","-580686.532"
"2_100_0.75_225_16.csv","2004/1/2","2007/12/31","118513.125","687311.813","568798.688","0.508531080491","7","9301922.784","-8383967.94","917954.844","-580686.532"
"2_100_0.75_225_18.csv","2004/1/2","2007/12/31","118513.125","687311.813","568798.688","0.508531080491","7","9301922.784","-8383967.94","917954.844","-580686.532"
"2_100_0.75_225_20.csv","2004/1/2","2007/12/31","118513.125","687311.813","568798.688","0.508531080491","7","9301922.784","-8383967.94","917954.844","-580686.532"
"2_120_1.25_200_6.csv","2004/1/2","2007/12/31","722734.438","1806498.25","1083763.812","0.629095110711","9","13808713.922","-12191549.422","1617164.5","-1183766.5"
"2_120_1.25_100_6.csv","2004/1/2","2007/12/31","919512.875","2127069.0","1207556.125","0.629095090076","9","15386010.551","-13584126.364","1801884.187","-1318982.0"
"2_120_1.25_125_6.csv","2004/1/2","2007/12/31","919512.875","2127069.0","1207556.125","0.629095090076","9","15386010.551","-13584126.364","1801884.187","-1318982.0"
"2_120_1.25_150_6.csv","2004/1/2","2007/12/31","919512.875","2127069.0","1207556.125","0.629095090076","9","15386010.551","-13584126.364","1801884.187","-1318982.0"
"2_120_1.25_50_6.csv","2004/1/2","2007/12/31","919512.875","2127069.0","1207556.125","0.629095090076","9","15386010.551","-13584126.364","1801884.187","-1318982.0"
"2_120_1.25_75_6.csv","2004/1/2","2007/12/31","919512.875","2127069.0","1207556.125","0.629095090076","9","15386010.551","-13584126.364","1801884.187","-1318982.0"
"2_120_1.25_175_6.csv","2004/1/2","2007/12/31","652775.625","1692528.5","1039752.875","0.62909499588","9","13247953.478","-11696461.009","1551492.469","-1135694.75"
"2_120_1.25_225_6.csv","2004/1/2","2007/12/31","925408.75","2136674.0","1211265.25","0.629095120711","9","15433268.536","-13625849.849","1807418.687","-1323033.25"
"2_100_1.25_175_16.csv","2004/1/2","2007/12/31","-282227.156","-18589.219","263637.937","0.367299960153","7","5802386.952","-5318191.577","484195.375","-374687.438"
"2_100_1.25_100_12.csv","2004/1/2","2007/12/31","-138447.641","131804.344","270251.985","0.313680279761","8","6856352.347","-6321362.315","534990.032","-470312.125"
"2_100_1.25_125_12.csv","2004/1/2","2007/12/31","-138447.641","131804.344","270251.985","0.313680279761","8","6856352.347","-6321362.315","534990.032","-470312.125"
"2_100_1.25_50_12.csv","2004/1/2","2007/12/31","-138447.641","131804.344","270251.985","0.313680279761","8","6856352.347","-6321362.315","534990.032","-470312.125"
"2_100_1.25_75_12.csv","2004/1/2","2007/12/31","-138447.641","131804.344","270251.985","0.313680279761","8","6856352.347","-6321362.315","534990.032","-470312.125"
"2_100_1.25_175_12.csv","2004/1/2","2007/12/31","-215666.375","72419.375","288085.75","0.36730001216","7","6340457.254","-5811361.285","529095.969","-409433.219"
"2_100_1.25_100_20.csv","2004/1/2","2007/12/31","-156851.422","107627.688","264479.11","0.313680313175","8","6709892.62","-6186330.619","523562.001","-460265.687"
"2_100_1.25_125_20.csv","2004/1/2","2007/12/31","-156851.422","107627.688","264479.11","0.313680313175","8","6709892.62","-6186330.619","523562.001","-460265.687"
"2_100_1.25_50_20.csv","2004/1/2","2007/12/31","-156851.422","107627.688","264479.11","0.313680313175","8","6709892.62","-6186330.619","523562.001","-460265.687"
"2_100_1.25_75_20.csv","2004/1/2","2007/12/31","-156851.422","107627.688","264479.11","0.313680313175","8","6709892.62","-6186330.619","523562.001","-460265.687"
"2_100_1.25_150_14.csv","2004/1/2","2007/12/31","-276092.688","-49017.219","227075.469","0.313680308564","8","5760953.705","-5311435.83","449517.875","-395173.156"
"2_100_1.25_150_16.csv","2004/1/2","2007/12/31","-332710.969","-123395.563","209315.406","0.313680273878","8","5310376.393","-4896016.268","414360.125","-364265.719"
"2_100_1.25_100_18.csv","2004/1/2","2007/12/31","-241977.0","-4200.094","237776.906","0.313680331599","8","6032451.902","-5561749.527","470702.375","-413796.609"
"2_100_1.25_125_18.csv","2004/1/2","2007/12/31","-241977.0","-4200.094","237776.906","0.313680331599","8","6032451.902","-5561749.527","470702.375","-413796.609"
"2_100_1.25_50_18.csv","2004/1/2","2007/12/31","-241977.0","-4200.094","237776.906","0.313680331599","8","6032451.902","-5561749.527","470702.375","-413796.609"
"2_100_1.25_75_18.csv","2004/1/2","2007/12/31","-241977.0","-4200.094","237776.906","0.313680331599","8","6032451.902","-5561749.527","470702.375","-413796.609"
"2_100_1.25_175_18.csv","2004/1/2","2007/12/31","-343129.25","-101860.563","241268.687","0.367300092141","7","5310063.62","-4866951.558","443112.062","-342895.75"
"2_100_1.25_175_20.csv","2004/1/2","2007/12/31","-343129.25","-101860.563","241268.687","0.367300092141","7","5310063.62","-4866951.558","443112.062","-342895.75"
"2_100_1.25_175_14.csv","2004/1/2","2007/12/31","-221325.313","64681.875","286007.188","0.367299968491","7","6294710.886","-5769432.386","525278.5","-406479.11"
"2_100_1.25_100_16.csv","2004/1/2","2007/12/31","-171696.719","88125.75","259822.469","0.313680357135","8","6591751.924","-6077408.268","514343.656","-452161.781"
"2_100_1.25_125_16.csv","2004/1/2","2007/12/31","-171696.719","88125.75","259822.469","0.313680357135","8","6591751.924","-6077408.268","514343.656","-452161.781"
"2_100_1.25_50_16.csv","2004/1/2","2007/12/31","-171696.719","88125.75","259822.469","0.313680357135","8","6591751.924","-6077408.268","514343.656","-452161.781"
"2_100_1.25_75_16.csv","2004/1/2","2007/12/31","-171696.719","88125.75","259822.469","0.313680357135","8","6591751.924","-6077408.268","514343.656","-452161.781"
"2_100_1.25_150_20.csv","2004/1/2","2007/12/31","-320751.531","-107684.719","213066.812","0.313680224136","8","5405551.843","-4983765.437","421786.406","-370794.312"
"2_100_1.25_100_14.csv","2004/1/2","2007/12/31","-101416.508","180451.531","281868.039","0.313680410902","8","7151051.883","-6593066.977","557984.906","-490527.016"
"2_100_1.25_125_14.csv","2004/1/2","2007/12/31","-101416.508","180451.531","281868.039","0.313680410902","8","7151051.883","-6593066.977","557984.906","-490527.016"
"2_100_1.25_50_14.csv","2004/1/2","2007/12/31","-101416.508","180451.531","281868.039","0.313680410902","8","7151051.883","-6593066.977","557984.906","-490527.016"
"2_100_1.25_75_14.csv","2004/1/2","2007/12/31","-101416.508","180451.531","281868.039","0.313680410902","8","7151051.883","-6593066.977","557984.906","-490527.016"
"2_100_1.25_150_12.csv","2004/1/2","2007/12/31","-305925.344","-88207.813","217717.531","0.313680277933","8","5523540.958","-5092548.083","430992.875","-378887.782"
"2_100_1.25_150_18.csv","2004/1/2","2007/12/31","-389329.5","-197774.25","191555.25","0.313680208885","8","4859798.869","-4480596.744","379202.125","-333358.344"
"2_100_1_225_6.csv","2004/1/2","2007/12/31","346852.906","1062839.25","715986.344","0.531599509353","8","10999496.332","-9870982.332","1128514.0","-862570.547"
"2_100_1_200_6.csv","2004/1/2","2007/12/31","318029.313","1018693.0","700663.687","0.531599472098","8","10764098.942","-9659735.981","1104362.961","-844110.907"
"2_20_2_75_4.csv","2004/1/2","2007/12/31","3080138.0","6711219.0","3631081.0","0.889940732397","16","17370057.875","-12495182.0","4874875.875","-1479134.75"
"2_80_1_125_6.csv","2004/1/2","2007/12/31","-222091.859","-45918.188","176173.671","0.226471046792","13","5916206.473","-5509230.348","406976.125","-562933.047"
"2_80_1_100_6.csv","2004/1/2","2007/12/31","-202562.734","-35447.938","167114.796","0.209564818607","14","6033969.835","-5630258.398","403711.437","-582455.454"
"2_80_1_50_6.csv","2004/1/2","2007/12/31","-202562.734","-35447.938","167114.796","0.209564818607","14","6033969.835","-5630258.398","403711.437","-582455.454"
"2_80_1_75_6.csv","2004/1/2","2007/12/31","-202562.734","-35447.938","167114.796","0.209564818607","14","6033969.835","-5630258.398","403711.437","-582455.454"
"2_60_1.25_150_6.csv","2004/1/2","2007/12/31","405700.25","2255206.25","1849506.0","1.31571862493","7","11788236.619","-9522420.713","2265815.906","-530152.75"
"2_60_0.75_150_6.csv","2004/1/2","2007/12/31","1384227.75","3431754.0","2047526.25","0.858779640494","11","19571806.311","-16824263.249","2747543.062","-1190494.562"
"2_100_1.25_225_12.csv","2004/1/2","2007/12/31","-101434.734","228608.313","330043.047","0.367300027598","7","7065728.189","-6473269.563","592458.626","-469063.703"
"2_100_1.25_225_14.csv","2004/1/2","2007/12/31","-107917.844","219743.844","327661.688","0.367299901468","7","7014748.556","-6426564.618","588183.938","-465679.437"
"2_100_1.25_225_16.csv","2004/1/2","2007/12/31","-107917.844","219743.844","327661.688","0.367299901468","7","7014748.556","-6426564.618","588183.938","-465679.437"
"2_100_1.25_225_18.csv","2004/1/2","2007/12/31","-107917.844","219743.844","327661.688","0.367299901468","7","7014748.556","-6426564.618","588183.938","-465679.437"
"2_100_1.25_225_20.csv","2004/1/2","2007/12/31","-107917.844","219743.844","327661.688","0.367299901468","7","7014748.556","-6426564.618","588183.938","-465679.437"
"2_60_1.5_100_6.csv","2004/1/2","2007/12/31","1305153.25","3567376.25","2262223.0","0.981376400897","9","19111442.461","-16181239.086","2930203.375","-1173056.75"
"2_60_1.5_75_6.csv","2004/1/2","2007/12/31","2820928.25","6570697.5","3749769.25","0.981376514987","9","31678350.125","-26821363.875","4856986.25","-1944410.5"
"2_60_1.5_50_6.csv","2004/1/2","2007/12/31","2957389.25","6841078.0","3883688.75","0.981376484509","9","32809724.5","-27779275.5","5030449.0","-2013854.0"
"2_60_1.5_125_6.csv","2004/1/2","2007/12/31","870600.5","2706363.5","1835763.0","0.981376301353","9","15508676.593","-13130856.687","2377819.906","-951919.5"
"2_20_1.75_75_6.csv","2004/1/2","2007/12/31","2173405.0","4248772.0","2075367.0","0.653987436208","17","16405250.375","-13410578.75","2994671.625","-1194305.75"
"2_80_1.75_200_10.csv","2004/1/2","2007/12/31","-172004.266","348059.906","520064.172","0.628100062168","5","6265344.089","-5507998.402","757345.687","-395883.969"
"2_20_1.75_175_4.csv","2004/1/2","2007/12/31","1928626.375","3564791.75","1636165.375","0.558680133788","15","11661297.435","-9187986.06","2473311.375","-1019415.25"
"2_80_1.75_50_10.csv","2004/1/2","2007/12/31","489925.906","1330621.125","840695.219","0.564253038097","6","11103936.306","-9838717.119","1265219.187","-684432.125"
"2_80_1.75_75_10.csv","2004/1/2","2007/12/31","489925.906","1330621.125","840695.219","0.564253038097","6","11103936.306","-9838717.119","1265219.187","-684432.125"
"2_80_1.75_175_10.csv","2004/1/2","2007/12/31","-106778.016","454254.75","561032.766","0.628100042374","5","6779459.057","-5963920.932","815538.125","-427070.0"
"2_80_1.75_125_10.csv","2004/1/2","2007/12/31","2074.148","567497.5","565423.352","0.564253007752","6","7468134.168","-6617190.262","850943.906","-460326.063"
"2_80_1.75_100_10.csv","2004/1/2","2007/12/31","204621.0","884332.0","679711.0","0.564252989114","6","8977650.243","-7954707.118","1022943.125","-553370.625"
"2_80_1.75_150_10.csv","2004/1/2","2007/12/31","-235493.25","195882.0","431375.25","0.564253029813","6","5697621.426","-5048415.645","649205.781","-351193.938"
"2_60_0.75_200_4.csv","2004/1/2","2007/12/31","125395.109","1238426.25","1113031.141","0.989013664711","10","8831956.093","-7400981.109","1430974.984","-574903.375"
"2_80_1_200_4.csv","2004/1/2","2007/12/31","-307865.906","84068.031","391933.937","0.56626879155","11","5171797.625","-4586247.438","585550.187","-402560.156"
"2_80_1_225_4.csv","2004/1/2","2007/12/31","-192751.781","264367.813","457119.594","0.56626894088","11","6031960.096","-5349022.533","682937.563","-469513.219"
"2_120_0.75_50_4.csv","2004/1/2","2007/12/31","379511.406","357995.094","-21516.312","-0.0155970526278","10","9250202.774","-8887182.246","363020.528","-830606.938"
"2_20_1.5_100_4.csv","2004/1/2","2007/12/31","2146318.75","2924219.5","777900.75","0.247241558091","21","13615116.5","-11960862.125","1654254.375","-929553.375"
"2_120_1_225_10.csv","2004/1/2","2007/12/31","59835.117","619229.75","559394.633","0.527812887144","7","9007126.124","-8152669.14","854456.984","-562883.313"
"2_100_2_175_14.csv","2004/1/2","2007/12/31","295993.625","1063324.625","767331.0","0.592079301316","4","9756748.297","-8628719.531","1128028.766","-584686.5"
"2_100_2_125_14.csv","2004/1/2","2007/12/31","645524.125","1619805.0","974280.875","0.592079362556","4","12388150.869","-10955891.775","1432259.094","-742376.875"
"2_100_2_150_14.csv","2004/1/2","2007/12/31","403352.625","1234248.625","830896.0","0.592079271594","4","10564989.141","-9343515.5","1221473.641","-633121.5"
"2_100_2_225_14.csv","2004/1/2","2007/12/31","471992.719","1343529.0","871536.281","0.592079206473","4","11081737.106","-9800519.45","1281217.656","-664088.375"
"2_100_2_200_14.csv","2004/1/2","2007/12/31","128372.953","796459.25","668086.297","0.592079325567","4","8494833.918","-7512701.668","982132.25","-509064.562"
"2_100_2_100_14.csv","2004/1/2","2007/12/31","926883.125","2067750.75","1140867.625","0.592079306834","4","14506330.995","-12829178.058","1677152.937","-869311.875"
"2_100_2_50_14.csv","2004/1/2","2007/12/31","926883.125","2067750.75","1140867.625","0.592079306834","4","14506330.995","-12829178.058","1677152.937","-869311.875"
"2_100_2_75_14.csv","2004/1/2","2007/12/31","926883.125","2067750.75","1140867.625","0.592079306834","4","14506330.995","-12829178.058","1677152.937","-869311.875"
"2_100_1.25_100_4.csv","2004/1/2","2007/12/31","-294336.313","8217.063","302553.376","0.428750099479","14","3875117.445","-3377543.413","497574.032","-375582.657"
"2_100_1.25_125_4.csv","2004/1/2","2007/12/31","-294336.313","8217.063","302553.376","0.428750099479","14","3875117.445","-3377543.413","497574.032","-375582.657"
"2_100_1.25_50_4.csv","2004/1/2","2007/12/31","-294336.313","8217.063","302553.376","0.428750099479","14","3875117.445","-3377543.413","497574.032","-375582.657"
"2_100_1.25_75_4.csv","2004/1/2","2007/12/31","-294336.313","8217.063","302553.376","0.428750099479","14","3875117.445","-3377543.413","497574.032","-375582.657"
"2_100_1.25_175_4.csv","2004/1/2","2007/12/31","-392934.375","-97253.156","295681.219","0.487066318407","13","3383989.999","-2920537.217","463452.782","-308612.125"
"2_100_1.25_150_4.csv","2004/1/2","2007/12/31","-423559.813","-176411.125","247148.688","0.428749926833","14","3165492.754","-2759036.379","406456.375","-306804.75"
"2_60_1.25_175_6.csv","2004/1/2","2007/12/31","256959.047","1832275.5","1575316.453","1.25327587781","6","9940564.487","-8020549.737","1920014.75","-461272.875"
"2_100_2_200_20.csv","2004/1/2","2007/12/31","64310.02","558562.375","494252.355","0.464387580416","4","7978525.347","-7192535.503","785989.844","-522301.812"
"2_100_2_125_20.csv","2004/1/2","2007/12/31","552100.188","1272876.25","720776.062","0.464387587588","4","11635210.035","-10488988.566","1146221.469","-761680.969"
"2_100_2_175_18.csv","2004/1/2","2007/12/31","251244.703","814384.688","563139.985","0.450063831359","4","9268115.638","-8361997.606","906118.032","-614038.469"
"2_100_2_200_18.csv","2004/1/2","2007/12/31","89411.727","579716.563","490304.836","0.450063849919","4","8069400.835","-7280477.913","788922.922","-534620.25"
"2_100_2_100_20.csv","2004/1/2","2007/12/31","817485.063","1661502.5","844017.437","0.464387550788","4","13624648.307","-12282440.995","1342207.312","-891916.516"
"2_100_2_50_20.csv","2004/1/2","2007/12/31","817485.063","1661502.5","844017.437","0.464387550788","4","13624648.307","-12282440.995","1342207.312","-891916.516"
"2_100_2_75_20.csv","2004/1/2","2007/12/31","817485.063","1661502.5","844017.437","0.464387550788","4","13624648.307","-12282440.995","1342207.312","-891916.516"
"2_100_2_150_16.csv","2004/1/2","2007/12/31","49638.41","671107.5","621469.09","0.592079218976","4","7941316.383","-7032131.461","909184.922","-473543.625"
"2_100_2_150_20.csv","2004/1/2","2007/12/31","323677.688","938377.25","614699.562","0.464387643286","4","9922858.041","-8945325.885","977532.156","-649584.532"
"2_100_2_175_20.csv","2004/1/2","2007/12/31","222413.984","790087.875","567673.891","0.464387595717","4","9163741.749","-8260992.608","902749.141","-599890.126"
"2_100_2_150_18.csv","2004/1/2","2007/12/31","354896.594","964686.625","609790.031","0.450063889525","4","10035878.577","-9054698.561","981180.016","-664904.922"
"2_100_2_225_20.csv","2004/1/2","2007/12/31","388420.844","1033186.25","644765.406","0.46438758737","4","10408199.591","-9382854.888","1025344.703","-681356.703"
"2_100_2_100_18.csv","2004/1/2","2007/12/31","860350.313","1697626.75","837276.437","0.450063856871","4","13779832.533","-12432616.471","1347216.062","-912952.312"
"2_100_2_50_18.csv","2004/1/2","2007/12/31","860350.313","1697626.75","837276.437","0.450063856871","4","13779832.533","-12432616.471","1347216.062","-912952.312"
"2_100_2_75_18.csv","2004/1/2","2007/12/31","860350.313","1697626.75","837276.437","0.450063856871","4","13779832.533","-12432616.471","1347216.062","-912952.312"
"2_100_2_175_16.csv","2004/1/2","2007/12/31","-30660.801","543264.875","573925.676","0.592079301644","4","7333790.406","-6494159.687","839630.719","-437316.531"
"2_100_2_100_16.csv","2004/1/2","2007/12/31","441213.438","1294526.0","853312.562","0.592079243435","4","10903880.092","-9655517.295","1248362.797","-650202.25"
"2_100_2_50_16.csv","2004/1/2","2007/12/31","441213.438","1294526.0","853312.562","0.592079243435","4","10903880.092","-9655517.295","1248362.797","-650202.25"
"2_100_2_75_16.csv","2004/1/2","2007/12/31","441213.438","1294526.0","853312.562","0.592079243435","4","10903880.092","-9655517.295","1248362.797","-650202.25"
"2_100_2_125_18.csv","2004/1/2","2007/12/31","588706.375","1303725.625","715019.25","0.450063813711","4","11767733.552","-10617234.865","1150498.687","-779645.156"
"2_100_2_125_16.csv","2004/1/2","2007/12/31","230770.688","959484.5","728713.812","0.592079271228","4","9311719.654","-8245639.966","1066079.688","-555261.187"
"2_100_2_225_18.csv","2004/1/2","2007/12/31","421166.625","1060782.375","639615.75","0.450063869182","4","10526748.513","-9497577.576","1029170.937","-697426.418"
"2_100_2_225_16.csv","2004/1/2","2007/12/31","100977.789","752843.938","651866.149","0.592079291256","4","8329737.747","-7376083.2","953654.547","-496705.312"
"2_100_2_200_16.csv","2004/1/2","2007/12/31","-156032.828","343662.625","499695.453","0.592079253291","4","6385256.131","-5654221.318","731034.813","-380755.125"
"2_60_0.75_125_6.csv","2004/1/2","2007/12/31","2029400.5","4580935.0","2551534.5","0.842257238685","11","25784216.685","-22405728.935","3378487.75","-1512642.937"
"2_60_0.75_225_6.csv","2004/1/2","2007/12/31","248286.609","1522383.875","1274097.266","1.02067686765","9","10234633.156","-8621504.89","1613128.266","-647833.375"
"2_60_0.75_175_6.csv","2004/1/2","2007/12/31","555717.0","2143601.25","1587884.25","1.02067680047","9","12755237.238","-10744824.91","2010412.328","-807382.75"
"2_120_0.75_200_6.csv","2004/1/2","2007/12/31","1186513.75","1977010.375","790496.625","0.361532885398","7","19468352.977","-18085126.79","1383226.187","-1255687.5"
"2_60_1.25_100_6.csv","2004/1/2","2007/12/31","957064.375","2612774.25","1655709.875","0.846017073404","9","15673776.9","-13496428.525","2177348.375","-885727.656"
"2_60_1.25_50_6.csv","2004/1/2","2007/12/31","1802675.375","4173787.5","2371112.125","0.84601739686","9","22446132.063","-19327991.188","3118140.875","-1268434.5"
"2_60_1.25_75_6.csv","2004/1/2","2007/12/31","1802675.375","4173787.5","2371112.125","0.84601739686","9","22446132.063","-19327991.188","3118140.875","-1268434.5"
"2_60_1.25_125_6.csv","2004/1/2","2007/12/31","160214.969","1272001.125","1111786.156","0.958258758684","8","9509702.396","-8088671.037","1421031.359","-473294.751"
"2_100_0.75_175_10.csv","2004/1/2","2007/12/31","40335.695","414326.719","373991.024","0.359490716119","8","8558011.379","-7908613.285","649398.094","-605158.75"
"2_100_0.75_175_12.csv","2004/1/2","2007/12/31","40335.695","414326.719","373991.024","0.359490716119","8","8558011.379","-7908613.285","649398.094","-605158.75"
"2_100_0.75_175_14.csv","2004/1/2","2007/12/31","40335.695","414326.719","373991.024","0.359490716119","8","8558011.379","-7908613.285","649398.094","-605158.75"
"2_100_0.75_175_16.csv","2004/1/2","2007/12/31","40335.695","414326.719","373991.024","0.359490716119","8","8558011.379","-7908613.285","649398.094","-605158.75"
"2_100_0.75_175_18.csv","2004/1/2","2007/12/31","40335.695","414326.719","373991.024","0.359490716119","8","8558011.379","-7908613.285","649398.094","-605158.75"
"2_100_0.75_175_20.csv","2004/1/2","2007/12/31","40335.695","414326.719","373991.024","0.359490716119","8","8558011.379","-7908613.285","649398.094","-605158.75"
"2_100_0.75_175_8.csv","2004/1/2","2007/12/31","64871.949","447683.5","382811.551","0.359490689335","8","8759850.165","-8095136.087","664714.078","-619431.328"
"2_120_1_225_6.csv","2004/1/2","2007/12/31","-74817.055","456743.25","531560.305","0.574546156382","7","7486120.28","-6711444.749","774675.531","-478385.086"
"2_120_1_225_8.csv","2004/1/2","2007/12/31","-112317.148","356213.438","468530.586","0.527813041498","7","7469584.827","-6767923.733","701661.094","-471452.547"
"2_120_1.25_225_12.csv","2004/1/2","2007/12/31","436453.563","744812.813","308359.25","0.214667050814","7","11520473.013","-10837499.763","682973.25","-804283.906"
"2_120_1.25_100_12.csv","2004/1/2","2007/12/31","455029.031","767375.75","312346.719","0.214667001376","7","11669448.984","-10977643.953","691805.031","-814684.422"
"2_120_1.25_125_12.csv","2004/1/2","2007/12/31","455029.031","767375.75","312346.719","0.214667001376","7","11669448.984","-10977643.953","691805.031","-814684.422"
"2_120_1.25_150_12.csv","2004/1/2","2007/12/31","455029.031","767375.75","312346.719","0.214667001376","7","11669448.984","-10977643.953","691805.031","-814684.422"
"2_120_1.25_50_12.csv","2004/1/2","2007/12/31","455029.031","767375.75","312346.719","0.214667001376","7","11669448.984","-10977643.953","691805.031","-814684.422"
"2_120_1.25_75_12.csv","2004/1/2","2007/12/31","455029.031","767375.75","312346.719","0.214667001376","7","11669448.984","-10977643.953","691805.031","-814684.422"
"2_120_1.25_200_12.csv","2004/1/2","2007/12/31","305866.875","586193.5","280326.625","0.214667076994","7","10473156.797","-9852272.0","620884.797","-731167.126"
"2_120_1.25_175_12.csv","2004/1/2","2007/12/31","252836.859","521779.625","268942.766","0.214667028726","7","10047851.262","-9452180.074","595671.188","-701475.078"
"2_60_0.75_150_4.csv","2004/1/2","2007/12/31","1343821.375","3288381.0","1944559.625","0.829653507619","12","18528404.968","-15973116.906","2555288.062","-1170318.562"
"1_100_0.75_225_4.csv","2004/1/2","2007/12/31","818273.125","1721332.125","903059.0","0.496657508481","18","14349411.423","-12973376.329","1376035.094","-1410625.594"
"3_100_0.75_225_4.csv","2004/1/2","2007/12/31","818273.125","1721332.125","903059.0","0.496657508481","18","14349411.423","-12973376.329","1376035.094","-1410625.594"
"1_100_0.75_200_10.csv","2004/1/2","2007/12/31","380633.813","1066336.0","685702.187","0.496657535505","18","10895658.112","-9850820.28","1044837.832","-1071102.836"
"1_100_0.75_200_12.csv","2004/1/2","2007/12/31","380633.813","1066336.0","685702.187","0.496657535505","18","10895658.112","-9850820.28","1044837.832","-1071102.836"
"1_100_0.75_200_14.csv","2004/1/2","2007/12/31","380633.813","1066336.0","685702.187","0.496657535505","18","10895658.112","-9850820.28","1044837.832","-1071102.836"
"1_100_0.75_200_16.csv","2004/1/2","2007/12/31","380633.813","1066336.0","685702.187","0.496657535505","18","10895658.112","-9850820.28","1044837.832","-1071102.836"
"1_100_0.75_200_18.csv","2004/1/2","2007/12/31","380633.813","1066336.0","685702.187","0.496657535505","18","10895658.112","-9850820.28","1044837.832","-1071102.836"
"1_100_0.75_200_20.csv","2004/1/2","2007/12/31","380633.813","1066336.0","685702.187","0.496657535505","18","10895658.112","-9850820.28","1044837.832","-1071102.836"
"1_100_0.75_200_6.csv","2004/1/2","2007/12/31","380633.813","1066336.0","685702.187","0.496657535505","18","10895658.112","-9850820.28","1044837.832","-1071102.836"
"1_100_0.75_200_8.csv","2004/1/2","2007/12/31","380633.813","1066336.0","685702.187","0.496657535505","18","10895658.112","-9850820.28","1044837.832","-1071102.836"
"3_100_0.75_200_10.csv","2004/1/2","2007/12/31","380633.813","1066336.0","685702.187","0.496657535505","18","10895658.112","-9850820.28","1044837.832","-1071102.836"
"3_100_0.75_200_12.csv","2004/1/2","2007/12/31","380633.813","1066336.0","685702.187","0.496657535505","18","10895658.112","-9850820.28","1044837.832","-1071102.836"
"3_100_0.75_200_14.csv","2004/1/2","2007/12/31","380633.813","1066336.0","685702.187","0.496657535505","18","10895658.112","-9850820.28","1044837.832","-1071102.836"
"3_100_0.75_200_16.csv","2004/1/2","2007/12/31","380633.813","1066336.0","685702.187","0.496657535505","18","10895658.112","-9850820.28","1044837.832","-1071102.836"
"3_100_0.75_200_18.csv","2004/1/2","2007/12/31","380633.813","1066336.0","685702.187","0.496657535505","18","10895658.112","-9850820.28","1044837.832","-1071102.836"
"3_100_0.75_200_20.csv","2004/1/2","2007/12/31","380633.813","1066336.0","685702.187","0.496657535505","18","10895658.112","-9850820.28","1044837.832","-1071102.836"
"3_100_0.75_200_6.csv","2004/1/2","2007/12/31","380633.813","1066336.0","685702.187","0.496657535505","18","10895658.112","-9850820.28","1044837.832","-1071102.836"
"3_100_0.75_200_8.csv","2004/1/2","2007/12/31","380633.813","1066336.0","685702.187","0.496657535505","18","10895658.112","-9850820.28","1044837.832","-1071102.836"
"1_100_0.75_200_4.csv","2004/1/2","2007/12/31","374963.875","1057850.0","682886.125","0.496657503093","18","10850911.159","-9810364.276","1040546.883","-1066704.04"
"3_100_0.75_200_4.csv","2004/1/2","2007/12/31","374963.875","1057850.0","682886.125","0.496657503093","18","10850911.159","-9810364.276","1040546.883","-1066704.04"
"1_100_0.75_225_10.csv","2004/1/2","2007/12/31","825771.125","1732554.125","906783.0","0.49665754244","18","14408584.403","-13026874.997","1381709.406","-1416442.781"
"1_100_0.75_225_12.csv","2004/1/2","2007/12/31","825771.125","1732554.125","906783.0","0.49665754244","18","14408584.403","-13026874.997","1381709.406","-1416442.781"
"1_100_0.75_225_14.csv","2004/1/2","2007/12/31","825771.125","1732554.125","906783.0","0.49665754244","18","14408584.403","-13026874.997","1381709.406","-1416442.781"
"1_100_0.75_225_16.csv","2004/1/2","2007/12/31","825771.125","1732554.125","906783.0","0.49665754244","18","14408584.403","-13026874.997","1381709.406","-1416442.781"
"1_100_0.75_225_18.csv","2004/1/2","2007/12/31","825771.125","1732554.125","906783.0","0.49665754244","18","14408584.403","-13026874.997","1381709.406","-1416442.781"
"1_100_0.75_225_20.csv","2004/1/2","2007/12/31","825771.125","1732554.125","906783.0","0.49665754244","18","14408584.403","-13026874.997","1381709.406","-1416442.781"
"1_100_0.75_225_6.csv","2004/1/2","2007/12/31","825771.125","1732554.125","906783.0","0.49665754244","18","14408584.403","-13026874.997","1381709.406","-1416442.781"
"1_100_0.75_225_8.csv","2004/1/2","2007/12/31","825771.125","1732554.125","906783.0","0.49665754244","18","14408584.403","-13026874.997","1381709.406","-1416442.781"
"3_100_0.75_225_10.csv","2004/1/2","2007/12/31","825771.125","1732554.125","906783.0","0.49665754244","18","14408584.403","-13026874.997","1381709.406","-1416442.781"
"3_100_0.75_225_12.csv","2004/1/2","2007/12/31","825771.125","1732554.125","906783.0","0.49665754244","18","14408584.403","-13026874.997","1381709.406","-1416442.781"
"3_100_0.75_225_14.csv","2004/1/2","2007/12/31","825771.125","1732554.125","906783.0","0.49665754244","18","14408584.403","-13026874.997","1381709.406","-1416442.781"
"3_100_0.75_225_16.csv","2004/1/2","2007/12/31","825771.125","1732554.125","906783.0","0.49665754244","18","14408584.403","-13026874.997","1381709.406","-1416442.781"
"3_100_0.75_225_18.csv","2004/1/2","2007/12/31","825771.125","1732554.125","906783.0","0.49665754244","18","14408584.403","-13026874.997","1381709.406","-1416442.781"
"3_100_0.75_225_20.csv","2004/1/2","2007/12/31","825771.125","1732554.125","906783.0","0.49665754244","18","14408584.403","-13026874.997","1381709.406","-1416442.781"
"3_100_0.75_225_6.csv","2004/1/2","2007/12/31","825771.125","1732554.125","906783.0","0.49665754244","18","14408584.403","-13026874.997","1381709.406","-1416442.781"
"3_100_0.75_225_8.csv","2004/1/2","2007/12/31","825771.125","1732554.125","906783.0","0.49665754244","18","14408584.403","-13026874.997","1381709.406","-1416442.781"
"2_20_1.75_100_6.csv","2004/1/2","2007/12/31","2085598.125","4051253.25","1965655.125","0.637041845817","16","15569820.625","-12803342.75","2766477.875","-1096683.75"
"2_100_1.75_175_16.csv","2004/1/2","2007/12/31","-130913.719","138237.156","269150.875","0.309694078579","5","6416285.91","-5923574.879","492711.031","-481224.375"
"2_100_1.75_100_18.csv","2004/1/2","2007/12/31","574889.313","981736.0","406846.687","0.258333511849","6","11451706.798","-10639742.111","811964.687","-909191.5"
"2_100_1.75_50_18.csv","2004/1/2","2007/12/31","574889.313","981736.0","406846.687","0.258333511849","6","11451706.798","-10639742.111","811964.687","-909191.5"
"2_100_1.75_75_18.csv","2004/1/2","2007/12/31","574889.313","981736.0","406846.687","0.258333511849","6","11451706.798","-10639742.111","811964.687","-909191.5"
"2_100_1.75_100_16.csv","2004/1/2","2007/12/31","527977.813","922705.75","394727.937","0.258333552779","6","11110591.992","-10322813.383","787778.609","-882109.18"
"2_100_1.75_50_16.csv","2004/1/2","2007/12/31","527977.813","922705.75","394727.937","0.258333552779","6","11110591.992","-10322813.383","787778.609","-882109.18"
"2_100_1.75_75_16.csv","2004/1/2","2007/12/31","527977.813","922705.75","394727.937","0.258333552779","6","11110591.992","-10322813.383","787778.609","-882109.18"
"2_100_1.75_200_18.csv","2004/1/2","2007/12/31","-151710.266","111000.063","262710.329","0.309694103878","5","6262749.54","-5781828.696","480920.844","-469709.063"
"2_100_1.75_175_18.csv","2004/1/2","2007/12/31","-104231.328","173182.906","277414.234","0.309694056816","5","6613276.993","-6105438.962","507838.031","-495998.75"
"2_100_1.75_125_16.csv","2004/1/2","2007/12/31","-24575.125","227409.813","251984.938","0.258333516459","6","7092739.252","-6589840.095","502899.157","-563117.688"
"2_100_1.75_150_16.csv","2004/1/2","2007/12/31","-24575.125","227409.813","251984.938","0.258333516459","6","7092739.252","-6589840.095","502899.157","-563117.688"
"2_100_1.75_175_20.csv","2004/1/2","2007/12/31","-85172.305","198144.344","283316.649","0.309694000901","5","6753984.457","-6235341.363","518643.094","-506551.938"
"2_100_1.75_225_18.csv","2004/1/2","2007/12/31","-12074.074","293880.719","305954.793","0.309694062022","5","7293654.774","-6733570.055","560084.719","-547027.438"
"2_100_1.75_225_20.csv","2004/1/2","2007/12/31","8945.672","321410.125","312464.453","0.309694031771","5","7448838.891","-6876837.485","572001.406","-558666.328"
"2_100_1.75_225_16.csv","2004/1/2","2007/12/31","-41501.664","255339.563","296841.227","0.309694045207","5","7076397.142","-6532995.829","543401.313","-530733.031"
"2_100_1.75_200_16.csv","2004/1/2","2007/12/31","-176978.375","77906.531","254884.906","0.309694056945","5","6076200.073","-5609604.542","466595.531","-455717.75"
"2_100_1.75_125_18.csv","2004/1/2","2007/12/31","5372.139","265093.406","259721.267","0.258333463725","6","7310498.541","-6792159.572","518338.969","-580406.407"
"2_100_1.75_150_18.csv","2004/1/2","2007/12/31","5372.139","265093.406","259721.267","0.258333463725","6","7310498.541","-6792159.572","518338.969","-580406.407"
"2_100_1.75_100_20.csv","2004/1/2","2007/12/31","608397.625","1023900.625","415503.0","0.258333507549","6","11695359.286","-10866118.849","829240.437","-928536.031"
"2_100_1.75_50_20.csv","2004/1/2","2007/12/31","608397.625","1023900.625","415503.0","0.258333507549","6","11695359.286","-10866118.849","829240.437","-928536.031"
"2_100_1.75_75_20.csv","2004/1/2","2007/12/31","608397.625","1023900.625","415503.0","0.258333507549","6","11695359.286","-10866118.849","829240.437","-928536.031"
"2_100_1.75_200_20.csv","2004/1/2","2007/12/31","-133661.438","134638.5","268299.938","0.309694096244","5","6395999.982","-5904846.763","491153.219","-479702.876"
"2_100_1.75_125_20.csv","2004/1/2","2007/12/31","26763.082","292010.406","265247.324","0.258333522747","6","7466041.3","-6936673.769","529367.531","-592755.438"
"2_100_1.75_150_20.csv","2004/1/2","2007/12/31","26763.082","292010.406","265247.324","0.258333522747","6","7466041.3","-6936673.769","529367.531","-592755.438"
"2_80_0.75_150_4.csv","2004/1/2","2007/12/31","-181530.094","196283.25","377813.344","0.461609328859","11","6351995.847","-5764372.409","587623.438","-543447.328"
"2_100_1.25_200_8.csv","2004/1/2","2007/12/31","-118818.516","169941.844","288760.36","0.327696808482","8","6755968.915","-6241886.165","514082.75","-476706.578"
"2_100_1.25_200_10.csv","2004/1/2","2007/12/31","-80219.797","286132.906","366352.703","0.398304618652","7","7259892.456","-6659750.581","600141.875","-480138.203"
"2_120_0.75_200_4.csv","2004/1/2","2007/12/31","995901.875","977883.0","-18018.875","-0.00902793630574","10","13723536.327","-13237215.296","486321.031","-1184319.375"
"2_80_1_225_10.csv","2004/1/2","2007/12/31","-52062.484","380524.188","432586.672","0.456345133195","7","7651215.974","-6981881.098","669334.876","-647670.876"
"2_80_1_225_12.csv","2004/1/2","2007/12/31","-52062.484","380524.188","432586.672","0.456345133195","7","7651215.974","-6981881.098","669334.876","-647670.876"
"2_80_1_225_14.csv","2004/1/2","2007/12/31","-52062.484","380524.188","432586.672","0.456345133195","7","7651215.974","-6981881.098","669334.876","-647670.876"
"2_80_1_225_16.csv","2004/1/2","2007/12/31","-52062.484","380524.188","432586.672","0.456345133195","7","7651215.974","-6981881.098","669334.876","-647670.876"
"2_80_1_225_18.csv","2004/1/2","2007/12/31","-52062.484","380524.188","432586.672","0.456345133195","7","7651215.974","-6981881.098","669334.876","-647670.876"
"2_80_1_225_20.csv","2004/1/2","2007/12/31","-52062.484","380524.188","432586.672","0.456345133195","7","7651215.974","-6981881.098","669334.876","-647670.876"
"2_80_1_225_8.csv","2004/1/2","2007/12/31","-23399.215","422267.844","445667.059","0.456345177933","7","7882570.569","-7192996.631","689573.938","-667254.907"
"2_80_1_200_10.csv","2004/1/2","2007/12/31","-88347.086","327681.313","416028.399","0.456345164493","7","7358346.651","-6714632.182","643714.469","-622879.625"
"2_80_1_200_12.csv","2004/1/2","2007/12/31","-88347.086","327681.313","416028.399","0.456345164493","7","7358346.651","-6714632.182","643714.469","-622879.625"
"2_80_1_200_14.csv","2004/1/2","2007/12/31","-88347.086","327681.313","416028.399","0.456345164493","7","7358346.651","-6714632.182","643714.469","-622879.625"
"2_80_1_200_16.csv","2004/1/2","2007/12/31","-88347.086","327681.313","416028.399","0.456345164493","7","7358346.651","-6714632.182","643714.469","-622879.625"
"2_80_1_200_18.csv","2004/1/2","2007/12/31","-88347.086","327681.313","416028.399","0.456345164493","7","7358346.651","-6714632.182","643714.469","-622879.625"
"2_80_1_200_20.csv","2004/1/2","2007/12/31","-88347.086","327681.313","416028.399","0.456345164493","7","7358346.651","-6714632.182","643714.469","-622879.625"
"2_80_1_200_8.csv","2004/1/2","2007/12/31","-144890.125","245335.125","390225.25","0.456345156814","7","6901963.598","-6298173.973","603789.625","-584247.156"
"2_100_0.75_225_6.csv","2004/1/2","2007/12/31","76049.281","623253.875","547204.594","0.508531164568","7","9078063.776","-8262252.604","815811.172","-630429.5"
"2_100_0.75_200_6.csv","2004/1/2","2007/12/31","137514.719","715976.375","578461.656","0.508531139279","7","9596614.985","-8734203.579","862411.406","-666440.469"
"2_60_0.75_100_6.csv","2004/1/2","2007/12/31","1833258.125","3896114.5","2062856.375","0.72808628229","13","23678188.937","-20910338.062","2767850.875","-1548725.125"
"2_100_1_150_4.csv","2004/1/2","2007/12/31","-153397.813","227817.75","381215.563","0.450288894659","11","6541953.48","-5950173.511","591779.969","-595366.969"
"2_100_1_100_4.csv","2004/1/2","2007/12/31","12378.439","468241.25","455862.811","0.450288936863","11","7822957.178","-7115298.584","707658.594","-711947.938"
"2_100_1_125_4.csv","2004/1/2","2007/12/31","12378.439","468241.25","455862.811","0.450288936863","11","7822957.178","-7115298.584","707658.594","-711947.938"
"2_100_1_50_4.csv","2004/1/2","2007/12/31","12378.439","468241.25","455862.811","0.450288936863","11","7822957.178","-7115298.584","707658.594","-711947.938"
"2_100_1_75_4.csv","2004/1/2","2007/12/31","12378.439","468241.25","455862.811","0.450288936863","11","7822957.178","-7115298.584","707658.594","-711947.938"
"2_100_1_175_4.csv","2004/1/2","2007/12/31","25738.154","548335.813","522597.659","0.509484469269","10","8059535.863","-7281819.644","777716.219","-696924.219"
"2_80_1_175_4.csv","2004/1/2","2007/12/31","-298495.813","40066.219","338562.032","0.482622966868","13","5290573.986","-4777925.204","512648.782","-430856.735"
"2_80_1_150_4.csv","2004/1/2","2007/12/31","-254592.609","-60469.375","194123.234","0.260425689823","15","5259968.71","-4880863.741","379104.969","-522309.735"
"2_100_2_200_12.csv","2004/1/2","2007/12/31","154877.406","857473.0","702595.594","0.608372447456","4","8602175.42","-7617543.967","984631.453","-568337.172"
"2_100_2_125_12.csv","2004/1/2","2007/12/31","684175.75","1708782.0","1024606.25","0.60837252288","4","12544688.006","-11108784.475","1435903.531","-828815.078"
"2_100_2_225_12.csv","2004/1/2","2007/12/31","458550.344","1345892.125","887341.781","0.608372405279","4","10864102.358","-9620563.936","1243538.422","-717780.387"
"2_100_2_175_12.csv","2004/1/2","2007/12/31","326435.25","1133402.0","806966.75","0.608372515733","4","9880034.448","-8749135.261","1130899.187","-652764.008"
"2_100_2_150_12.csv","2004/1/2","2007/12/31","436316.0","1310131.125","873815.125","0.608372478619","4","10698489.244","-9473907.4","1224581.844","-706838.594"
"2_100_2_100_12.csv","2004/1/2","2007/12/31","972143.563","2171941.5","1199797.937","0.608372513802","4","14689635.414","-13008214.852","1681420.562","-970529.5"
"2_100_2_50_12.csv","2004/1/2","2007/12/31","972143.563","2171941.5","1199797.937","0.608372513802","4","14689635.414","-13008214.852","1681420.562","-970529.5"
"2_100_2_75_12.csv","2004/1/2","2007/12/31","972143.563","2171941.5","1199797.937","0.608372513802","4","14689635.414","-13008214.852","1681420.562","-970529.5"
"2_120_1.25_100_8.csv","2004/1/2","2007/12/31","737340.938","1319841.375","582500.437","0.335282744025","8","13940088.683","-12937534.683","1002554.0","-978497.125"
"2_120_1.25_125_8.csv","2004/1/2","2007/12/31","737340.938","1319841.375","582500.437","0.335282744025","8","13940088.683","-12937534.683","1002554.0","-978497.125"
"2_120_1.25_150_8.csv","2004/1/2","2007/12/31","737340.938","1319841.375","582500.437","0.335282744025","8","13940088.683","-12937534.683","1002554.0","-978497.125"
"2_120_1.25_50_8.csv","2004/1/2","2007/12/31","737340.938","1319841.375","582500.437","0.335282744025","8","13940088.683","-12937534.683","1002554.0","-978497.125"
"2_120_1.25_75_8.csv","2004/1/2","2007/12/31","737340.938","1319841.375","582500.437","0.335282744025","8","13940088.683","-12937534.683","1002554.0","-978497.125"
"2_120_1.25_200_8.csv","2004/1/2","2007/12/31","559237.75","1082023.25","522785.5","0.335282736709","8","12511021.509","-11611244.228","899777.281","-878186.625"
"2_120_1.25_225_8.csv","2004/1/2","2007/12/31","780768.625","1377829.75","597061.125","0.335282819238","8","14288544.037","-13260929.506","1027614.531","-1002956.5"
"2_120_1.25_175_8.csv","2004/1/2","2007/12/31","495918.5","997474.125","501555.625","0.33528272095","8","12002959.524","-11139721.43","863238.094","-842524.312"
"2_120_1.25_100_10.csv","2004/1/2","2007/12/31","621647.75","969762.063","348114.313","0.214667034194","7","12923168.899","-12185493.274","737675.625","-907976.001"
"2_120_1.25_125_10.csv","2004/1/2","2007/12/31","621647.75","969762.063","348114.313","0.214667034194","7","12923168.899","-12185493.274","737675.625","-907976.001"
"2_120_1.25_150_10.csv","2004/1/2","2007/12/31","621647.75","969762.063","348114.313","0.214667034194","7","12923168.899","-12185493.274","737675.625","-907976.001"
"2_120_1.25_50_10.csv","2004/1/2","2007/12/31","621647.75","969762.063","348114.313","0.214667034194","7","12923168.899","-12185493.274","737675.625","-907976.001"
"2_120_1.25_75_10.csv","2004/1/2","2007/12/31","621647.75","969762.063","348114.313","0.214667034194","7","12923168.899","-12185493.274","737675.625","-907976.001"
"2_120_1.25_175_10.csv","2004/1/2","2007/12/31","396302.188","696042.188","299740.0","0.214666998717","7","11127351.79","-10492184.383","635167.407","-781802.688"
"2_120_1.25_225_10.csv","2004/1/2","2007/12/31","600945.063","944615.188","343670.125","0.214667031957","7","12758186.016","-12029928.047","728257.969","-896384.387"
"2_120_1.25_200_10.csv","2004/1/2","2007/12/31","455404.844","767832.313","312427.469","0.214667053149","7","11598350.843","-10936298.03","662052.813","-814894.797"
"2_60_0.75_125_4.csv","2004/1/2","2007/12/31","1549102.375","3622516.5","2073414.125","0.81338989965","12","20389623.37","-17707030.933","2682592.437","-1272820.062"
"2_80_1.5_100_6.csv","2004/1/2","2007/12/31","617344.625","1571230.0","953885.375","0.589784861096","8","10986872.077","-9648805.218","1338066.859","-755091.75"
"2_80_1.5_50_6.csv","2004/1/2","2007/12/31","923328.625","2057678.75","1134350.125","0.589784871007","8","13065469.714","-11474255.152","1591214.562","-897947.0"
"2_80_1.5_75_6.csv","2004/1/2","2007/12/31","923328.625","2057678.75","1134350.125","0.589784871007","8","13065469.714","-11474255.152","1591214.562","-897947.0"
"2_80_1.5_125_6.csv","2004/1/2","2007/12/31","143183.375","817415.625","674232.25","0.589784862818","8","7765821.02","-6820038.817","945782.203","-533719.5"
"2_80_1.5_150_6.csv","2004/1/2","2007/12/31","111428.359","766932.0","655503.641","0.589784879693","8","7550104.087","-6630593.54","919510.547","-518894.0"
"2_60_0.75_225_4.csv","2004/1/2","2007/12/31","369131.0","1723220.25","1354089.25","0.989013651725","10","10790374.188","-9111069.317","1679304.871","-699415.0"
"2_60_0.75_175_4.csv","2004/1/2","2007/12/31","529351.813","2041901.625","1512549.812","0.989013645613","10","12053102.442","-10177279.145","1875823.297","-781262.875"
"2_80_1.5_100_18.csv","2004/1/2","2007/12/31","478976.0","987883.938","508907.938","0.344094791261","7","11739984.041","-10879804.962","860179.079","-922761.172"
"2_80_1.5_100_20.csv","2004/1/2","2007/12/31","478976.0","987883.938","508907.938","0.344094791261","7","11739984.041","-10879804.962","860179.079","-922761.172"
"2_80_1.5_50_16.csv","2004/1/2","2007/12/31","803011.813","1423418.75","620406.937","0.344094771053","7","14312154.91","-13263515.223","1048639.687","-1124933.516"
"2_80_1.5_75_16.csv","2004/1/2","2007/12/31","803011.813","1423418.75","620406.937","0.344094771053","7","14312154.91","-13263515.223","1048639.687","-1124933.516"
"2_80_1.5_50_18.csv","2004/1/2","2007/12/31","758782.125","1363969.875","605187.75","0.344094780927","7","13961061.987","-12938146.487","1022915.5","-1097337.801"
"2_80_1.5_50_20.csv","2004/1/2","2007/12/31","758782.125","1363969.875","605187.75","0.344094780927","7","13961061.987","-12938146.487","1022915.5","-1097337.801"
"2_80_1.5_75_18.csv","2004/1/2","2007/12/31","758782.125","1363969.875","605187.75","0.344094780927","7","13961061.987","-12938146.487","1022915.5","-1097337.801"
"2_80_1.5_75_20.csv","2004/1/2","2007/12/31","758782.125","1363969.875","605187.75","0.344094780927","7","13961061.987","-12938146.487","1022915.5","-1097337.801"
"2_80_1.5_100_16.csv","2004/1/2","2007/12/31","516169.063","1037874.938","521705.875","0.344094789777","7","12035220.46","-11153409.788","881810.672","-945966.797"
"2_80_1.5_150_16.csv","2004/1/2","2007/12/31","-44923.969","283712.625","328636.594","0.344094693337","7","7581311.446","-7025835.071","555476.375","-595890.125"
"2_80_1.5_125_16.csv","2004/1/2","2007/12/31","71669.656","440425.531","368755.875","0.344094724466","7","8506821.853","-7883534.088","623287.765","-668635.125"
"2_80_1.5_150_18.csv","2004/1/2","2007/12/31","-68352.883","252222.0","320574.883","0.344094751275","7","7395334.028","-6853483.965","541850.063","-581272.313"
"2_80_1.5_150_20.csv","2004/1/2","2007/12/31","-68352.883","252222.0","320574.883","0.344094751275","7","7395334.028","-6853483.965","541850.063","-581272.313"
"2_80_1.5_125_18.csv","2004/1/2","2007/12/31","45380.563","405090.563","359710.0","0.344094784934","7","8298141.272","-7690143.303","607997.969","-652232.876"
"2_80_1.5_125_20.csv","2004/1/2","2007/12/31","45380.563","405090.563","359710.0","0.344094784934","7","8298141.272","-7690143.303","607997.969","-652232.876"
"2_100_1.25_225_6.csv","2004/1/2","2007/12/31","161898.141","883217.75","721319.609","0.620811397787","9","7751895.894","-6756089.027","995806.867","-582919.188"
"2_80_1.75_225_10.csv","2004/1/2","2007/12/31","-44377.695","555848.75","600226.445","0.628100078723","5","7152534.741","-6327149.991","825384.75","-456905.063"
"2_120_0.75_175_6.csv","2004/1/2","2007/12/31","1043831.688","1782744.125","738912.437","0.361532919437","7","18697324.142","-17478740.08","1218584.062","-1173747.0"
"2_120_0.75_100_6.csv","2004/1/2","2007/12/31","558081.375","1038187.625","480106.25","0.308139393554","8","14020405.205","-13174629.205","845776.0","-908845.457"
"2_120_0.75_125_6.csv","2004/1/2","2007/12/31","558081.375","1038187.625","480106.25","0.308139393554","8","14020405.205","-13174629.205","845776.0","-908845.457"
"2_120_0.75_75_6.csv","2004/1/2","2007/12/31","558081.375","1038187.625","480106.25","0.308139393554","8","14020405.205","-13174629.205","845776.0","-908845.457"
"2_120_0.75_150_6.csv","2004/1/2","2007/12/31","624031.75","1124460.0","500428.25","0.30813944986","8","14613861.531","-13732285.531","881576.0","-947315.055"
"2_80_0.75_200_4.csv","2004/1/2","2007/12/31","-334483.75","161850.0","496333.75","0.745787574684","8","5400371.283","-4748854.095","651517.188","-368287.844"
"2_80_0.75_225_4.csv","2004/1/2","2007/12/31","-320634.656","186027.563","506662.219","0.745787555216","8","5512750.702","-4847675.826","665074.876","-375951.782"
"2_80_0.75_175_4.csv","2004/1/2","2007/12/31","-373921.844","76399.281","450321.125","0.719273018367","9","5171204.76","-4574896.354","596308.406","-352923.688"
"2_120_0.75_225_6.csv","2004/1/2","2007/12/31","953034.938","1659121.25","706086.312","0.361532862655","7","17205910.771","-16044466.084","1161444.687","-1121603.75"
"2_20_1.5_75_4.csv","2004/1/2","2007/12/31","2322246.5","3170826.5","848580.0","0.255423551503","24","15545319.625","-13922933.375","1622386.25","-1062418.125"
"2_80_0.75_150_10.csv","2004/1/2","2007/12/31","207368.906","678604.5","471235.594","0.390299594149","10","9854315.913","-9102460.569","751855.344","-836010.782"
"2_80_0.75_150_12.csv","2004/1/2","2007/12/31","207368.906","749877.563","542508.657","0.449331313987","9","10067012.809","-9243884.402","823128.407","-808273.594"
"2_80_0.75_150_14.csv","2004/1/2","2007/12/31","207368.906","749877.563","542508.657","0.449331313987","9","10067012.809","-9243884.402","823128.407","-808273.594"
"2_80_0.75_150_16.csv","2004/1/2","2007/12/31","207368.906","749877.563","542508.657","0.449331313987","9","10067012.809","-9243884.402","823128.407","-808273.594"
"2_80_0.75_150_18.csv","2004/1/2","2007/12/31","207368.906","749877.563","542508.657","0.449331313987","9","10067012.809","-9243884.402","823128.407","-808273.594"
"2_80_0.75_150_20.csv","2004/1/2","2007/12/31","207368.906","749877.563","542508.657","0.449331313987","9","10067012.809","-9243884.402","823128.407","-808273.594"
"2_80_0.75_150_8.csv","2004/1/2","2007/12/31","207368.906","641739.0","434370.094","0.359765844425","10","9745170.078","-9030180.234","714989.844","-850357.594"
"2_80_2_225_12.csv","2004/1/2","2007/12/31","199218.406","947749.438","748531.032","0.624182407687","5","8301873.002","-7280701.236","1021171.766","-560978.344"
"2_80_1.25_200_14.csv","2004/1/2","2007/12/31","92271.438","597948.375","505676.937","0.46295904059","6","8756091.185","-8002183.951","753907.234","-664577.438"
"2_80_1.25_200_16.csv","2004/1/2","2007/12/31","92271.438","597948.375","505676.937","0.46295904059","6","8756091.185","-8002183.951","753907.234","-664577.438"
"2_80_1.25_200_18.csv","2004/1/2","2007/12/31","92271.438","597948.375","505676.937","0.46295904059","6","8756091.185","-8002183.951","753907.234","-664577.438"
"2_80_1.25_200_20.csv","2004/1/2","2007/12/31","92271.438","597948.375","505676.937","0.46295904059","6","8756091.185","-8002183.951","753907.234","-664577.438"
"2_80_1.25_225_14.csv","2004/1/2","2007/12/31","309048.25","915083.813","606035.563","0.4629589192","6","10493859.751","-9590329.063","903530.688","-796472.156"
"2_80_1.25_225_16.csv","2004/1/2","2007/12/31","309048.25","915083.813","606035.563","0.4629589192","6","10493859.751","-9590329.063","903530.688","-796472.156"
"2_80_1.25_225_18.csv","2004/1/2","2007/12/31","309048.25","915083.813","606035.563","0.4629589192","6","10493859.751","-9590329.063","903530.688","-796472.156"
"2_80_1.25_225_20.csv","2004/1/2","2007/12/31","309048.25","915083.813","606035.563","0.4629589192","6","10493859.751","-9590329.063","903530.688","-796472.156"
"2_100_1.25_200_12.csv","2004/1/2","2007/12/31","-162968.0","144473.813","307441.813","0.367299951495","7","6703615.028","-6207466.059","496148.969","-436942.422"
"2_100_1.25_200_14.csv","2004/1/2","2007/12/31","-169007.188","136216.469","305223.657","0.367299996573","7","6655248.681","-6162679.399","492569.282","-433789.875"
"2_100_1.25_200_16.csv","2004/1/2","2007/12/31","-169007.188","136216.469","305223.657","0.367299996573","7","6655248.681","-6162679.399","492569.282","-433789.875"
"2_100_1.25_200_18.csv","2004/1/2","2007/12/31","-169007.188","136216.469","305223.657","0.367299996573","7","6655248.681","-6162679.399","492569.282","-433789.875"
"2_100_1.25_200_20.csv","2004/1/2","2007/12/31","-169007.188","136216.469","305223.657","0.367299996573","7","6655248.681","-6162679.399","492569.282","-433789.875"
"2_100_0.75_50_6.csv","2004/1/2","2007/12/31","-182509.469","-55188.0","127321.469","0.155746720203","10","6386538.221","-6075381.002","311157.219","-554772.875"
"2_20_1.25_100_4.csv","2004/1/2","2007/12/31","2918744.5","5213955.0","2295210.5","0.585700471159","20","21011323.75","-17837402.25","3173921.5","-1692381.375"
"2_20_1.5_50_4.csv","2004/1/2","2007/12/31","2038506.0","2512537.25","474031.25","0.156008001959","27","14288489.875","-13133630.25","1154859.625","-1116284.75"
"2_80_0.75_150_6.csv","2004/1/2","2007/12/31","264813.781","888769.625","623955.844","0.493318347233","10","10367571.02","-9461600.106","905970.914","-825078.656"
"2_120_1.5_150_6.csv","2004/1/2","2007/12/31","-29084.641","1202076.375","1231161.016","1.26804154923","6","6783346.393","-5336336.94","1447009.453","-375009.562"
"2_120_1.5_100_6.csv","2004/1/2","2007/12/31","14848.131","1301717.75","1286869.619","1.26804157163","6","7090284.832","-5577799.894","1512484.938","-391978.375"
"2_120_1.5_125_6.csv","2004/1/2","2007/12/31","14848.131","1301717.75","1286869.619","1.26804157163","6","7090284.832","-5577799.894","1512484.938","-391978.375"
"2_120_1.5_50_6.csv","2004/1/2","2007/12/31","14848.131","1301717.75","1286869.619","1.26804157163","6","7090284.832","-5577799.894","1512484.938","-391978.375"
"2_120_1.5_75_6.csv","2004/1/2","2007/12/31","14848.131","1301717.75","1286869.619","1.26804157163","6","7090284.832","-5577799.894","1512484.938","-391978.375"
"2_120_1.5_175_6.csv","2004/1/2","2007/12/31","-169328.0","883998.625","1053326.625","1.26804156755","6","5803529.712","-4565532.774","1237996.938","-320841.563"
"2_120_1.5_225_6.csv","2004/1/2","2007/12/31","-197312.359","820528.938","1017841.297","1.26804157061","6","5608015.061","-4411724.779","1196290.282","-310032.75"
"2_120_1.5_200_6.csv","2004/1/2","2007/12/31","-320898.219","540231.063","861129.282","1.26804156033","6","4744576.922","-3732473.609","1012103.313","-262298.562"
"2_80_2_150_12.csv","2004/1/2","2007/12/31","-107348.859","392972.25","500321.109","0.560488959258","6","6108443.166","-5409892.228","698550.938","-440822.781"
"2_80_2_200_12.csv","2004/1/2","2007/12/31","85860.0","763634.625","677774.625","0.624182330135","5","7557256.288","-6638346.225","918910.063","-507950.719"
"2_80_2_125_12.csv","2004/1/2","2007/12/31","62713.496","658352.625","595639.129","0.560488909986","6","7272185.818","-6440551.365","831634.453","-524805.657"
"2_80_2_100_12.csv","2004/1/2","2007/12/31","250566.781","951495.688","700928.907","0.560488985994","6","8557672.573","-7579032.026","978640.547","-617574.282"
"2_80_2_50_12.csv","2004/1/2","2007/12/31","587258.0","1476898.5","889640.5","0.560488906025","6","10861662.042","-9619541.386","1242120.656","-783844.391"
"2_80_2_75_12.csv","2004/1/2","2007/12/31","587258.0","1476898.5","889640.5","0.560488906025","6","10861662.042","-9619541.386","1242120.656","-783844.391"
"2_80_2_175_12.csv","2004/1/2","2007/12/31","29346.813","671846.938","642500.125","0.624182361946","5","7163941.93","-6292856.211","871085.719","-481514.656"
"2_120_1_175_4.csv","2004/1/2","2007/12/31","-350447.688","9678.156","360125.844","0.554421618316","12","4999260.046","-4494926.202","504333.844","-322552.766"
"2_120_1_200_4.csv","2004/1/2","2007/12/31","-331154.125","39668.5","370822.625","0.554421637122","12","5147752.986","-4628438.986","519314.0","-332133.563"
"2_120_1_100_4.csv","2004/1/2","2007/12/31","-257487.344","154177.531","411664.875","0.554421357903","12","5714725.114","-5138214.02","576511.094","-368714.719"
"2_120_1_125_4.csv","2004/1/2","2007/12/31","-257487.344","154177.531","411664.875","0.554421357903","12","5714725.114","-5138214.02","576511.094","-368714.719"
"2_120_1_150_4.csv","2004/1/2","2007/12/31","-257487.344","154177.531","411664.875","0.554421357903","12","5714725.114","-5138214.02","576511.094","-368714.719"
"2_120_1_75_4.csv","2004/1/2","2007/12/31","-257487.344","154177.531","411664.875","0.554421357903","12","5714725.114","-5138214.02","576511.094","-368714.719"
"2_120_1_50_4.csv","2004/1/2","2007/12/31","-182584.844","270607.656","453192.5","0.554421454843","12","6291210.501","-5656542.657","634667.844","-405909.656"
"2_100_0.75_100_14.csv","2004/1/2","2007/12/31","-195668.672","-70396.563","125272.109","0.155746897627","10","6364539.488","-6061470.301","303069.187","-536637.797"
"2_100_0.75_100_16.csv","2004/1/2","2007/12/31","-195668.672","-70396.563","125272.109","0.155746897627","10","6364539.488","-6061470.301","303069.187","-536637.797"
"2_100_0.75_100_18.csv","2004/1/2","2007/12/31","-195668.672","-70396.563","125272.109","0.155746897627","10","6364539.488","-6061470.301","303069.187","-536637.797"
"2_100_0.75_100_20.csv","2004/1/2","2007/12/31","-195668.672","-70396.563","125272.109","0.155746897627","10","6364539.488","-6061470.301","303069.187","-536637.797"
"2_100_0.75_125_14.csv","2004/1/2","2007/12/31","-195668.672","-70396.563","125272.109","0.155746897627","10","6364539.488","-6061470.301","303069.187","-536637.797"
"2_100_0.75_125_16.csv","2004/1/2","2007/12/31","-195668.672","-70396.563","125272.109","0.155746897627","10","6364539.488","-6061470.301","303069.187","-536637.797"
"2_100_0.75_125_18.csv","2004/1/2","2007/12/31","-195668.672","-70396.563","125272.109","0.155746897627","10","6364539.488","-6061470.301","303069.187","-536637.797"
"2_100_0.75_125_20.csv","2004/1/2","2007/12/31","-195668.672","-70396.563","125272.109","0.155746897627","10","6364539.488","-6061470.301","303069.187","-536637.797"
"2_100_0.75_50_14.csv","2004/1/2","2007/12/31","-195668.672","-70396.563","125272.109","0.155746897627","10","6364539.488","-6061470.301","303069.187","-536637.797"
"2_100_0.75_50_16.csv","2004/1/2","2007/12/31","-195668.672","-70396.563","125272.109","0.155746897627","10","6364539.488","-6061470.301","303069.187","-536637.797"
"2_100_0.75_50_18.csv","2004/1/2","2007/12/31","-195668.672","-70396.563","125272.109","0.155746897627","10","6364539.488","-6061470.301","303069.187","-536637.797"
"2_100_0.75_50_20.csv","2004/1/2","2007/12/31","-195668.672","-70396.563","125272.109","0.155746897627","10","6364539.488","-6061470.301","303069.187","-536637.797"
"2_100_0.75_75_14.csv","2004/1/2","2007/12/31","-195668.672","-70396.563","125272.109","0.155746897627","10","6364539.488","-6061470.301","303069.187","-536637.797"
"2_100_0.75_75_16.csv","2004/1/2","2007/12/31","-195668.672","-70396.563","125272.109","0.155746897627","10","6364539.488","-6061470.301","303069.187","-536637.797"
"2_100_0.75_75_18.csv","2004/1/2","2007/12/31","-195668.672","-70396.563","125272.109","0.155746897627","10","6364539.488","-6061470.301","303069.187","-536637.797"
"2_100_0.75_75_20.csv","2004/1/2","2007/12/31","-195668.672","-70396.563","125272.109","0.155746897627","10","6364539.488","-6061470.301","303069.187","-536637.797"
"2_100_0.75_100_12.csv","2004/1/2","2007/12/31","-262696.125","-147863.344","114832.781","0.155746883875","10","5834161.115","-5556347.646","277813.469","-491917.953"
"2_100_0.75_125_12.csv","2004/1/2","2007/12/31","-262696.125","-147863.344","114832.781","0.155746883875","10","5834161.115","-5556347.646","277813.469","-491917.953"
"2_100_0.75_50_12.csv","2004/1/2","2007/12/31","-262696.125","-147863.344","114832.781","0.155746883875","10","5834161.115","-5556347.646","277813.469","-491917.953"
"2_100_0.75_75_12.csv","2004/1/2","2007/12/31","-262696.125","-147863.344","114832.781","0.155746883875","10","5834161.115","-5556347.646","277813.469","-491917.953"
"2_100_0.75_150_10.csv","2004/1/2","2007/12/31","-427392.5","-338210.719","89181.781","0.15574679165","10","4530948.558","-4315192.152","215756.406","-382035.313"
"2_100_0.75_100_10.csv","2004/1/2","2007/12/31","-194336.891","-68857.469","125479.422","0.155746763875","10","6375076.99","-6071506.115","303570.875","-537526.36"
"2_100_0.75_125_10.csv","2004/1/2","2007/12/31","-194336.891","-68857.469","125479.422","0.155746763875","10","6375076.99","-6071506.115","303570.875","-537526.36"
"2_100_0.75_50_10.csv","2004/1/2","2007/12/31","-194336.891","-68857.469","125479.422","0.155746763875","10","6375076.99","-6071506.115","303570.875","-537526.36"
"2_100_0.75_75_10.csv","2004/1/2","2007/12/31","-194336.891","-68857.469","125479.422","0.155746763875","10","6375076.99","-6071506.115","303570.875","-537526.36"
"2_100_0.75_100_8.csv","2004/1/2","2007/12/31","-105363.859","33972.875","139336.734","0.15574681998","10","7079105.216","-6742009.591","337095.625","-596887.766"
"2_100_0.75_125_8.csv","2004/1/2","2007/12/31","-105363.859","33972.875","139336.734","0.15574681998","10","7079105.216","-6742009.591","337095.625","-596887.766"
"2_100_0.75_75_8.csv","2004/1/2","2007/12/31","-105363.859","33972.875","139336.734","0.15574681998","10","7079105.216","-6742009.591","337095.625","-596887.766"
"2_100_0.75_50_8.csv","2004/1/2","2007/12/31","-155664.656","-24162.188","131502.468","0.155746728992","10","6681083.158","-6362940.783","318142.375","-563327.875"
"2_100_0.75_150_12.csv","2004/1/2","2007/12/31","-475977.375","-394362.531","81614.844","0.15574679433","10","4146504.657","-3949054.875","197449.782","-349620.281"
"2_100_0.75_150_8.csv","2004/1/2","2007/12/31","-364156.625","-265126.0","99030.625","0.155746884993","10","5031322.154","-4791738.685","239583.469","-424225.156"
"2_100_0.75_150_14.csv","2004/1/2","2007/12/31","-428338.938","-339304.438","89034.5","0.155747008006","10","4523459.568","-4308059.693","215399.875","-381403.75"
"2_100_0.75_150_16.csv","2004/1/2","2007/12/31","-428338.938","-339304.438","89034.5","0.155747008006","10","4523459.568","-4308059.693","215399.875","-381403.75"
"2_100_0.75_150_18.csv","2004/1/2","2007/12/31","-428338.938","-339304.438","89034.5","0.155747008006","10","4523459.568","-4308059.693","215399.875","-381403.75"
"2_100_0.75_150_20.csv","2004/1/2","2007/12/31","-428338.938","-339304.438","89034.5","0.155747008006","10","4523459.568","-4308059.693","215399.875","-381403.75"
"2_100_1_175_6.csv","2004/1/2","2007/12/31","75077.453","646587.938","571510.485","0.531599359102","8","9146877.687","-8338425.64","808452.047","-688516.188"
"2_100_1_150_6.csv","2004/1/2","2007/12/31","-112675.203","305730.875","418406.078","0.471536555064","9","7430276.587","-6816308.681","613967.906","-590537.125"
"2_100_1_100_6.csv","2004/1/2","2007/12/31","61075.086","561410.875","500335.789","0.47153664769","9","8885226.502","-8151035.283","734191.219","-706172.406"
"2_100_1_125_6.csv","2004/1/2","2007/12/31","61075.086","561410.875","500335.789","0.47153664769","9","8885226.502","-8151035.283","734191.219","-706172.406"
"2_100_1_50_6.csv","2004/1/2","2007/12/31","61075.086","561410.875","500335.789","0.47153664769","9","8885226.502","-8151035.283","734191.219","-706172.406"
"2_100_1_75_6.csv","2004/1/2","2007/12/31","61075.086","561410.875","500335.789","0.47153664769","9","8885226.502","-8151035.283","734191.219","-706172.406"
"2_100_2_100_10.csv","2004/1/2","2007/12/31","1266976.75","2646142.75","1379166.0","0.608372362002","4","16714406.043","-14838180.043","1876226.0","-1206808.187"
"2_100_2_50_10.csv","2004/1/2","2007/12/31","1266976.75","2646142.75","1379166.0","0.608372362002","4","16714406.043","-14838180.043","1876226.0","-1206808.187"
"2_100_2_75_10.csv","2004/1/2","2007/12/31","1266976.75","2646142.75","1379166.0","0.608372362002","4","16714406.043","-14838180.043","1876226.0","-1206808.187"
"2_100_2_125_10.csv","2004/1/2","2007/12/31","935957.813","2113741.25","1177783.437","0.608372470253","4","14273805.445","-12671541.726","1602263.719","-1030592.875"
"2_100_2_150_10.csv","2004/1/2","2007/12/31","651043.25","1655492.625","1004449.375","0.608372539605","4","12173132.716","-10806673.747","1366458.969","-878920.656"
"2_100_2_200_10.csv","2004/1/2","2007/12/31","327529.969","1135162.625","807632.656","0.608372447221","4","9787871.19","-8689162.831","1098708.359","-706700.817"
"2_100_2_175_10.csv","2004/1/2","2007/12/31","524735.438","1452342.5","927607.062","0.608372468352","4","11241865.708","-9979943.489","1261922.219","-811681.734"
"2_100_2_225_10.csv","2004/1/2","2007/12/31","631112.5","1623436.375","992323.875","0.60837242986","4","12026182.646","-10676219.271","1349963.375","-868310.687"
"2_100_1.75_125_14.csv","2004/1/2","2007/12/31","-1096.114","256954.219","258050.333","0.258333495962","6","7107453.54","-6631129.087","476324.453","-576672.203"
"2_100_1.75_150_14.csv","2004/1/2","2007/12/31","-1096.114","256954.219","258050.333","0.258333495962","6","7107453.54","-6631129.087","476324.453","-576672.203"
"2_100_1.75_100_14.csv","2004/1/2","2007/12/31","564757.0","968986.125","404229.125","0.258333482451","6","11133641.079","-10387491.22","746149.859","-903342.031"
"2_100_1.75_50_14.csv","2004/1/2","2007/12/31","564757.0","968986.125","404229.125","0.258333482451","6","11133641.079","-10387491.22","746149.859","-903342.031"
"2_100_1.75_75_14.csv","2004/1/2","2007/12/31","564757.0","968986.125","404229.125","0.258333482451","6","11133641.079","-10387491.22","746149.859","-903342.031"
"2_100_1.75_225_14.csv","2004/1/2","2007/12/31","-18430.088","285556.313","303986.401","0.309694090338","5","7093425.448","-6574952.666","518472.782","-543508.031"
"2_100_1.75_200_14.csv","2004/1/2","2007/12/31","-157167.875","103852.219","261020.094","0.30969404969","5","6090821.251","-5645630.876","445190.375","-466687.125"
"2_100_1.75_175_14.csv","2004/1/2","2007/12/31","-109994.398","165635.063","275629.461","0.309694074263","5","6431725.063","-5961617.281","470107.782","-492807.61"
"2_60_1.5_200_6.csv","2004/1/2","2007/12/31","379100.906","2242918.0","1863817.094","1.35147260501","4","10880914.848","-8717907.957","2163006.891","-832890.75"
"2_20_2_200_4.csv","2004/1/2","2007/12/31","671123.75","2596762.0","1925638.25","1.15230140796","13","7125803.751","-4838802.189","2287001.562","-527812.438"
"2_20_2_225_4.csv","2004/1/2","2007/12/31","1106509.375","3533843.0","2427333.625","1.15230136348","13","8982323.748","-6099479.186","2882844.562","-665326.125"
"1_20_1.75_225_10.csv","2004/1/2","2007/12/31","1102303.5","1060774.625","-41528.875","-0.01975398652","30","3448413.625","-3035966.938","412446.687","-393881.187"
"1_20_1.75_225_12.csv","2004/1/2","2007/12/31","1102303.5","1060774.625","-41528.875","-0.01975398652","30","3448413.625","-3035966.938","412446.687","-393881.187"
"1_20_1.75_225_14.csv","2004/1/2","2007/12/31","1102303.5","1060774.625","-41528.875","-0.01975398652","30","3448413.625","-3035966.938","412446.687","-393881.187"
"1_20_1.75_225_16.csv","2004/1/2","2007/12/31","1102303.5","1060774.625","-41528.875","-0.01975398652","30","3448413.625","-3035966.938","412446.687","-393881.187"
"1_20_1.75_225_18.csv","2004/1/2","2007/12/31","1102303.5","1060774.625","-41528.875","-0.01975398652","30","3448413.625","-3035966.938","412446.687","-393881.187"
"1_20_1.75_225_20.csv","2004/1/2","2007/12/31","1102303.5","1060774.625","-41528.875","-0.01975398652","30","3448413.625","-3035966.938","412446.687","-393881.187"
"1_20_1.75_225_4.csv","2004/1/2","2007/12/31","1102303.5","1060774.625","-41528.875","-0.01975398652","30","3448413.625","-3035966.938","412446.687","-393881.187"
"1_20_1.75_225_6.csv","2004/1/2","2007/12/31","1102303.5","1060774.625","-41528.875","-0.01975398652","30","3448413.625","-3035966.938","412446.687","-393881.187"
"1_20_1.75_225_8.csv","2004/1/2","2007/12/31","1102303.5","1060774.625","-41528.875","-0.01975398652","30","3448413.625","-3035966.938","412446.687","-393881.187"
"3_20_1.75_225_10.csv","2004/1/2","2007/12/31","1102303.5","1060774.625","-41528.875","-0.01975398652","30","3448413.625","-3035966.938","412446.687","-393881.187"
"3_20_1.75_225_12.csv","2004/1/2","2007/12/31","1102303.5","1060774.625","-41528.875","-0.01975398652","30","3448413.625","-3035966.938","412446.687","-393881.187"
"3_20_1.75_225_14.csv","2004/1/2","2007/12/31","1102303.5","1060774.625","-41528.875","-0.01975398652","30","3448413.625","-3035966.938","412446.687","-393881.187"
"3_20_1.75_225_16.csv","2004/1/2","2007/12/31","1102303.5","1060774.625","-41528.875","-0.01975398652","30","3448413.625","-3035966.938","412446.687","-393881.187"
"3_20_1.75_225_18.csv","2004/1/2","2007/12/31","1102303.5","1060774.625","-41528.875","-0.01975398652","30","3448413.625","-3035966.938","412446.687","-393881.187"
"3_20_1.75_225_20.csv","2004/1/2","2007/12/31","1102303.5","1060774.625","-41528.875","-0.01975398652","30","3448413.625","-3035966.938","412446.687","-393881.187"
"3_20_1.75_225_4.csv","2004/1/2","2007/12/31","1102303.5","1060774.625","-41528.875","-0.01975398652","30","3448413.625","-3035966.938","412446.687","-393881.187"
"3_20_1.75_225_6.csv","2004/1/2","2007/12/31","1102303.5","1060774.625","-41528.875","-0.01975398652","30","3448413.625","-3035966.938","412446.687","-393881.187"
"3_20_1.75_225_8.csv","2004/1/2","2007/12/31","1102303.5","1060774.625","-41528.875","-0.01975398652","30","3448413.625","-3035966.938","412446.687","-393881.187"
"2_60_1_225_6.csv","2004/1/2","2007/12/31","502400.063","2343446.0","1841045.937","1.22540326131","9","12455345.26","-10290135.76","2165209.5","-858710.0"
"2_60_1_200_6.csv","2004/1/2","2007/12/31","157326.547","1436521.625","1279195.078","1.10530176752","9","9124961.057","-7596056.862","1528904.195","-625781.125"
"2_60_1.5_175_6.csv","2004/1/2","2007/12/31","390870.406","2002688.875","1611818.469","1.15885596677","6","11090998.999","-9179379.265","1911619.734","-771191.875"
"2_60_1.5_150_6.csv","2004/1/2","2007/12/31","303536.625","1678676.25","1375139.625","1.05492979532","8","10642836.956","-8986720.909","1656116.047","-687974.5"
"2_120_0.75_150_4.csv","2004/1/2","2007/12/31","592706.5","516432.438","-76274.062","-0.047889590455","11","11213126.526","-10946367.666","266758.86","-981218.266"
"2_120_0.75_175_4.csv","2004/1/2","2007/12/31","946773.875","929198.5","-17575.375","-0.00902794886746","10","13872835.64","-13471120.078","401715.562","-1155167.969"
"2_120_0.75_100_4.csv","2004/1/2","2007/12/31","528028.0","454851.313","-73176.687","-0.0478896244048","11","10757770.347","-10501844.503","255925.844","-941371.875"
"2_120_0.75_125_4.csv","2004/1/2","2007/12/31","528028.0","454851.313","-73176.687","-0.0478896244048","11","10757770.347","-10501844.503","255925.844","-941371.875"
"2_120_0.75_75_4.csv","2004/1/2","2007/12/31","528028.0","454851.313","-73176.687","-0.0478896244048","11","10757770.347","-10501844.503","255925.844","-941371.875"
"2_120_0.75_225_4.csv","2004/1/2","2007/12/31","1185917.5","1166183.25","-19734.25","-0.00902790247116","10","14819394.773","-14371779.086","447615.687","-1297070.0"
"2_60_0.75_100_4.csv","2004/1/2","2007/12/31","1589621.0","3404966.0","1815345.0","0.701007985338","14","20917696.747","-18548947.747","2368749.0","-1415547.5"
"2_80_1.25_225_6.csv","2004/1/2","2007/12/31","321706.25","1545120.0","1223413.75","0.925632113792","7","10249028.762","-8743285.153","1505743.609","-706992.415"
"2_80_1.25_200_6.csv","2004/1/2","2007/12/31","141410.031","1197935.875","1056525.844","0.925632170128","7","8850940.782","-7550598.219","1300342.563","-610550.344"
"2_80_1_150_10.csv","2004/1/2","2007/12/31","-99740.195","99161.344","198901.539","0.220937931356","9","7183810.537","-6793789.349","390021.188","-704111.469"
"2_80_1_150_12.csv","2004/1/2","2007/12/31","-99740.195","99161.344","198901.539","0.220937931356","9","7183810.537","-6793789.349","390021.188","-704111.469"
"2_80_1_150_14.csv","2004/1/2","2007/12/31","-99740.195","99161.344","198901.539","0.220937931356","9","7183810.537","-6793789.349","390021.188","-704111.469"
"2_80_1_150_16.csv","2004/1/2","2007/12/31","-99740.195","99161.344","198901.539","0.220937931356","9","7183810.537","-6793789.349","390021.188","-704111.469"
"2_80_1_150_18.csv","2004/1/2","2007/12/31","-99740.195","99161.344","198901.539","0.220937931356","9","7183810.537","-6793789.349","390021.188","-704111.469"
"2_80_1_150_20.csv","2004/1/2","2007/12/31","-99740.195","99161.344","198901.539","0.220937931356","9","7183810.537","-6793789.349","390021.188","-704111.469"
"2_80_1_175_8.csv","2004/1/2","2007/12/31","-138337.938","161022.25","299360.188","0.347421803979","8","7072549.791","-6590264.072","482285.719","-628145.875"
"2_80_1_175_10.csv","2004/1/2","2007/12/31","-81361.719","167379.969","248741.688","0.270772177847","8","7439426.473","-6995663.566","443762.907","-699256.938"
"2_80_1_175_12.csv","2004/1/2","2007/12/31","-81361.719","167379.969","248741.688","0.270772177847","8","7439426.473","-6995663.566","443762.907","-699256.938"
"2_80_1_175_14.csv","2004/1/2","2007/12/31","-81361.719","167379.969","248741.688","0.270772177847","8","7439426.473","-6995663.566","443762.907","-699256.938"
"2_80_1_175_16.csv","2004/1/2","2007/12/31","-81361.719","167379.969","248741.688","0.270772177847","8","7439426.473","-6995663.566","443762.907","-699256.938"
"2_80_1_175_18.csv","2004/1/2","2007/12/31","-81361.719","167379.969","248741.688","0.270772177847","8","7439426.473","-6995663.566","443762.907","-699256.938"
"2_80_1_175_20.csv","2004/1/2","2007/12/31","-81361.719","167379.969","248741.688","0.270772177847","8","7439426.473","-6995663.566","443762.907","-699256.938"
"2_80_1_150_8.csv","2004/1/2","2007/12/31","-155576.547","-32724.25","122852.297","0.145486599837","10","6544359.36","-6242241.204","302118.156","-687202.251"
"2_80_0.75_225_10.csv","2004/1/2","2007/12/31","71796.875","847593.875","775797.0","0.723828383993","7","9114970.116","-8115692.178","999277.938","-603019.751"
"2_80_0.75_225_12.csv","2004/1/2","2007/12/31","71796.875","847593.875","775797.0","0.723828383993","7","9114970.116","-8115692.178","999277.938","-603019.751"
"2_80_0.75_225_14.csv","2004/1/2","2007/12/31","71796.875","847593.875","775797.0","0.723828383993","7","9114970.116","-8115692.178","999277.938","-603019.751"
"2_80_0.75_225_16.csv","2004/1/2","2007/12/31","71796.875","847593.875","775797.0","0.723828383993","7","9114970.116","-8115692.178","999277.938","-603019.751"
"2_80_0.75_225_18.csv","2004/1/2","2007/12/31","71796.875","847593.875","775797.0","0.723828383993","7","9114970.116","-8115692.178","999277.938","-603019.751"
"2_80_0.75_225_20.csv","2004/1/2","2007/12/31","71796.875","847593.875","775797.0","0.723828383993","7","9114970.116","-8115692.178","999277.938","-603019.751"
"2_80_0.75_225_8.csv","2004/1/2","2007/12/31","71796.875","847593.875","775797.0","0.723828383993","7","9114970.116","-8115692.178","999277.938","-603019.751"
"2_80_0.75_175_10.csv","2004/1/2","2007/12/31","6928.617","646723.188","639794.571","0.635392181927","8","8699347.769","-7849597.987","849749.782","-601178.126"
"2_80_0.75_175_12.csv","2004/1/2","2007/12/31","6928.617","518939.438","512010.821","0.508487704447","8","8452298.546","-7730332.514","721966.032","-650907.469"
"2_80_0.75_175_14.csv","2004/1/2","2007/12/31","6928.617","518939.438","512010.821","0.508487704447","8","8452298.546","-7730332.514","721966.032","-650907.469"
"2_80_0.75_175_16.csv","2004/1/2","2007/12/31","6928.617","518939.438","512010.821","0.508487704447","8","8452298.546","-7730332.514","721966.032","-650907.469"
"2_80_0.75_175_18.csv","2004/1/2","2007/12/31","6928.617","518939.438","512010.821","0.508487704447","8","8452298.546","-7730332.514","721966.032","-650907.469"
"2_80_0.75_175_20.csv","2004/1/2","2007/12/31","6928.617","518939.438","512010.821","0.508487704447","8","8452298.546","-7730332.514","721966.032","-650907.469"
"2_80_0.75_175_8.csv","2004/1/2","2007/12/31","6928.617","610557.938","603629.321","0.5994757829","8","8595126.35","-7781541.818","813584.532","-615252.501"
"2_80_0.75_200_10.csv","2004/1/2","2007/12/31","70357.109","845111.938","774754.829","0.723828358298","7","9102725.79","-8104790.289","997935.501","-602209.688"
"2_80_0.75_200_12.csv","2004/1/2","2007/12/31","70357.109","845111.938","774754.829","0.723828358298","7","9102725.79","-8104790.289","997935.501","-602209.688"
"2_80_0.75_200_14.csv","2004/1/2","2007/12/31","70357.109","845111.938","774754.829","0.723828358298","7","9102725.79","-8104790.289","997935.501","-602209.688"
"2_80_0.75_200_16.csv","2004/1/2","2007/12/31","70357.109","845111.938","774754.829","0.723828358298","7","9102725.79","-8104790.289","997935.501","-602209.688"
"2_80_0.75_200_18.csv","2004/1/2","2007/12/31","70357.109","845111.938","774754.829","0.723828358298","7","9102725.79","-8104790.289","997935.501","-602209.688"
"2_80_0.75_200_20.csv","2004/1/2","2007/12/31","70357.109","845111.938","774754.829","0.723828358298","7","9102725.79","-8104790.289","997935.501","-602209.688"
"2_80_0.75_200_8.csv","2004/1/2","2007/12/31","70357.109","845111.938","774754.829","0.723828358298","7","9102725.79","-8104790.289","997935.501","-602209.688"
"1_20_1.75_100_10.csv","2004/1/2","2007/12/31","2294375.5","1682860.5","-611515.0","-0.185623952097","30","5126723.375","-5058345.0","68378.375","-1012068.0"
"1_20_1.75_100_12.csv","2004/1/2","2007/12/31","2294375.5","1682860.5","-611515.0","-0.185623952097","30","5126723.375","-5058345.0","68378.375","-1012068.0"
"1_20_1.75_100_14.csv","2004/1/2","2007/12/31","2294375.5","1682860.5","-611515.0","-0.185623952097","30","5126723.375","-5058345.0","68378.375","-1012068.0"
"1_20_1.75_100_16.csv","2004/1/2","2007/12/31","2294375.5","1682860.5","-611515.0","-0.185623952097","30","5126723.375","-5058345.0","68378.375","-1012068.0"
"1_20_1.75_100_18.csv","2004/1/2","2007/12/31","2294375.5","1682860.5","-611515.0","-0.185623952097","30","5126723.375","-5058345.0","68378.375","-1012068.0"
"1_20_1.75_100_20.csv","2004/1/2","2007/12/31","2294375.5","1682860.5","-611515.0","-0.185623952097","30","5126723.375","-5058345.0","68378.375","-1012068.0"
"1_20_1.75_100_4.csv","2004/1/2","2007/12/31","2294375.5","1682860.5","-611515.0","-0.185623952097","30","5126723.375","-5058345.0","68378.375","-1012068.0"
"1_20_1.75_100_6.csv","2004/1/2","2007/12/31","2294375.5","1682860.5","-611515.0","-0.185623952097","30","5126723.375","-5058345.0","68378.375","-1012068.0"
"1_20_1.75_100_8.csv","2004/1/2","2007/12/31","2294375.5","1682860.5","-611515.0","-0.185623952097","30","5126723.375","-5058345.0","68378.375","-1012068.0"
"3_20_1.75_100_10.csv","2004/1/2","2007/12/31","2294375.5","1682860.5","-611515.0","-0.185623952097","30","5126723.375","-5058345.0","68378.375","-1012068.0"
"3_20_1.75_100_12.csv","2004/1/2","2007/12/31","2294375.5","1682860.5","-611515.0","-0.185623952097","30","5126723.375","-5058345.0","68378.375","-1012068.0"
"3_20_1.75_100_14.csv","2004/1/2","2007/12/31","2294375.5","1682860.5","-611515.0","-0.185623952097","30","5126723.375","-5058345.0","68378.375","-1012068.0"
"3_20_1.75_100_16.csv","2004/1/2","2007/12/31","2294375.5","1682860.5","-611515.0","-0.185623952097","30","5126723.375","-5058345.0","68378.375","-1012068.0"
"3_20_1.75_100_18.csv","2004/1/2","2007/12/31","2294375.5","1682860.5","-611515.0","-0.185623952097","30","5126723.375","-5058345.0","68378.375","-1012068.0"
"3_20_1.75_100_20.csv","2004/1/2","2007/12/31","2294375.5","1682860.5","-611515.0","-0.185623952097","30","5126723.375","-5058345.0","68378.375","-1012068.0"
"3_20_1.75_100_4.csv","2004/1/2","2007/12/31","2294375.5","1682860.5","-611515.0","-0.185623952097","30","5126723.375","-5058345.0","68378.375","-1012068.0"
"3_20_1.75_100_6.csv","2004/1/2","2007/12/31","2294375.5","1682860.5","-611515.0","-0.185623952097","30","5126723.375","-5058345.0","68378.375","-1012068.0"
"3_20_1.75_100_8.csv","2004/1/2","2007/12/31","2294375.5","1682860.5","-611515.0","-0.185623952097","30","5126723.375","-5058345.0","68378.375","-1012068.0"
"2_60_1_150_6.csv","2004/1/2","2007/12/31","1338088.5","3786308.25","2448219.75","1.04710311436","11","19976801.879","-17046476.004","2930325.875","-1229285.75"
"1_120_0.75_225_10.csv","2004/1/2","2007/12/31","619631.688","1327291.125","707659.437","0.436926149472","22","12483289.804","-11444709.523","1038580.281","-1084132.988"
"1_120_0.75_225_12.csv","2004/1/2","2007/12/31","619631.688","1327291.125","707659.437","0.436926149472","22","12483289.804","-11444709.523","1038580.281","-1084132.988"
"1_120_0.75_225_14.csv","2004/1/2","2007/12/31","619631.688","1327291.125","707659.437","0.436926149472","22","12483289.804","-11444709.523","1038580.281","-1084132.988"
"1_120_0.75_225_16.csv","2004/1/2","2007/12/31","619631.688","1327291.125","707659.437","0.436926149472","22","12483289.804","-11444709.523","1038580.281","-1084132.988"
"1_120_0.75_225_18.csv","2004/1/2","2007/12/31","619631.688","1327291.125","707659.437","0.436926149472","22","12483289.804","-11444709.523","1038580.281","-1084132.988"
"1_120_0.75_225_20.csv","2004/1/2","2007/12/31","619631.688","1327291.125","707659.437","0.436926149472","22","12483289.804","-11444709.523","1038580.281","-1084132.988"
"1_120_0.75_225_8.csv","2004/1/2","2007/12/31","619631.688","1327291.125","707659.437","0.436926149472","22","12483289.804","-11444709.523","1038580.281","-1084132.988"
"3_120_0.75_225_10.csv","2004/1/2","2007/12/31","619631.688","1327291.125","707659.437","0.436926149472","22","12483289.804","-11444709.523","1038580.281","-1084132.988"
"3_120_0.75_225_12.csv","2004/1/2","2007/12/31","619631.688","1327291.125","707659.437","0.436926149472","22","12483289.804","-11444709.523","1038580.281","-1084132.988"
"3_120_0.75_225_14.csv","2004/1/2","2007/12/31","619631.688","1327291.125","707659.437","0.436926149472","22","12483289.804","-11444709.523","1038580.281","-1084132.988"
"3_120_0.75_225_16.csv","2004/1/2","2007/12/31","619631.688","1327291.125","707659.437","0.436926149472","22","12483289.804","-11444709.523","1038580.281","-1084132.988"
"3_120_0.75_225_18.csv","2004/1/2","2007/12/31","619631.688","1327291.125","707659.437","0.436926149472","22","12483289.804","-11444709.523","1038580.281","-1084132.988"
"3_120_0.75_225_20.csv","2004/1/2","2007/12/31","619631.688","1327291.125","707659.437","0.436926149472","22","12483289.804","-11444709.523","1038580.281","-1084132.988"
"3_120_0.75_225_8.csv","2004/1/2","2007/12/31","619631.688","1327291.125","707659.437","0.436926149472","22","12483289.804","-11444709.523","1038580.281","-1084132.988"
"1_120_0.75_225_6.csv","2004/1/2","2007/12/31","768278.563","1540885.75","772607.187","0.436926173945","22","13628983.778","-12495084.466","1133899.312","-1183632.754"
"3_120_0.75_225_6.csv","2004/1/2","2007/12/31","768278.563","1540885.75","772607.187","0.436926173945","22","13628983.778","-12495084.466","1133899.312","-1183632.754"
"1_120_0.75_225_4.csv","2004/1/2","2007/12/31","799300.938","1585462.75","786161.812","0.436926250299","22","13868087.885","-12714295.51","1153792.375","-1204398.109"
"3_120_0.75_225_4.csv","2004/1/2","2007/12/31","799300.938","1585462.75","786161.812","0.436926250299","22","13868087.885","-12714295.51","1153792.375","-1204398.109"
"1_20_1.75_150_10.csv","2004/1/2","2007/12/31","1821320.125","1445144.125","-376176.0","-0.133333327426","30","4362199.625","-4167509.5","194690.125","-737747.5"
"1_20_1.75_150_12.csv","2004/1/2","2007/12/31","1821320.125","1445144.125","-376176.0","-0.133333327426","30","4362199.625","-4167509.5","194690.125","-737747.5"
"1_20_1.75_150_14.csv","2004/1/2","2007/12/31","1821320.125","1445144.125","-376176.0","-0.133333327426","30","4362199.625","-4167509.5","194690.125","-737747.5"
"1_20_1.75_150_16.csv","2004/1/2","2007/12/31","1821320.125","1445144.125","-376176.0","-0.133333327426","30","4362199.625","-4167509.5","194690.125","-737747.5"
"1_20_1.75_150_18.csv","2004/1/2","2007/12/31","1821320.125","1445144.125","-376176.0","-0.133333327426","30","4362199.625","-4167509.5","194690.125","-737747.5"
"1_20_1.75_150_20.csv","2004/1/2","2007/12/31","1821320.125","1445144.125","-376176.0","-0.133333327426","30","4362199.625","-4167509.5","194690.125","-737747.5"
"1_20_1.75_150_4.csv","2004/1/2","2007/12/31","1821320.125","1445144.125","-376176.0","-0.133333327426","30","4362199.625","-4167509.5","194690.125","-737747.5"
"1_20_1.75_150_6.csv","2004/1/2","2007/12/31","1821320.125","1445144.125","-376176.0","-0.133333327426","30","4362199.625","-4167509.5","194690.125","-737747.5"
"1_20_1.75_150_8.csv","2004/1/2","2007/12/31","1821320.125","1445144.125","-376176.0","-0.133333327426","30","4362199.625","-4167509.5","194690.125","-737747.5"
"3_20_1.75_150_10.csv","2004/1/2","2007/12/31","1821320.125","1445144.125","-376176.0","-0.133333327426","30","4362199.625","-4167509.5","194690.125","-737747.5"
"3_20_1.75_150_12.csv","2004/1/2","2007/12/31","1821320.125","1445144.125","-376176.0","-0.133333327426","30","4362199.625","-4167509.5","194690.125","-737747.5"
"3_20_1.75_150_14.csv","2004/1/2","2007/12/31","1821320.125","1445144.125","-376176.0","-0.133333327426","30","4362199.625","-4167509.5","194690.125","-737747.5"
"3_20_1.75_150_16.csv","2004/1/2","2007/12/31","1821320.125","1445144.125","-376176.0","-0.133333327426","30","4362199.625","-4167509.5","194690.125","-737747.5"
"3_20_1.75_150_18.csv","2004/1/2","2007/12/31","1821320.125","1445144.125","-376176.0","-0.133333327426","30","4362199.625","-4167509.5","194690.125","-737747.5"
"3_20_1.75_150_20.csv","2004/1/2","2007/12/31","1821320.125","1445144.125","-376176.0","-0.133333327426","30","4362199.625","-4167509.5","194690.125","-737747.5"
"3_20_1.75_150_4.csv","2004/1/2","2007/12/31","1821320.125","1445144.125","-376176.0","-0.133333327426","30","4362199.625","-4167509.5","194690.125","-737747.5"
"3_20_1.75_150_6.csv","2004/1/2","2007/12/31","1821320.125","1445144.125","-376176.0","-0.133333327426","30","4362199.625","-4167509.5","194690.125","-737747.5"
"3_20_1.75_150_8.csv","2004/1/2","2007/12/31","1821320.125","1445144.125","-376176.0","-0.133333327426","30","4362199.625","-4167509.5","194690.125","-737747.5"
"2_60_0.75_75_6.csv","2004/1/2","2007/12/31","2267489.75","4956787.5","2689297.75","0.823047034807","14","29695808.624","-26347350.749","3348457.875","-1673784.75"
"2_60_0.75_50_6.csv","2004/1/2","2007/12/31","2202739.75","4838745.0","2636005.25","0.823046970957","14","29107340.812","-25825237.812","3282103.0","-1640616.0"
"2_80_1.75_200_12.csv","2004/1/2","2007/12/31","-258408.016","207385.938","465793.954","0.628100038902","5","5878145.821","-5262940.008","615205.813","-354572.25"
"2_60_0.75_200_8.csv","2004/1/2","2007/12/31","-146947.188","673257.75","820204.938","0.961493739265","8","7388563.28","-6397739.499","990823.781","-429749.0"
"2_60_0.75_200_10.csv","2004/1/2","2007/12/31","-78957.664","806618.625","885576.289","0.961493575687","8","7977441.613","-6907647.988","1069793.625","-464000.75"
"2_60_0.75_200_12.csv","2004/1/2","2007/12/31","-78957.664","806618.625","885576.289","0.961493575687","8","7977441.613","-6907647.988","1069793.625","-464000.75"
"2_60_0.75_200_14.csv","2004/1/2","2007/12/31","-78957.664","806618.625","885576.289","0.961493575687","8","7977441.613","-6907647.988","1069793.625","-464000.75"
"2_60_0.75_200_16.csv","2004/1/2","2007/12/31","-78957.664","806618.625","885576.289","0.961493575687","8","7977441.613","-6907647.988","1069793.625","-464000.75"
"2_60_0.75_200_18.csv","2004/1/2","2007/12/31","-78957.664","806618.625","885576.289","0.961493575687","8","7977441.613","-6907647.988","1069793.625","-464000.75"
"2_60_0.75_200_20.csv","2004/1/2","2007/12/31","-78957.664","806618.625","885576.289","0.961493575687","8","7977441.613","-6907647.988","1069793.625","-464000.75"
"2_80_1.75_150_12.csv","2004/1/2","2007/12/31","-373369.969","-19792.031","353577.938","0.564253100726","6","4897069.658","-4418394.658","478675.0","-302666.75"
"2_80_1.75_125_12.csv","2004/1/2","2007/12/31","-178647.125","284803.625","463450.75","0.564252910176","6","6418814.578","-5791393.359","627421.219","-396719.25"
"2_80_1.75_175_12.csv","2004/1/2","2007/12/31","-199988.406","302498.813","502487.219","0.628099921012","5","6361809.332","-5699612.113","662197.219","-382504.0"
"2_80_1.75_50_12.csv","2004/1/2","2007/12/31","221221.859","910299.938","689078.079","0.564252984764","6","9543763.272","-8610887.061","932876.211","-589858.89"
"2_80_1.75_75_12.csv","2004/1/2","2007/12/31","221221.859","910299.938","689078.079","0.564252984764","6","9543763.272","-8610887.061","932876.211","-589858.89"
"2_80_1.75_100_12.csv","2004/1/2","2007/12/31","-12629.148","544497.813","557126.961","0.564252995591","6","7716234.307","-6961993.994","754240.313","-476907.187"
"2_80_1.25_200_8.csv","2004/1/2","2007/12/31","-96794.773","476411.438","573206.211","0.634635621966","6","7082360.259","-6329559.633","752800.626","-556237.609"
"2_80_1.25_200_10.csv","2004/1/2","2007/12/31","7411.066","473801.063","466389.997","0.462958977463","6","8104952.567","-7438247.754","666704.813","-612945.344"
"2_80_1.25_225_8.csv","2004/1/2","2007/12/31","82458.906","769425.875","686966.969","0.634635610823","6","8487953.388","-7585749.013","902204.375","-666630.719"
"2_80_1.25_225_10.csv","2004/1/2","2007/12/31","207345.984","766297.625","558951.641","0.462958959907","6","9713494.305","-8914472.571","799021.734","-734592.969"
"2_80_1.25_200_12.csv","2004/1/2","2007/12/31","-48697.875","391715.938","440413.813","0.462958929057","6","7653537.679","-7023965.835","629571.844","-578806.657"
"2_80_1.25_225_12.csv","2004/1/2","2007/12/31","140101.422","667921.563","527820.141","0.462958935771","6","9172489.46","-8417970.249","754519.211","-693678.922"
"2_80_0.75_200_6.csv","2004/1/2","2007/12/31","100896.414","876295.5","775399.086","0.704334282626","7","9156038.657","-8161821.946","994216.711","-627743.751"
"2_80_0.75_175_6.csv","2004/1/2","2007/12/31","35658.035","819207.625","783549.59","0.756571728814","8","9022228.124","-8032827.936","989400.188","-569490.063"
"2_80_0.75_225_6.csv","2004/1/2","2007/12/31","102377.219","878819.375","776442.156","0.704334362701","7","9168354.878","-8172800.815","995554.063","-628588.156"
"2_100_0.75_175_6.csv","2004/1/2","2007/12/31","839.953","360632.625","359792.672","0.359490716694","8","8375156.069","-7817318.725","557837.344","-648955.031"
"1_20_1.75_175_10.csv","2004/1/2","2007/12/31","1324668.75","1306005.0","-18663.75","-0.00802856320927","29","3877267.311","-3441416.061","435851.25","-435542.937"
"1_20_1.75_175_12.csv","2004/1/2","2007/12/31","1324668.75","1306005.0","-18663.75","-0.00802856320927","29","3877267.311","-3441416.061","435851.25","-435542.937"
"1_20_1.75_175_14.csv","2004/1/2","2007/12/31","1324668.75","1306005.0","-18663.75","-0.00802856320927","29","3877267.311","-3441416.061","435851.25","-435542.937"
"1_20_1.75_175_16.csv","2004/1/2","2007/12/31","1324668.75","1306005.0","-18663.75","-0.00802856320927","29","3877267.311","-3441416.061","435851.25","-435542.937"
"1_20_1.75_175_18.csv","2004/1/2","2007/12/31","1324668.75","1306005.0","-18663.75","-0.00802856320927","29","3877267.311","-3441416.061","435851.25","-435542.937"
"1_20_1.75_175_20.csv","2004/1/2","2007/12/31","1324668.75","1306005.0","-18663.75","-0.00802856320927","29","3877267.311","-3441416.061","435851.25","-435542.937"
"1_20_1.75_175_4.csv","2004/1/2","2007/12/31","1324668.75","1306005.0","-18663.75","-0.00802856320927","29","3877267.311","-3441416.061","435851.25","-435542.937"
"1_20_1.75_175_6.csv","2004/1/2","2007/12/31","1324668.75","1306005.0","-18663.75","-0.00802856320927","29","3877267.311","-3441416.061","435851.25","-435542.937"
"1_20_1.75_175_8.csv","2004/1/2","2007/12/31","1324668.75","1306005.0","-18663.75","-0.00802856320927","29","3877267.311","-3441416.061","435851.25","-435542.937"
"3_20_1.75_175_10.csv","2004/1/2","2007/12/31","1324668.75","1306005.0","-18663.75","-0.00802856320927","29","3877267.311","-3441416.061","435851.25","-435542.937"
"3_20_1.75_175_12.csv","2004/1/2","2007/12/31","1324668.75","1306005.0","-18663.75","-0.00802856320927","29","3877267.311","-3441416.061","435851.25","-435542.937"
"3_20_1.75_175_14.csv","2004/1/2","2007/12/31","1324668.75","1306005.0","-18663.75","-0.00802856320927","29","3877267.311","-3441416.061","435851.25","-435542.937"
"3_20_1.75_175_16.csv","2004/1/2","2007/12/31","1324668.75","1306005.0","-18663.75","-0.00802856320927","29","3877267.311","-3441416.061","435851.25","-435542.937"
"3_20_1.75_175_18.csv","2004/1/2","2007/12/31","1324668.75","1306005.0","-18663.75","-0.00802856320927","29","3877267.311","-3441416.061","435851.25","-435542.937"
"3_20_1.75_175_20.csv","2004/1/2","2007/12/31","1324668.75","1306005.0","-18663.75","-0.00802856320927","29","3877267.311","-3441416.061","435851.25","-435542.937"
"3_20_1.75_175_4.csv","2004/1/2","2007/12/31","1324668.75","1306005.0","-18663.75","-0.00802856320927","29","3877267.311","-3441416.061","435851.25","-435542.937"
"3_20_1.75_175_6.csv","2004/1/2","2007/12/31","1324668.75","1306005.0","-18663.75","-0.00802856320927","29","3877267.311","-3441416.061","435851.25","-435542.937"
"3_20_1.75_175_8.csv","2004/1/2","2007/12/31","1324668.75","1306005.0","-18663.75","-0.00802856320927","29","3877267.311","-3441416.061","435851.25","-435542.937"
"2_80_1.75_200_6.csv","2004/1/2","2007/12/31","169380.828","1401335.125","1231954.297","1.05350991525","6","8009225.235","-6548788.008","1460437.227","-407034.0"
"2_80_1_100_4.csv","2004/1/2","2007/12/31","-416863.063","-278728.188","138134.875","0.236882396287","17","4216208.973","-3964249.848","251959.125","-413951.75"
"2_80_1_50_4.csv","2004/1/2","2007/12/31","-416863.063","-278728.188","138134.875","0.236882396287","17","4216208.973","-3964249.848","251959.125","-413951.75"
"2_80_1_75_4.csv","2004/1/2","2007/12/31","-416863.063","-278728.188","138134.875","0.236882396287","17","4216208.973","-3964249.848","251959.125","-413951.75"
"2_80_1_125_4.csv","2004/1/2","2007/12/31","-435787.719","-292381.75","143405.969","0.254170236681","16","4100856.655","-3847320.53","253536.125","-396719.937"
"2_80_1.75_50_6.csv","2004/1/2","2007/12/31","1092536.75","3128533.25","2035996.5","0.972980044436","7","14070827.299","-11629853.674","2440973.625","-699799.5"
"2_80_1.75_75_6.csv","2004/1/2","2007/12/31","1092536.75","3128533.25","2035996.5","0.972980044436","7","14070827.299","-11629853.674","2440973.625","-699799.5"
"2_80_1.75_150_6.csv","2004/1/2","2007/12/31","171327.359","1311005.375","1139678.016","0.972979933614","7","7876347.166","-6509977.416","1366369.75","-391722.937"
"2_80_1.75_175_6.csv","2004/1/2","2007/12/31","261499.891","1590502.375","1329002.484","1.05350978901","6","8672901.552","-7099755.927","1573145.625","-439098.5"
"2_80_1.75_125_6.csv","2004/1/2","2007/12/31","407369.813","1776712.375","1369342.562","0.972979915692","7","9463565.455","-7821849.002","1641716.453","-470661.75"
"2_80_1.75_100_6.csv","2004/1/2","2007/12/31","691838.188","2337962.75","1646124.562","0.972979906516","7","11376413.006","-9402860.256","1973552.75","-565795.5"
"2_80_1.25_175_14.csv","2004/1/2","2007/12/31","130493.391","391101.813","260608.422","0.230526267623","7","8803332.705","-8324010.642","479322.063","-805559.781"
"2_80_1.25_175_16.csv","2004/1/2","2007/12/31","130493.391","391101.813","260608.422","0.230526267623","7","8803332.705","-8324010.642","479322.063","-805559.781"
"2_80_1.25_175_18.csv","2004/1/2","2007/12/31","130493.391","391101.813","260608.422","0.230526267623","7","8803332.705","-8324010.642","479322.063","-805559.781"
"2_80_1.25_175_20.csv","2004/1/2","2007/12/31","130493.391","391101.813","260608.422","0.230526267623","7","8803332.705","-8324010.642","479322.063","-805559.781"
"2_80_1.25_150_14.csv","2004/1/2","2007/12/31","331594.094","574304.125","242710.031","0.182270281983","8","10219473.403","-9719143.403","500330.0","-977648.126"
"2_80_1.25_150_16.csv","2004/1/2","2007/12/31","331594.094","574304.125","242710.031","0.182270281983","8","10219473.403","-9719143.403","500330.0","-977648.126"
"2_80_1.25_150_18.csv","2004/1/2","2007/12/31","331594.094","574304.125","242710.031","0.182270281983","8","10219473.403","-9719143.403","500330.0","-977648.126"
"2_80_1.25_150_20.csv","2004/1/2","2007/12/31","331594.094","574304.125","242710.031","0.182270281983","8","10219473.403","-9719143.403","500330.0","-977648.126"
"1_20_1.75_200_10.csv","2004/1/2","2007/12/31","1146177.75","1103782.125","-42395.625","-0.0197540138509","29","3520380.056","-3158438.181","361941.875","-402101.25"
"1_20_1.75_200_12.csv","2004/1/2","2007/12/31","1146177.75","1103782.125","-42395.625","-0.0197540138509","29","3520380.056","-3158438.181","361941.875","-402101.25"
"1_20_1.75_200_14.csv","2004/1/2","2007/12/31","1146177.75","1103782.125","-42395.625","-0.0197540138509","29","3520380.056","-3158438.181","361941.875","-402101.25"
"1_20_1.75_200_16.csv","2004/1/2","2007/12/31","1146177.75","1103782.125","-42395.625","-0.0197540138509","29","3520380.056","-3158438.181","361941.875","-402101.25"
"1_20_1.75_200_18.csv","2004/1/2","2007/12/31","1146177.75","1103782.125","-42395.625","-0.0197540138509","29","3520380.056","-3158438.181","361941.875","-402101.25"
"1_20_1.75_200_20.csv","2004/1/2","2007/12/31","1146177.75","1103782.125","-42395.625","-0.0197540138509","29","3520380.056","-3158438.181","361941.875","-402101.25"
"1_20_1.75_200_4.csv","2004/1/2","2007/12/31","1146177.75","1103782.125","-42395.625","-0.0197540138509","29","3520380.056","-3158438.181","361941.875","-402101.25"
"1_20_1.75_200_6.csv","2004/1/2","2007/12/31","1146177.75","1103782.125","-42395.625","-0.0197540138509","29","3520380.056","-3158438.181","361941.875","-402101.25"
"1_20_1.75_200_8.csv","2004/1/2","2007/12/31","1146177.75","1103782.125","-42395.625","-0.0197540138509","29","3520380.056","-3158438.181","361941.875","-402101.25"
"3_20_1.75_200_10.csv","2004/1/2","2007/12/31","1146177.75","1103782.125","-42395.625","-0.0197540138509","29","3520380.056","-3158438.181","361941.875","-402101.25"
"3_20_1.75_200_12.csv","2004/1/2","2007/12/31","1146177.75","1103782.125","-42395.625","-0.0197540138509","29","3520380.056","-3158438.181","361941.875","-402101.25"
"3_20_1.75_200_14.csv","2004/1/2","2007/12/31","1146177.75","1103782.125","-42395.625","-0.0197540138509","29","3520380.056","-3158438.181","361941.875","-402101.25"
"3_20_1.75_200_16.csv","2004/1/2","2007/12/31","1146177.75","1103782.125","-42395.625","-0.0197540138509","29","3520380.056","-3158438.181","361941.875","-402101.25"
"3_20_1.75_200_18.csv","2004/1/2","2007/12/31","1146177.75","1103782.125","-42395.625","-0.0197540138509","29","3520380.056","-3158438.181","361941.875","-402101.25"
"3_20_1.75_200_20.csv","2004/1/2","2007/12/31","1146177.75","1103782.125","-42395.625","-0.0197540138509","29","3520380.056","-3158438.181","361941.875","-402101.25"
"3_20_1.75_200_4.csv","2004/1/2","2007/12/31","1146177.75","1103782.125","-42395.625","-0.0197540138509","29","3520380.056","-3158438.181","361941.875","-402101.25"
"3_20_1.75_200_6.csv","2004/1/2","2007/12/31","1146177.75","1103782.125","-42395.625","-0.0197540138509","29","3520380.056","-3158438.181","361941.875","-402101.25"
"3_20_1.75_200_8.csv","2004/1/2","2007/12/31","1146177.75","1103782.125","-42395.625","-0.0197540138509","29","3520380.056","-3158438.181","361941.875","-402101.25"
"1_100_0.75_175_10.csv","2004/1/2","2007/12/31","197775.5","727565.0","529789.5","0.442311184358","20","9588306.889","-8837996.022","750310.867","-956833.094"
"1_100_0.75_175_12.csv","2004/1/2","2007/12/31","197775.5","727565.0","529789.5","0.442311184358","20","9588306.889","-8837996.022","750310.867","-956833.094"
"1_100_0.75_175_14.csv","2004/1/2","2007/12/31","197775.5","727565.0","529789.5","0.442311184358","20","9588306.889","-8837996.022","750310.867","-956833.094"
"1_100_0.75_175_16.csv","2004/1/2","2007/12/31","197775.5","727565.0","529789.5","0.442311184358","20","9588306.889","-8837996.022","750310.867","-956833.094"
"1_100_0.75_175_18.csv","2004/1/2","2007/12/31","197775.5","727565.0","529789.5","0.442311184358","20","9588306.889","-8837996.022","750310.867","-956833.094"
"1_100_0.75_175_20.csv","2004/1/2","2007/12/31","197775.5","727565.0","529789.5","0.442311184358","20","9588306.889","-8837996.022","750310.867","-956833.094"
"1_100_0.75_175_6.csv","2004/1/2","2007/12/31","197775.5","727565.0","529789.5","0.442311184358","20","9588306.889","-8837996.022","750310.867","-956833.094"
"1_100_0.75_175_8.csv","2004/1/2","2007/12/31","197775.5","727565.0","529789.5","0.442311184358","20","9588306.889","-8837996.022","750310.867","-956833.094"
"3_100_0.75_175_10.csv","2004/1/2","2007/12/31","197775.5","727565.0","529789.5","0.442311184358","20","9588306.889","-8837996.022","750310.867","-956833.094"
"3_100_0.75_175_12.csv","2004/1/2","2007/12/31","197775.5","727565.0","529789.5","0.442311184358","20","9588306.889","-8837996.022","750310.867","-956833.094"
"3_100_0.75_175_14.csv","2004/1/2","2007/12/31","197775.5","727565.0","529789.5","0.442311184358","20","9588306.889","-8837996.022","750310.867","-956833.094"
"3_100_0.75_175_16.csv","2004/1/2","2007/12/31","197775.5","727565.0","529789.5","0.442311184358","20","9588306.889","-8837996.022","750310.867","-956833.094"
"3_100_0.75_175_18.csv","2004/1/2","2007/12/31","197775.5","727565.0","529789.5","0.442311184358","20","9588306.889","-8837996.022","750310.867","-956833.094"
"3_100_0.75_175_20.csv","2004/1/2","2007/12/31","197775.5","727565.0","529789.5","0.442311184358","20","9588306.889","-8837996.022","750310.867","-956833.094"
"3_100_0.75_175_6.csv","2004/1/2","2007/12/31","197775.5","727565.0","529789.5","0.442311184358","20","9588306.889","-8837996.022","750310.867","-956833.094"
"3_100_0.75_175_8.csv","2004/1/2","2007/12/31","197775.5","727565.0","529789.5","0.442311184358","20","9588306.889","-8837996.022","750310.867","-956833.094"
"1_100_0.75_175_4.csv","2004/1/2","2007/12/31","192856.484","720470.313","527613.829","0.442311238675","20","9548930.304","-8801700.757","747229.547","-952903.625"
"3_100_0.75_175_4.csv","2004/1/2","2007/12/31","192856.484","720470.313","527613.829","0.442311238675","20","9548930.304","-8801700.757","747229.547","-952903.625"
"2_60_1_175_6.csv","2004/1/2","2007/12/31","367657.5","2043589.0","1675931.5","1.22540292434","9","11616590.657","-9692473.47","1924117.187","-781696.5"
"2_80_1.5_150_10.csv","2004/1/2","2007/12/31","-243917.484","16246.563","260164.047","0.344094779994","7","5803976.051","-5407003.644","396972.407","-381944.531"
"2_80_1.5_125_10.csv","2004/1/2","2007/12/31","-151616.594","140307.719","291924.313","0.344094793622","7","6512513.292","-6067079.385","445433.907","-428571.5"
"2_80_1.5_50_10.csv","2004/1/2","2007/12/31","427347.781","918490.688","491142.907","0.344094770411","7","10956863.239","-10207450.817","749412.422","-721042.657"
"2_80_1.5_75_10.csv","2004/1/2","2007/12/31","427347.781","918490.688","491142.907","0.344094770411","7","10956863.239","-10207450.817","749412.422","-721042.657"
"2_80_1.5_100_10.csv","2004/1/2","2007/12/31","200269.688","613276.25","413006.562","0.344094803134","7","9213726.28","-8583538.585","630187.695","-606331.312"
"2_20_2_50_4.csv","2004/1/2","2007/12/31","1645925.5","4468147.0","2822221.5","1.06662923805","19","12448220.625","-9147417.25","3300803.375","-840451.75"
"2_20_2_150_4.csv","2004/1/2","2007/12/31","1146211.25","3451013.75","2304802.5","1.07389358806","16","9229762.936","-6538740.061","2691022.875","-675748.062"
"2_20_2_175_4.csv","2004/1/2","2007/12/31","826504.625","2728458.75","1901954.125","1.0413081352","13","7547179.284","-5316537.44","2230641.844","-576888.5"
"2_80_1.75_200_16.csv","2004/1/2","2007/12/31","-337027.625","79385.375","416413.0","0.628100077322","5","5317168.083","-4781847.864","535320.219","-322791.125"
"2_80_1.75_200_18.csv","2004/1/2","2007/12/31","-181034.125","333358.406","514392.531","0.628100079262","5","6568266.78","-5906988.874","661277.906","-398742.063"
"2_80_1.75_200_20.csv","2004/1/2","2007/12/31","-181034.125","333358.406","514392.531","0.628100079262","5","6568266.78","-5906988.874","661277.906","-398742.063"
"2_80_1.75_200_14.csv","2004/1/2","2007/12/31","-317438.969","111277.688","428716.657","0.628100107579","5","5474273.045","-4923135.888","551137.157","-332328.563"
"2_80_1.25_175_6.csv","2004/1/2","2007/12/31","181351.375","1028836.688","847485.313","0.717386317851","8","9021006.43","-7961799.414","1059207.016","-725047.391"
"2_80_1.25_150_6.csv","2004/1/2","2007/12/31","391498.875","1296025.5","904526.625","0.650037625794","9","10465614.585","-9311703.71","1153910.875","-889501.633"
"2_80_1_125_10.csv","2004/1/2","2007/12/31","-246390.797","-84456.281","161934.516","0.214878633853","10","6202328.714","-5905386.776","296941.938","-591331.156"
"2_80_1_125_12.csv","2004/1/2","2007/12/31","-246390.797","-84456.281","161934.516","0.214878633853","10","6202328.714","-5905386.776","296941.938","-591331.156"
"2_80_1_125_14.csv","2004/1/2","2007/12/31","-246390.797","-84456.281","161934.516","0.214878633853","10","6202328.714","-5905386.776","296941.938","-591331.156"
"2_80_1_125_16.csv","2004/1/2","2007/12/31","-246390.797","-84456.281","161934.516","0.214878633853","10","6202328.714","-5905386.776","296941.938","-591331.156"
"2_80_1_125_18.csv","2004/1/2","2007/12/31","-246390.797","-84456.281","161934.516","0.214878633853","10","6202328.714","-5905386.776","296941.938","-591331.156"
"2_80_1_125_20.csv","2004/1/2","2007/12/31","-246390.797","-84456.281","161934.516","0.214878633853","10","6202328.714","-5905386.776","296941.938","-591331.156"
"2_80_1_125_8.csv","2004/1/2","2007/12/31","-293131.531","-194309.969","98821.562","0.13980190988","11","5656141.462","-5430685.993","225455.469","-576946.062"
"2_80_1_100_8.csv","2004/1/2","2007/12/31","-275385.875","-185468.281","89917.594","0.124090313586","12","5771537.064","-5551806.47","219730.594","-596212.125"
"2_80_1_50_8.csv","2004/1/2","2007/12/31","-275385.875","-185468.281","89917.594","0.124090313586","12","5771537.064","-5551806.47","219730.594","-596212.125"
"2_80_1_75_8.csv","2004/1/2","2007/12/31","-275385.875","-185468.281","89917.594","0.124090313586","12","5771537.064","-5551806.47","219730.594","-596212.125"
"2_80_1_100_10.csv","2004/1/2","2007/12/31","-227471.813","-74409.125","153062.688","0.19813217249","11","6327243.852","-6035784.477","291459.375","-611610.344"
"2_80_1_100_12.csv","2004/1/2","2007/12/31","-227471.813","-74409.125","153062.688","0.19813217249","11","6327243.852","-6035784.477","291459.375","-611610.344"
"2_80_1_100_14.csv","2004/1/2","2007/12/31","-227471.813","-74409.125","153062.688","0.19813217249","11","6327243.852","-6035784.477","291459.375","-611610.344"
"2_80_1_100_16.csv","2004/1/2","2007/12/31","-227471.813","-74409.125","153062.688","0.19813217249","11","6327243.852","-6035784.477","291459.375","-611610.344"
"2_80_1_100_18.csv","2004/1/2","2007/12/31","-227471.813","-74409.125","153062.688","0.19813217249","11","6327243.852","-6035784.477","291459.375","-611610.344"
"2_80_1_100_20.csv","2004/1/2","2007/12/31","-227471.813","-74409.125","153062.688","0.19813217249","11","6327243.852","-6035784.477","291459.375","-611610.344"
"2_80_1_50_10.csv","2004/1/2","2007/12/31","-227471.813","-74409.125","153062.688","0.19813217249","11","6327243.852","-6035784.477","291459.375","-611610.344"
"2_80_1_50_12.csv","2004/1/2","2007/12/31","-227471.813","-74409.125","153062.688","0.19813217249","11","6327243.852","-6035784.477","291459.375","-611610.344"
"2_80_1_50_14.csv","2004/1/2","2007/12/31","-227471.813","-74409.125","153062.688","0.19813217249","11","6327243.852","-6035784.477","291459.375","-611610.344"
"2_80_1_50_16.csv","2004/1/2","2007/12/31","-227471.813","-74409.125","153062.688","0.19813217249","11","6327243.852","-6035784.477","291459.375","-611610.344"
"2_80_1_50_18.csv","2004/1/2","2007/12/31","-227471.813","-74409.125","153062.688","0.19813217249","11","6327243.852","-6035784.477","291459.375","-611610.344"
"2_80_1_50_20.csv","2004/1/2","2007/12/31","-227471.813","-74409.125","153062.688","0.19813217249","11","6327243.852","-6035784.477","291459.375","-611610.344"
"2_80_1_75_10.csv","2004/1/2","2007/12/31","-227471.813","-74409.125","153062.688","0.19813217249","11","6327243.852","-6035784.477","291459.375","-611610.344"
"2_80_1_75_12.csv","2004/1/2","2007/12/31","-227471.813","-74409.125","153062.688","0.19813217249","11","6327243.852","-6035784.477","291459.375","-611610.344"
"2_80_1_75_14.csv","2004/1/2","2007/12/31","-227471.813","-74409.125","153062.688","0.19813217249","11","6327243.852","-6035784.477","291459.375","-611610.344"
"2_80_1_75_16.csv","2004/1/2","2007/12/31","-227471.813","-74409.125","153062.688","0.19813217249","11","6327243.852","-6035784.477","291459.375","-611610.344"
"2_80_1_75_18.csv","2004/1/2","2007/12/31","-227471.813","-74409.125","153062.688","0.19813217249","11","6327243.852","-6035784.477","291459.375","-611610.344"
"2_80_1_75_20.csv","2004/1/2","2007/12/31","-227471.813","-74409.125","153062.688","0.19813217249","11","6327243.852","-6035784.477","291459.375","-611610.344"
"2_80_1.75_150_14.csv","2004/1/2","2007/12/31","-423249.781","-97816.75","325433.031","0.564252982104","6","4561777.772","-4133992.397","427785.375","-297866.063"
"2_80_1.75_125_16.csv","2004/1/2","2007/12/31","-265722.5","148595.781","414318.281","0.564252998356","6","5807731.408","-5263105.408","544626.0","-379221.968"
"2_80_1.75_175_16.csv","2004/1/2","2007/12/31","-284801.281","164415.094","449216.375","0.628100083328","5","5754967.076","-5178828.794","576138.282","-348219.344"
"2_80_1.75_100_18.csv","2004/1/2","2007/12/31","90388.125","705642.938","615254.813","0.564253038798","6","8624372.036","-7815612.77","808759.266","-563137.515"
"2_80_1.75_100_20.csv","2004/1/2","2007/12/31","90388.125","705642.938","615254.813","0.564253038798","6","8624372.036","-7815612.77","808759.266","-563137.515"
"2_80_1.75_125_18.csv","2004/1/2","2007/12/31","-92951.406","418853.563","511804.969","0.564253086754","6","7174256.437","-6501483.155","672773.282","-468450.657"
"2_80_1.75_125_20.csv","2004/1/2","2007/12/31","-92951.406","418853.563","511804.969","0.564253086754","6","7174256.437","-6501483.155","672773.282","-468450.657"
"2_80_1.75_100_14.csv","2004/1/2","2007/12/31","-91223.984","421555.563","512779.547","0.564252948991","6","7187918.732","-6513864.325","674054.407","-469342.782"
"2_80_1.75_50_16.csv","2004/1/2","2007/12/31","91754.602","707780.375","616025.773","0.56425296662","6","8635179.249","-7825406.538","809772.711","-563843.172"
"2_80_1.75_75_16.csv","2004/1/2","2007/12/31","91754.602","707780.375","616025.773","0.56425296662","6","8635179.249","-7825406.538","809772.711","-563843.172"
"2_80_1.75_150_18.csv","2004/1/2","2007/12/31","-307990.594","82477.844","390468.438","0.564253078953","6","5473415.011","-4960139.948","513275.063","-357392.407"
"2_80_1.75_150_20.csv","2004/1/2","2007/12/31","-307990.594","82477.844","390468.438","0.564253078953","6","5473415.011","-4960139.948","513275.063","-357392.407"
"2_80_1.75_175_18.csv","2004/1/2","2007/12/31","-116519.313","438395.063","554914.376","0.628100177135","5","7109076.442","-6397376.223","711700.219","-430153.344"
"2_80_1.75_175_20.csv","2004/1/2","2007/12/31","-116519.313","438395.063","554914.376","0.628100177135","5","7109076.442","-6397376.223","711700.219","-430153.344"
"2_80_1.75_175_14.csv","2004/1/2","2007/12/31","-263669.531","198819.688","462489.219","0.628100069834","5","5925006.48","-5331845.261","593161.219","-358508.063"
"2_80_1.75_50_14.csv","2004/1/2","2007/12/31","124012.438","758239.813","634227.375","0.564252986496","6","8890320.586","-8056621.703","833698.883","-580502.938"
"2_80_1.75_75_14.csv","2004/1/2","2007/12/31","124012.438","758239.813","634227.375","0.564252986496","6","8890320.586","-8056621.703","833698.883","-580502.938"
"2_80_1.75_50_18.csv","2004/1/2","2007/12/31","348638.0","1109611.0","760973.0","0.564252972258","6","10666986.092","-9666678.686","1000307.406","-696512.27"
"2_80_1.75_50_20.csv","2004/1/2","2007/12/31","348638.0","1109611.0","760973.0","0.564252972258","6","10666986.092","-9666678.686","1000307.406","-696512.27"
"2_80_1.75_75_18.csv","2004/1/2","2007/12/31","348638.0","1109611.0","760973.0","0.564252972258","6","10666986.092","-9666678.686","1000307.406","-696512.27"
"2_80_1.75_75_20.csv","2004/1/2","2007/12/31","348638.0","1109611.0","760973.0","0.564252972258","6","10666986.092","-9666678.686","1000307.406","-696512.27"
"2_80_1.75_150_16.csv","2004/1/2","2007/12/31","-439801.875","-123708.344","316093.531","0.564253104203","6","4430860.218","-4015351.812","415508.406","-289317.719"
"2_80_1.75_125_14.csv","2004/1/2","2007/12/31","-244027.063","182532.938","426560.001","0.56425300447","6","5979330.322","-5418612.509","560717.813","-390426.719"
"2_80_1.75_100_16.csv","2004/1/2","2007/12/31","-117304.844","380758.594","498063.438","0.564253054539","6","6981633.736","-6326923.892","654709.844","-455873.188"
"2_80_2_225_10.csv","2004/1/2","2007/12/31","121408.828","883163.875","761755.047","0.679283975639","5","7838698.982","-6878895.732","959803.25","-582678.797"
"2_60_0.75_150_10.csv","2004/1/2","2007/12/31","838448.5","2317183.25","1478734.75","0.804338413613","10","16028248.287","-14226796.662","1801451.625","-1007118.031"
"2_60_0.75_150_12.csv","2004/1/2","2007/12/31","838448.5","2317183.25","1478734.75","0.804338413613","10","16028248.287","-14226796.662","1801451.625","-1007118.031"
"2_60_0.75_150_8.csv","2004/1/2","2007/12/31","702738.0","2072315.625","1369577.625","0.804338439032","10","14845074.88","-13176602.755","1668472.125","-932774.594"
"2_60_0.75_150_14.csv","2004/1/2","2007/12/31","660800.625","1996646.5","1335845.875","0.804338494875","10","14479451.492","-12852072.711","1627378.781","-909801.032"
"2_60_0.75_150_16.csv","2004/1/2","2007/12/31","660800.625","1996646.5","1335845.875","0.804338494875","10","14479451.492","-12852072.711","1627378.781","-909801.032"
"2_60_0.75_150_18.csv","2004/1/2","2007/12/31","660800.625","1996646.5","1335845.875","0.804338494875","10","14479451.492","-12852072.711","1627378.781","-909801.032"
"2_60_0.75_150_20.csv","2004/1/2","2007/12/31","660800.625","1996646.5","1335845.875","0.804338494875","10","14479451.492","-12852072.711","1627378.781","-909801.032"
"2_60_1.5_50_4.csv","2004/1/2","2007/12/31","2605718.0","6342443.0","3736725.0","1.03633312422","10","29314701.125","-24949545.375","4365155.75","-1885787.5"
"2_60_1.5_125_4.csv","2004/1/2","2007/12/31","761116.125","2586218.5","1825102.375","1.036332783","10","14317972.131","-12185929.694","2132042.437","-921062.0"
"2_60_1.5_100_4.csv","2004/1/2","2007/12/31","1215447.875","3511389.5","2295941.625","1.0363329469","10","18011719.5","-15329653.625","2682065.875","-1158677.0"
"2_60_1.5_75_4.csv","2004/1/2","2007/12/31","2631658.25","6395265.5","3763607.25","1.03633298921","10","29525597.375","-25129038.75","4396558.625","-1899354.5"
"1_20_1.75_75_10.csv","2004/1/2","2007/12/31","2039515.0","1568553.875","-470961.125","-0.154946142723","32","4854240.0","-4798661.625","55578.375","-923136.125"
"1_20_1.75_75_12.csv","2004/1/2","2007/12/31","2039515.0","1568553.875","-470961.125","-0.154946142723","32","4854240.0","-4798661.625","55578.375","-923136.125"
"1_20_1.75_75_14.csv","2004/1/2","2007/12/31","2039515.0","1568553.875","-470961.125","-0.154946142723","32","4854240.0","-4798661.625","55578.375","-923136.125"
"1_20_1.75_75_16.csv","2004/1/2","2007/12/31","2039515.0","1568553.875","-470961.125","-0.154946142723","32","4854240.0","-4798661.625","55578.375","-923136.125"
"1_20_1.75_75_18.csv","2004/1/2","2007/12/31","2039515.0","1568553.875","-470961.125","-0.154946142723","32","4854240.0","-4798661.625","55578.375","-923136.125"
"1_20_1.75_75_20.csv","2004/1/2","2007/12/31","2039515.0","1568553.875","-470961.125","-0.154946142723","32","4854240.0","-4798661.625","55578.375","-923136.125"
"1_20_1.75_75_4.csv","2004/1/2","2007/12/31","2039515.0","1568553.875","-470961.125","-0.154946142723","32","4854240.0","-4798661.625","55578.375","-923136.125"
"1_20_1.75_75_6.csv","2004/1/2","2007/12/31","2039515.0","1568553.875","-470961.125","-0.154946142723","32","4854240.0","-4798661.625","55578.375","-923136.125"
"1_20_1.75_75_8.csv","2004/1/2","2007/12/31","2039515.0","1568553.875","-470961.125","-0.154946142723","32","4854240.0","-4798661.625","55578.375","-923136.125"
"3_20_1.75_75_10.csv","2004/1/2","2007/12/31","2039515.0","1568553.875","-470961.125","-0.154946142723","32","4854240.0","-4798661.625","55578.375","-923136.125"
"3_20_1.75_75_12.csv","2004/1/2","2007/12/31","2039515.0","1568553.875","-470961.125","-0.154946142723","32","4854240.0","-4798661.625","55578.375","-923136.125"
"3_20_1.75_75_14.csv","2004/1/2","2007/12/31","2039515.0","1568553.875","-470961.125","-0.154946142723","32","4854240.0","-4798661.625","55578.375","-923136.125"
"3_20_1.75_75_16.csv","2004/1/2","2007/12/31","2039515.0","1568553.875","-470961.125","-0.154946142723","32","4854240.0","-4798661.625","55578.375","-923136.125"
"3_20_1.75_75_18.csv","2004/1/2","2007/12/31","2039515.0","1568553.875","-470961.125","-0.154946142723","32","4854240.0","-4798661.625","55578.375","-923136.125"
"3_20_1.75_75_20.csv","2004/1/2","2007/12/31","2039515.0","1568553.875","-470961.125","-0.154946142723","32","4854240.0","-4798661.625","55578.375","-923136.125"
"3_20_1.75_75_4.csv","2004/1/2","2007/12/31","2039515.0","1568553.875","-470961.125","-0.154946142723","32","4854240.0","-4798661.625","55578.375","-923136.125"
"3_20_1.75_75_6.csv","2004/1/2","2007/12/31","2039515.0","1568553.875","-470961.125","-0.154946142723","32","4854240.0","-4798661.625","55578.375","-923136.125"
"3_20_1.75_75_8.csv","2004/1/2","2007/12/31","2039515.0","1568553.875","-470961.125","-0.154946142723","32","4854240.0","-4798661.625","55578.375","-923136.125"
"2_80_1.5_175_6.csv","2004/1/2","2007/12/31","-80804.852","520968.375","601773.227","0.654674068188","7","6244216.196","-5484686.368","759529.828","-446662.0"
"2_80_1.5_175_18.csv","2004/1/2","2007/12/31","-86615.172","277785.0","364400.172","0.398955796975","6","7247428.509","-6726297.478","521131.031","-547427.5"
"2_80_1.5_175_20.csv","2004/1/2","2007/12/31","-86615.172","277785.0","364400.172","0.398955796975","6","7247428.509","-6726297.478","521131.031","-547427.5"
"2_80_1.5_175_16.csv","2004/1/2","2007/12/31","-63645.563","309918.5","373564.063","0.398955831508","6","7429686.289","-6895449.945","534236.344","-561194.219"
"2_20_2_125_4.csv","2004/1/2","2007/12/31","1421781.5","3355354.25","1933572.75","0.798409249555","17","9367711.434","-7019490.622","2348220.812","-898509.0"
"2_80_2_175_10.csv","2004/1/2","2007/12/31","-37440.891","616410.063","653850.954","0.679283950343","5","6766245.675","-5947816.581","818429.094","-500141.188"
"2_80_2_100_10.csv","2004/1/2","2007/12/31","57988.129","706989.563","649001.434","0.613429788303","6","7310054.867","-6480158.866","829896.001","-578220.157"
"2_80_2_150_10.csv","2004/1/2","2007/12/31","-94441.578","461054.875","555496.453","0.61342972414","6","6256858.077","-5546529.483","710328.594","-494913.032"
"2_80_2_125_10.csv","2004/1/2","2007/12/31","-100937.125","450574.75","551511.875","0.613429705903","6","6211978.205","-5506744.799","705233.406","-491363.094"
"2_80_2_200_10.csv","2004/1/2","2007/12/31","15405.395","705154.0","689748.605","0.679283967169","5","7137724.968","-6274362.64","863362.328","-527599.906"
"2_80_2_50_10.csv","2004/1/2","2007/12/31","342831.125","1166563.75","823732.625","0.613429797436","6","9278146.742","-8224817.242","1053329.5","-733894.914"
"2_80_2_75_10.csv","2004/1/2","2007/12/31","342831.125","1166563.75","823732.625","0.613429797436","6","9278146.742","-8224817.242","1053329.5","-733894.914"
"2_80_1.5_50_14.csv","2004/1/2","2007/12/31","614696.125","1170304.625","555608.5","0.344094775108","7","12867776.366","-12042749.054","825027.312","-1007439.82"
"2_80_1.5_75_14.csv","2004/1/2","2007/12/31","614696.125","1170304.625","555608.5","0.344094775108","7","12867776.366","-12042749.054","825027.312","-1007439.82"
"2_80_1.5_100_14.csv","2004/1/2","2007/12/31","357812.781","825029.063","467216.282","0.344094773991","7","10820629.979","-10126856.963","693773.016","-847165.313"
"2_80_1.5_125_14.csv","2004/1/2","2007/12/31","-40260.938","289980.25","330241.188","0.344094766042","7","7648316.598","-7157938.942","490377.656","-598799.547"
"2_80_1.5_150_14.csv","2004/1/2","2007/12/31","-144676.922","149635.313","294312.235","0.344094813492","7","6816208.557","-6379182.119","437026.438","-533652.376"
"2_60_1.5_50_10.csv","2004/1/2","2007/12/31","1138833.125","2646568.0","1507734.875","0.704933385114","8","18328864.212","-16467926.65","1860937.562","-936561.75"
"2_60_1.5_100_10.csv","2004/1/2","2007/12/31","321370.938","1252849.375","931478.437","0.704933346279","8","11323571.43","-10173884.461","1149686.969","-578607.75"
"2_60_1.5_75_10.csv","2004/1/2","2007/12/31","1065080.125","2520824.0","1455743.875","0.704933361847","8","17696834.776","-15900067.776","1796767.0","-904266.5"
"2_60_1.5_125_10.csv","2004/1/2","2007/12/31","72274.578","828156.625","755882.047","0.704933290883","8","9188924.134","-8255968.853","932955.281","-469532.375"
"2_60_0.75_75_4.csv","2004/1/2","2007/12/31","1671764.875","3794430.0","2122665.125","0.794480511688","15","23535102.436","-20973191.186","2561911.25","-1368622.0"
"2_60_0.75_50_4.csv","2004/1/2","2007/12/31","1618819.875","3699421.0","2080601.125","0.794480424126","15","23068718.375","-20557575.625","2511142.75","-1341500.625"
"2_100_1.25_200_6.csv","2004/1/2","2007/12/31","-49783.715","540121.375","589905.09","0.620811387168","9","6488706.429","-5742584.257","746122.172","-476719.313"
"1_20_1.75_125_10.csv","2004/1/2","2007/12/31","1548368.0","1161631.625","-386736.375","-0.151758448937","29","3883800.561","-3852627.436","31173.125","-741329.625"
"1_20_1.75_125_12.csv","2004/1/2","2007/12/31","1548368.0","1161631.625","-386736.375","-0.151758448937","29","3883800.561","-3852627.436","31173.125","-741329.625"
"1_20_1.75_125_14.csv","2004/1/2","2007/12/31","1548368.0","1161631.625","-386736.375","-0.151758448937","29","3883800.561","-3852627.436","31173.125","-741329.625"
"1_20_1.75_125_16.csv","2004/1/2","2007/12/31","1548368.0","1161631.625","-386736.375","-0.151758448937","29","3883800.561","-3852627.436","31173.125","-741329.625"
"1_20_1.75_125_18.csv","2004/1/2","2007/12/31","1548368.0","1161631.625","-386736.375","-0.151758448937","29","3883800.561","-3852627.436","31173.125","-741329.625"
"1_20_1.75_125_20.csv","2004/1/2","2007/12/31","1548368.0","1161631.625","-386736.375","-0.151758448937","29","3883800.561","-3852627.436","31173.125","-741329.625"
"1_20_1.75_125_4.csv","2004/1/2","2007/12/31","1548368.0","1161631.625","-386736.375","-0.151758448937","29","3883800.561","-3852627.436","31173.125","-741329.625"
"1_20_1.75_125_6.csv","2004/1/2","2007/12/31","1548368.0","1161631.625","-386736.375","-0.151758448937","29","3883800.561","-3852627.436","31173.125","-741329.625"
"1_20_1.75_125_8.csv","2004/1/2","2007/12/31","1548368.0","1161631.625","-386736.375","-0.151758448937","29","3883800.561","-3852627.436","31173.125","-741329.625"
"3_20_1.75_125_10.csv","2004/1/2","2007/12/31","1548368.0","1161631.625","-386736.375","-0.151758448937","29","3883800.561","-3852627.436","31173.125","-741329.625"
"3_20_1.75_125_12.csv","2004/1/2","2007/12/31","1548368.0","1161631.625","-386736.375","-0.151758448937","29","3883800.561","-3852627.436","31173.125","-741329.625"
"3_20_1.75_125_14.csv","2004/1/2","2007/12/31","1548368.0","1161631.625","-386736.375","-0.151758448937","29","3883800.561","-3852627.436","31173.125","-741329.625"
"3_20_1.75_125_16.csv","2004/1/2","2007/12/31","1548368.0","1161631.625","-386736.375","-0.151758448937","29","3883800.561","-3852627.436","31173.125","-741329.625"
"3_20_1.75_125_18.csv","2004/1/2","2007/12/31","1548368.0","1161631.625","-386736.375","-0.151758448937","29","3883800.561","-3852627.436","31173.125","-741329.625"
"3_20_1.75_125_20.csv","2004/1/2","2007/12/31","1548368.0","1161631.625","-386736.375","-0.151758448937","29","3883800.561","-3852627.436","31173.125","-741329.625"
"3_20_1.75_125_4.csv","2004/1/2","2007/12/31","1548368.0","1161631.625","-386736.375","-0.151758448937","29","3883800.561","-3852627.436","31173.125","-741329.625"
"3_20_1.75_125_6.csv","2004/1/2","2007/12/31","1548368.0","1161631.625","-386736.375","-0.151758448937","29","3883800.561","-3852627.436","31173.125","-741329.625"
"3_20_1.75_125_8.csv","2004/1/2","2007/12/31","1548368.0","1161631.625","-386736.375","-0.151758448937","29","3883800.561","-3852627.436","31173.125","-741329.625"
"2_80_1.25_175_8.csv","2004/1/2","2007/12/31","-65188.93","362823.063","428011.993","0.457859354404","7","7234703.12","-6653564.276","581138.844","-641215.422"
"2_80_1.25_175_10.csv","2004/1/2","2007/12/31","42663.375","283024.813","240361.438","0.230526403596","7","8157232.857","-7746077.825","411155.032","-742974.656"
"2_80_1.25_150_8.csv","2004/1/2","2007/12/31","101102.297","454565.438","353463.141","0.321008449408","8","8298935.262","-7765105.933","533829.329","-815018.438"
"2_80_1.25_150_12.csv","2004/1/2","2007/12/31","159737.484","371123.25","211385.766","0.18227035766","8","8942635.972","-8541279.324","401356.648","-851472.282"
"2_80_1.25_150_10.csv","2004/1/2","2007/12/31","228140.156","451993.688","223853.532","0.182270346675","8","9470082.797","-9045053.687","425029.11","-901693.031"
"2_80_1.25_175_12.csv","2004/1/2","2007/12/31","-15408.973","211565.125","226974.098","0.230526271087","7","7702905.987","-7314650.893","388255.094","-701593.797"
"2_20_2_100_6.csv","2004/1/2","2007/12/31","1766651.5","3888507.5","2121856.0","0.766940107925","17","12898537.25","-10324241.5","2574295.75","-1233325.875"
"2_100_1.5_200_18.csv","2004/1/2","2007/12/31","-246832.125","97667.469","344499.594","0.457400807224","6","6227752.415","-5760796.571","466955.844","-394310.281"
"2_100_1.5_200_20.csv","2004/1/2","2007/12/31","-246832.125","97667.469","344499.594","0.457400807224","6","6227752.415","-5760796.571","466955.844","-394310.281"
"2_100_1.5_175_16.csv","2004/1/2","2007/12/31","-295664.906","26498.531","322163.437","0.457400802181","6","5823966.205","-5387286.174","436680.031","-368744.5"
"2_100_1.5_100_16.csv","2004/1/2","2007/12/31","-45007.25","337226.563","382233.813","0.400247868897","7","7770730.562","-7233226.186","537504.376","-524225.313"
"2_100_1.5_125_16.csv","2004/1/2","2007/12/31","-45007.25","337226.563","382233.813","0.400247868897","7","7770730.562","-7233226.186","537504.376","-524225.313"
"2_100_1.5_50_16.csv","2004/1/2","2007/12/31","-45007.25","337226.563","382233.813","0.400247868897","7","7770730.562","-7233226.186","537504.376","-524225.313"
"2_100_1.5_75_16.csv","2004/1/2","2007/12/31","-45007.25","337226.563","382233.813","0.400247868897","7","7770730.562","-7233226.186","537504.376","-524225.313"
"2_100_1.5_150_16.csv","2004/1/2","2007/12/31","-133219.531","213707.625","346927.156","0.400248007896","7","7052952.212","-6565096.774","487855.438","-475802.875"
"2_100_1.5_200_16.csv","2004/1/2","2007/12/31","-262523.188","74799.375","337322.563","0.457400907406","6","6098007.198","-5640779.604","457227.594","-386095.469"
"2_100_1.5_100_18.csv","2004/1/2","2007/12/31","-166353.547","167311.656","333665.203","0.400247853031","7","6783340.568","-6314134.287","469206.281","-457614.468"
"2_100_1.5_125_18.csv","2004/1/2","2007/12/31","-166353.547","167311.656","333665.203","0.400247853031","7","6783340.568","-6314134.287","469206.281","-457614.468"
"2_100_1.5_50_18.csv","2004/1/2","2007/12/31","-166353.547","167311.656","333665.203","0.400247853031","7","6783340.568","-6314134.287","469206.281","-457614.468"
"2_100_1.5_75_18.csv","2004/1/2","2007/12/31","-166353.547","167311.656","333665.203","0.400247853031","7","6783340.568","-6314134.287","469206.281","-457614.468"
"2_100_1.5_150_20.csv","2004/1/2","2007/12/31","-253247.859","45638.063","298885.922","0.400247827344","7","6076286.147","-5655987.146","420299.001","-409915.5"
"2_100_1.5_150_18.csv","2004/1/2","2007/12/31","-243357.125","59487.563","302844.688","0.40024785537","7","6156766.724","-5730900.88","425865.844","-415344.907"
"2_100_1.5_100_20.csv","2004/1/2","2007/12/31","-177250.938","152052.656","329303.594","0.400247911799","7","6694669.173","-6231596.361","463072.812","-451632.594"
"2_100_1.5_125_20.csv","2004/1/2","2007/12/31","-177250.938","152052.656","329303.594","0.400247911799","7","6694669.173","-6231596.361","463072.812","-451632.594"
"2_100_1.5_50_20.csv","2004/1/2","2007/12/31","-177250.938","152052.656","329303.594","0.400247911799","7","6694669.173","-6231596.361","463072.812","-451632.594"
"2_100_1.5_75_20.csv","2004/1/2","2007/12/31","-177250.938","152052.656","329303.594","0.400247911799","7","6694669.173","-6231596.361","463072.812","-451632.594"
"2_100_1.5_175_20.csv","2004/1/2","2007/12/31","-393198.563","-115647.094","277551.469","0.457400810341","6","5017485.211","-4641275.055","376210.156","-317682.219"
"2_100_1.5_175_18.csv","2004/1/2","2007/12/31","-385161.531","-103933.844","281227.687","0.457400929154","6","5083942.233","-4702749.139","381193.094","-321889.875"
"2_60_1_125_6.csv","2004/1/2","2007/12/31","1354504.375","3321748.0","1967243.625","0.835523452786","12","19981841.401","-17635647.276","2346194.125","-1167768.625"
"2_60_1_100_6.csv","2004/1/2","2007/12/31","1406950.75","3107377.5","1700426.75","0.70646511982","14","19819687.025","-17731868.775","2087818.25","-1312653.187"
"2_60_1.5_50_14.csv","2004/1/2","2007/12/31","1122394.25","2618541.0","1496146.75","0.704933473128","8","18711847.31","-16875288.623","1836558.687","-1097686.937"
"2_60_1.5_50_16.csv","2004/1/2","2007/12/31","1634474.375","3491603.5","1857129.125","0.704933455654","8","23226541.122","-20946867.372","2279673.75","-1362531.0"
"2_60_1.5_50_18.csv","2004/1/2","2007/12/31","1634474.375","3491603.5","1857129.125","0.704933455654","8","23226541.122","-20946867.372","2279673.75","-1362531.0"
"2_60_1.5_50_20.csv","2004/1/2","2007/12/31","1634474.375","3491603.5","1857129.125","0.704933455654","8","23226541.122","-20946867.372","2279673.75","-1362531.0"
"2_60_1.5_100_14.csv","2004/1/2","2007/12/31","311215.0","1235534.25","924319.25","0.704933401464","8","11560177.062","-10425551.437","1134625.625","-678150.879"
"2_60_1.5_75_16.csv","2004/1/2","2007/12/31","1543630.5","3336720.5","1793090.0","0.70493336198","8","22425626.063","-20224562.063","2201064.0","-1315547.062"
"2_60_1.5_75_18.csv","2004/1/2","2007/12/31","1543630.5","3336720.5","1793090.0","0.70493336198","8","22425626.063","-20224562.063","2201064.0","-1315547.062"
"2_60_1.5_75_20.csv","2004/1/2","2007/12/31","1543630.5","3336720.5","1793090.0","0.70493336198","8","22425626.063","-20224562.063","2201064.0","-1315547.062"
"2_60_1.5_125_14.csv","2004/1/2","2007/12/31","64033.328","814105.875","750072.547","0.704933320472","8","9380926.459","-8460193.146","920733.313","-550310.219"
"2_60_1.5_125_16.csv","2004/1/2","2007/12/31","320757.75","1251803.75","931046.0","0.704933209743","8","11644306.3","-10501423.394","1142882.906","-683086.105"
"2_60_1.5_125_18.csv","2004/1/2","2007/12/31","320757.75","1251803.75","931046.0","0.704933209743","8","11644306.3","-10501423.394","1142882.906","-683086.105"
"2_60_1.5_125_20.csv","2004/1/2","2007/12/31","320757.75","1251803.75","931046.0","0.704933209743","8","11644306.3","-10501423.394","1142882.906","-683086.105"
"2_60_1.5_100_16.csv","2004/1/2","2007/12/31","627578.25","1774912.25","1147334.0","0.704933234393","8","14349355.679","-12940973.71","1408381.969","-841771.609"
"2_60_1.5_100_18.csv","2004/1/2","2007/12/31","627578.25","1774912.25","1147334.0","0.704933234393","8","14349355.679","-12940973.71","1408381.969","-841771.609"
"2_60_1.5_100_20.csv","2004/1/2","2007/12/31","627578.25","1774912.25","1147334.0","0.704933234393","8","14349355.679","-12940973.71","1408381.969","-841771.609"
"2_60_1.5_75_14.csv","2004/1/2","2007/12/31","1049208.25","2493763.5","1444555.25","0.704933356578","8","18066610.053","-16293381.428","1773228.625","-1059835.781"
"2_80_1.25_125_14.csv","2004/1/2","2007/12/31","127840.406","333412.25","205571.844","0.182270330896","8","8948449.073","-8562953.839","385495.234","-828053.501"
"2_80_1.25_125_16.csv","2004/1/2","2007/12/31","127840.406","333412.25","205571.844","0.182270330896","8","8948449.073","-8562953.839","385495.234","-828053.501"
"2_80_1.25_125_18.csv","2004/1/2","2007/12/31","127840.406","333412.25","205571.844","0.182270330896","8","8948449.073","-8562953.839","385495.234","-828053.501"
"2_80_1.25_125_20.csv","2004/1/2","2007/12/31","127840.406","333412.25","205571.844","0.182270330896","8","8948449.073","-8562953.839","385495.234","-828053.501"
"2_80_1.25_50_14.csv","2004/1/2","2007/12/31","853126.813","1190896.75","337769.937","0.182270276719","8","14702976.246","-14069578.621","633397.625","-1360554.492"
"2_80_1.25_50_16.csv","2004/1/2","2007/12/31","853126.813","1190896.75","337769.937","0.182270276719","8","14702976.246","-14069578.621","633397.625","-1360554.492"
"2_80_1.25_50_18.csv","2004/1/2","2007/12/31","853126.813","1190896.75","337769.937","0.182270276719","8","14702976.246","-14069578.621","633397.625","-1360554.492"
"2_80_1.25_50_20.csv","2004/1/2","2007/12/31","853126.813","1190896.75","337769.937","0.182270276719","8","14702976.246","-14069578.621","633397.625","-1360554.492"
"2_80_1.25_75_14.csv","2004/1/2","2007/12/31","853126.813","1190896.75","337769.937","0.182270276719","8","14702976.246","-14069578.621","633397.625","-1360554.492"
"2_80_1.25_75_16.csv","2004/1/2","2007/12/31","853126.813","1190896.75","337769.937","0.182270276719","8","14702976.246","-14069578.621","633397.625","-1360554.492"
"2_80_1.25_75_18.csv","2004/1/2","2007/12/31","853126.813","1190896.75","337769.937","0.182270276719","8","14702976.246","-14069578.621","633397.625","-1360554.492"
"2_80_1.25_75_20.csv","2004/1/2","2007/12/31","853126.813","1190896.75","337769.937","0.182270276719","8","14702976.246","-14069578.621","633397.625","-1360554.492"
"2_80_1.25_100_14.csv","2004/1/2","2007/12/31","156154.328","366886.906","210732.578","0.182270284249","8","9173096.085","-8777923.241","395172.844","-848841.469"
"2_80_1.25_100_16.csv","2004/1/2","2007/12/31","156154.328","366886.906","210732.578","0.182270284249","8","9173096.085","-8777923.241","395172.844","-848841.469"
"2_80_1.25_100_18.csv","2004/1/2","2007/12/31","156154.328","366886.906","210732.578","0.182270284249","8","9173096.085","-8777923.241","395172.844","-848841.469"
"2_80_1.25_100_20.csv","2004/1/2","2007/12/31","156154.328","366886.906","210732.578","0.182270284249","8","9173096.085","-8777923.241","395172.844","-848841.469"
"2_120_1.75_175_14.csv","2004/1/2","2007/12/31","168288.078","609133.375","440845.297","0.37734297328","5","9606743.997","-8981127.466","625616.531","-678724.375"
"2_120_1.75_100_14.csv","2004/1/2","2007/12/31","502843.313","1069930.75","567087.437","0.377343021787","5","12357766.194","-11552995.788","804770.406","-873086.25"
"2_120_1.75_125_14.csv","2004/1/2","2007/12/31","502843.313","1069930.75","567087.437","0.377343021787","5","12357766.194","-11552995.788","804770.406","-873086.25"
"2_120_1.75_50_14.csv","2004/1/2","2007/12/31","502843.313","1069930.75","567087.437","0.377343021787","5","12357766.194","-11552995.788","804770.406","-873086.25"
"2_120_1.75_75_14.csv","2004/1/2","2007/12/31","502843.313","1069930.75","567087.437","0.377343021787","5","12357766.194","-11552995.788","804770.406","-873086.25"
"2_120_1.75_225_14.csv","2004/1/2","2007/12/31","229199.938","693029.875","463829.937","0.377342955089","5","10107617.371","-9449382.684","658234.687","-714111.312"
"2_120_1.75_200_14.csv","2004/1/2","2007/12/31","29400.672","417837.813","388437.141","0.377343003133","5","8464683.884","-7913441.352","551242.532","-598036.75"
"2_120_1.75_150_14.csv","2004/1/2","2007/12/31","220020.406","680386.563","460366.157","0.377342997491","5","10032135.316","-9378816.222","653319.094","-708778.5"
"2_40_1.75_175_4.csv","2004/1/2","2007/12/31","1109278.125","2248615.0","1139336.875","0.540154881187","10","10074526.375","-8606696.375","1467830.0","-802712.5"
"2_40_1.75_150_4.csv","2004/1/2","2007/12/31","1671993.25","3266050.0","1594056.75","0.596579632078","11","13265831.125","-11255646.125","2010185.0","-1016861.375"
"2_80_2_225_16.csv","2004/1/2","2007/12/31","13999.422","457284.906","443285.484","0.437165420791","5","7431058.405","-6832622.155","598436.25","-584777.782"
"2_80_2_225_14.csv","2004/1/2","2007/12/31","70890.469","539046.813","468156.344","0.437165478218","5","7847982.408","-7215970.493","632011.915","-617587.126"
"2_80_2_225_18.csv","2004/1/2","2007/12/31","328501.938","909277.125","580775.187","0.437165479694","5","9735878.315","-8951830.768","784047.547","-766152.688"
"2_80_2_225_20.csv","2004/1/2","2007/12/31","328501.938","909277.125","580775.187","0.437165479694","5","9735878.315","-8951830.768","784047.547","-766152.688"
"2_20_2_75_6.csv","2004/1/2","2007/12/31","2892895.0","5716573.0","2823678.0","0.725341423285","16","18335548.0","-14921992.5","3413555.5","-1801746.25"
"2_60_0.75_125_8.csv","2004/1/2","2007/12/31","1163499.75","2868986.5","1705486.75","0.788299952427","10","19653419.529","-17620243.154","2033176.375","-1185183.781"
"2_60_0.75_125_10.csv","2004/1/2","2007/12/31","1335933.75","3177350.0","1841416.25","0.788299860816","10","21219825.714","-19024602.589","2195223.125","-1279644.5"
"2_60_0.75_125_12.csv","2004/1/2","2007/12/31","1335933.75","3177350.0","1841416.25","0.788299860816","10","21219825.714","-19024602.589","2195223.125","-1279644.5"
"2_60_0.75_125_14.csv","2004/1/2","2007/12/31","1335933.75","3177350.0","1841416.25","0.788299860816","10","21219825.714","-19024602.589","2195223.125","-1279644.5"
"2_60_0.75_125_16.csv","2004/1/2","2007/12/31","1335933.75","3177350.0","1841416.25","0.788299860816","10","21219825.714","-19024602.589","2195223.125","-1279644.5"
"2_60_0.75_125_18.csv","2004/1/2","2007/12/31","1335933.75","3177350.0","1841416.25","0.788299860816","10","21219825.714","-19024602.589","2195223.125","-1279644.5"
"2_60_0.75_125_20.csv","2004/1/2","2007/12/31","1335933.75","3177350.0","1841416.25","0.788299860816","10","21219825.714","-19024602.589","2195223.125","-1279644.5"
"2_100_0.75_150_6.csv","2004/1/2","2007/12/31","-431152.594","-342556.469","88596.125","0.155746732894","10","4591058.88","-4417006.13","174052.75","-417477.0"
"2_100_0.75_100_6.csv","2004/1/2","2007/12/31","-199627.75","-74972.281","124655.469","0.155746865287","10","6459652.103","-6214758.634","244893.469","-587393.094"
"2_100_0.75_125_6.csv","2004/1/2","2007/12/31","-199627.75","-74972.281","124655.469","0.155746865287","10","6459652.103","-6214758.634","244893.469","-587393.094"
"2_100_0.75_75_6.csv","2004/1/2","2007/12/31","-199627.75","-74972.281","124655.469","0.155746865287","10","6459652.103","-6214758.634","244893.469","-587393.094"
"2_60_0.75_175_8.csv","2004/1/2","2007/12/31","111042.703","1179303.25","1068260.547","0.96149368887","8","9662887.163","-8428132.983","1234754.18","-559718.625"
"2_60_0.75_225_8.csv","2004/1/2","2007/12/31","-121177.617","723804.625","844982.242","0.961493765231","8","7643237.144","-6666560.3","976676.844","-442731.25"
"2_60_0.75_225_10.csv","2004/1/2","2007/12/31","-51134.25","861194.313","912328.563","0.961493828816","8","8252413.436","-7197894.029","1054519.407","-478017.562"
"2_60_0.75_225_12.csv","2004/1/2","2007/12/31","-51134.25","861194.313","912328.563","0.961493828816","8","8252413.436","-7197894.029","1054519.407","-478017.562"
"2_60_0.75_225_14.csv","2004/1/2","2007/12/31","-51134.25","861194.313","912328.563","0.961493828816","8","8252413.436","-7197894.029","1054519.407","-478017.562"
"2_60_0.75_225_16.csv","2004/1/2","2007/12/31","-51134.25","861194.313","912328.563","0.961493828816","8","8252413.436","-7197894.029","1054519.407","-478017.562"
"2_60_0.75_225_18.csv","2004/1/2","2007/12/31","-51134.25","861194.313","912328.563","0.961493828816","8","8252413.436","-7197894.029","1054519.407","-478017.562"
"2_60_0.75_225_20.csv","2004/1/2","2007/12/31","-51134.25","861194.313","912328.563","0.961493828816","8","8252413.436","-7197894.029","1054519.407","-478017.562"
"2_60_0.75_175_10.csv","2004/1/2","2007/12/31","199594.344","1352996.75","1153402.406","0.961493701407","8","10433031.737","-9099865.94","1333165.797","-604329.0"
"2_60_0.75_175_12.csv","2004/1/2","2007/12/31","199594.344","1352996.75","1153402.406","0.961493701407","8","10433031.737","-9099865.94","1333165.797","-604329.0"
"2_60_0.75_175_14.csv","2004/1/2","2007/12/31","83678.516","1125628.5","1041949.984","0.961493624369","8","9424896.863","-8220553.918","1204342.945","-545933.25"
"2_60_0.75_175_16.csv","2004/1/2","2007/12/31","83678.516","1125628.5","1041949.984","0.961493624369","8","9424896.863","-8220553.918","1204342.945","-545933.25"
"2_60_0.75_175_18.csv","2004/1/2","2007/12/31","83678.516","1125628.5","1041949.984","0.961493624369","8","9424896.863","-8220553.918","1204342.945","-545933.25"
"2_60_0.75_175_20.csv","2004/1/2","2007/12/31","83678.516","1125628.5","1041949.984","0.961493624369","8","9424896.863","-8220553.918","1204342.945","-545933.25"
"2_80_2_150_14.csv","2004/1/2","2007/12/31","-270506.375","7289.25","277795.625","0.380806103686","6","5287315.069","-4902122.913","385192.156","-439704.531"
"2_80_2_125_16.csv","2004/1/2","2007/12/31","-177665.297","135484.719","313150.016","0.380806032942","6","5960220.295","-5526005.638","434214.657","-495664.813"
"2_80_2_175_16.csv","2004/1/2","2007/12/31","-129635.641","250857.625","380493.266","0.437165495192","5","6413698.735","-5905069.891","508628.844","-501942.812"
"2_80_2_175_14.csv","2004/1/2","2007/12/31","-80803.266","321037.844","401841.11","0.437165511078","5","6773543.119","-6236377.306","537165.813","-530104.657"
"2_80_2_175_18.csv","2004/1/2","2007/12/31","140316.922","638824.125","498507.203","0.437165487403","5","8402974.273","-7736588.921","666385.352","-657625.641"
"2_80_2_175_20.csv","2004/1/2","2007/12/31","140316.922","638824.125","498507.203","0.437165487403","5","8402974.273","-7736588.921","666385.352","-657625.641"
"2_80_2_150_18.csv","2004/1/2","2007/12/31","-95020.734","249600.813","344621.547","0.380806013958","6","6559221.677","-6081368.536","477853.141","-545479.126"
"2_80_2_150_20.csv","2004/1/2","2007/12/31","-95020.734","249600.813","344621.547","0.380806013958","6","6559221.677","-6081368.536","477853.141","-545479.126"
"2_80_2_100_16.csv","2004/1/2","2007/12/31","-32303.156","336201.688","368504.844","0.380806082282","6","7013794.217","-6502824.466","510969.751","-583282.313"
"2_80_2_200_16.csv","2004/1/2","2007/12/31","-81850.891","319532.219","401383.11","0.437165495305","5","6765823.7","-6229270.137","536553.563","-529500.501"
"2_80_2_100_18.csv","2004/1/2","2007/12/31","267838.125","750638.5","482800.375","0.380806007865","6","9189195.968","-8519743.718","669452.25","-764193.469"
"2_80_2_100_20.csv","2004/1/2","2007/12/31","267838.125","750638.5","482800.375","0.380806007865","6","9189195.968","-8519743.718","669452.25","-764193.469"
"2_80_2_125_18.csv","2004/1/2","2007/12/31","77390.359","487667.094","410276.735","0.380806020374","6","7808844.849","-7239954.075","568890.774","-649400.438"
"2_80_2_125_20.csv","2004/1/2","2007/12/31","77390.359","487667.094","410276.735","0.380806020374","6","7808844.849","-7239954.075","568890.774","-649400.438"
"2_80_2_100_14.csv","2004/1/2","2007/12/31","21990.07","411170.031","389179.961","0.38080601018","6","7407307.29","-6867669.361","539637.929","-616007.782"
"2_80_2_200_18.csv","2004/1/2","2007/12/31","202922.547","728798.75","525876.203","0.437165471968","5","8864313.887","-8161342.746","702971.141","-693730.625"
"2_80_2_200_20.csv","2004/1/2","2007/12/31","202922.547","728798.75","525876.203","0.437165471968","5","8864313.887","-8161342.746","702971.141","-693730.625"
"2_80_2_50_14.csv","2004/1/2","2007/12/31","297141.406","791100.625","493959.219","0.380805991325","6","9401582.617","-8716657.508","684925.109","-781856.031"
"2_80_2_75_14.csv","2004/1/2","2007/12/31","297141.406","791100.625","493959.219","0.380805991325","6","9401582.617","-8716657.508","684925.109","-781856.031"
"2_80_2_200_14.csv","2004/1/2","2007/12/31","-30337.547","393565.375","423902.922","0.437165449367","5","7145423.817","-6578766.645","566657.172","-559208.438"
"2_80_2_50_18.csv","2004/1/2","2007/12/31","609179.188","1221964.375","612785.187","0.380806060363","6","11663210.44","-10813521.003","849689.437","-969937.84"
"2_80_2_50_20.csv","2004/1/2","2007/12/31","609179.188","1221964.375","612785.187","0.380806060363","6","11663210.44","-10813521.003","849689.437","-969937.84"
"2_80_2_75_18.csv","2004/1/2","2007/12/31","609179.188","1221964.375","612785.187","0.380806060363","6","11663210.44","-10813521.003","849689.437","-969937.84"
"2_80_2_75_20.csv","2004/1/2","2007/12/31","609179.188","1221964.375","612785.187","0.380806060363","6","11663210.44","-10813521.003","849689.437","-969937.84"
"2_80_2_50_16.csv","2004/1/2","2007/12/31","228230.719","695948.375","467717.656","0.380806023465","6","8902124.016","-8253585.555","648538.461","-740319.985"
"2_80_2_75_16.csv","2004/1/2","2007/12/31","228230.719","695948.375","467717.656","0.380806023465","6","8902124.016","-8253585.555","648538.461","-740319.985"
"2_80_2_125_14.csv","2004/1/2","2007/12/31","-131527.719","199191.781","330719.5","0.38080605131","6","6294622.13","-5836045.661","458576.469","-523474.438"
"2_80_2_150_16.csv","2004/1/2","2007/12/31","-309260.813","-46223.125","263037.688","0.380806088536","6","5006426.752","-4641698.064","364728.688","-416345.313"
"2_80_1.25_125_6.csv","2004/1/2","2007/12/31","106787.359","826240.938","719453.579","0.650037763035","9","8616585.313","-7736999.406","879585.907","-707502.751"
"2_80_1.25_50_6.csv","2004/1/2","2007/12/31","818535.188","2000651.75","1182116.562","0.650037772049","9","14157699.68","-12712473.618","1445226.062","-1162480.266"
"2_80_1.25_75_6.csv","2004/1/2","2007/12/31","818535.188","2000651.75","1182116.562","0.650037772049","9","14157699.68","-12712473.618","1445226.062","-1162480.266"
"2_80_1.25_100_6.csv","2004/1/2","2007/12/31","134572.781","872087.875","737515.094","0.650037711419","9","8832900.846","-7931233.432","901667.414","-725264.313"
"2_80_1.75_225_12.csv","2004/1/2","2007/12/31","-144099.688","393491.281","537590.969","0.628099980176","5","6705458.393","-6044243.799","661214.594","-409225.719"
"1_100_0.75_150_10.csv","2004/1/2","2007/12/31","-212931.641","83020.781","295952.422","0.376018701064","22","6341684.523","-5933959.304","407725.219","-650860.063"
"1_100_0.75_150_12.csv","2004/1/2","2007/12/31","-212931.641","83020.781","295952.422","0.376018701064","22","6341684.523","-5933959.304","407725.219","-650860.063"
"1_100_0.75_150_14.csv","2004/1/2","2007/12/31","-212931.641","83020.781","295952.422","0.376018701064","22","6341684.523","-5933959.304","407725.219","-650860.063"
"1_100_0.75_150_16.csv","2004/1/2","2007/12/31","-212931.641","83020.781","295952.422","0.376018701064","22","6341684.523","-5933959.304","407725.219","-650860.063"
"1_100_0.75_150_18.csv","2004/1/2","2007/12/31","-212931.641","83020.781","295952.422","0.376018701064","22","6341684.523","-5933959.304","407725.219","-650860.063"
"1_100_0.75_150_20.csv","2004/1/2","2007/12/31","-212931.641","83020.781","295952.422","0.376018701064","22","6341684.523","-5933959.304","407725.219","-650860.063"
"1_100_0.75_150_6.csv","2004/1/2","2007/12/31","-212931.641","83020.781","295952.422","0.376018701064","22","6341684.523","-5933959.304","407725.219","-650860.063"
"1_100_0.75_150_8.csv","2004/1/2","2007/12/31","-212931.641","83020.781","295952.422","0.376018701064","22","6341684.523","-5933959.304","407725.219","-650860.063"
"3_100_0.75_150_10.csv","2004/1/2","2007/12/31","-212931.641","83020.781","295952.422","0.376018701064","22","6341684.523","-5933959.304","407725.219","-650860.063"
"3_100_0.75_150_12.csv","2004/1/2","2007/12/31","-212931.641","83020.781","295952.422","0.376018701064","22","6341684.523","-5933959.304","407725.219","-650860.063"
"3_100_0.75_150_14.csv","2004/1/2","2007/12/31","-212931.641","83020.781","295952.422","0.376018701064","22","6341684.523","-5933959.304","407725.219","-650860.063"
"3_100_0.75_150_16.csv","2004/1/2","2007/12/31","-212931.641","83020.781","295952.422","0.376018701064","22","6341684.523","-5933959.304","407725.219","-650860.063"
"3_100_0.75_150_18.csv","2004/1/2","2007/12/31","-212931.641","83020.781","295952.422","0.376018701064","22","6341684.523","-5933959.304","407725.219","-650860.063"
"3_100_0.75_150_20.csv","2004/1/2","2007/12/31","-212931.641","83020.781","295952.422","0.376018701064","22","6341684.523","-5933959.304","407725.219","-650860.063"
"3_100_0.75_150_6.csv","2004/1/2","2007/12/31","-212931.641","83020.781","295952.422","0.376018701064","22","6341684.523","-5933959.304","407725.219","-650860.063"
"3_100_0.75_150_8.csv","2004/1/2","2007/12/31","-212931.641","83020.781","295952.422","0.376018701064","22","6341684.523","-5933959.304","407725.219","-650860.063"
"1_100_0.75_150_4.csv","2004/1/2","2007/12/31","-216163.969","78573.063","294737.032","0.376018733949","22","6315640.97","-5909590.188","406050.782","-648187.172"
"3_100_0.75_150_4.csv","2004/1/2","2007/12/31","-216163.969","78573.063","294737.032","0.376018733949","22","6315640.97","-5909590.188","406050.782","-648187.172"
"1_100_0.75_100_10.csv","2004/1/2","2007/12/31","180714.406","624685.0","443970.594","0.376018613599","22","9513426.253","-8901780.683","611645.57","-976382.438"
"1_100_0.75_100_12.csv","2004/1/2","2007/12/31","180714.406","624685.0","443970.594","0.376018613599","22","9513426.253","-8901780.683","611645.57","-976382.438"
"1_100_0.75_100_14.csv","2004/1/2","2007/12/31","180714.406","624685.0","443970.594","0.376018613599","22","9513426.253","-8901780.683","611645.57","-976382.438"
"1_100_0.75_100_16.csv","2004/1/2","2007/12/31","180714.406","624685.0","443970.594","0.376018613599","22","9513426.253","-8901780.683","611645.57","-976382.438"
"1_100_0.75_100_18.csv","2004/1/2","2007/12/31","180714.406","624685.0","443970.594","0.376018613599","22","9513426.253","-8901780.683","611645.57","-976382.438"
"1_100_0.75_100_20.csv","2004/1/2","2007/12/31","180714.406","624685.0","443970.594","0.376018613599","22","9513426.253","-8901780.683","611645.57","-976382.438"
"1_100_0.75_100_6.csv","2004/1/2","2007/12/31","180714.406","624685.0","443970.594","0.376018613599","22","9513426.253","-8901780.683","611645.57","-976382.438"
"1_100_0.75_100_8.csv","2004/1/2","2007/12/31","180714.406","624685.0","443970.594","0.376018613599","22","9513426.253","-8901780.683","611645.57","-976382.438"
"1_100_0.75_125_10.csv","2004/1/2","2007/12/31","180714.406","624685.0","443970.594","0.376018613599","22","9513426.253","-8901780.683","611645.57","-976382.438"
"1_100_0.75_125_12.csv","2004/1/2","2007/12/31","180714.406","624685.0","443970.594","0.376018613599","22","9513426.253","-8901780.683","611645.57","-976382.438"
"1_100_0.75_125_14.csv","2004/1/2","2007/12/31","180714.406","624685.0","443970.594","0.376018613599","22","9513426.253","-8901780.683","611645.57","-976382.438"
"1_100_0.75_125_16.csv","2004/1/2","2007/12/31","180714.406","624685.0","443970.594","0.376018613599","22","9513426.253","-8901780.683","611645.57","-976382.438"
"1_100_0.75_125_18.csv","2004/1/2","2007/12/31","180714.406","624685.0","443970.594","0.376018613599","22","9513426.253","-8901780.683","611645.57","-976382.438"
"1_100_0.75_125_20.csv","2004/1/2","2007/12/31","180714.406","624685.0","443970.594","0.376018613599","22","9513426.253","-8901780.683","611645.57","-976382.438"
"1_100_0.75_125_6.csv","2004/1/2","2007/12/31","180714.406","624685.0","443970.594","0.376018613599","22","9513426.253","-8901780.683","611645.57","-976382.438"
"1_100_0.75_125_8.csv","2004/1/2","2007/12/31","180714.406","624685.0","443970.594","0.376018613599","22","9513426.253","-8901780.683","611645.57","-976382.438"
"1_100_0.75_75_10.csv","2004/1/2","2007/12/31","180714.406","624685.0","443970.594","0.376018613599","22","9513426.253","-8901780.683","611645.57","-976382.438"
"1_100_0.75_75_12.csv","2004/1/2","2007/12/31","180714.406","624685.0","443970.594","0.376018613599","22","9513426.253","-8901780.683","611645.57","-976382.438"
"1_100_0.75_75_14.csv","2004/1/2","2007/12/31","180714.406","624685.0","443970.594","0.376018613599","22","9513426.253","-8901780.683","611645.57","-976382.438"
"1_100_0.75_75_16.csv","2004/1/2","2007/12/31","180714.406","624685.0","443970.594","0.376018613599","22","9513426.253","-8901780.683","611645.57","-976382.438"
"1_100_0.75_75_18.csv","2004/1/2","2007/12/31","180714.406","624685.0","443970.594","0.376018613599","22","9513426.253","-8901780.683","611645.57","-976382.438"
"1_100_0.75_75_20.csv","2004/1/2","2007/12/31","180714.406","624685.0","443970.594","0.376018613599","22","9513426.253","-8901780.683","611645.57","-976382.438"
"1_100_0.75_75_6.csv","2004/1/2","2007/12/31","180714.406","624685.0","443970.594","0.376018613599","22","9513426.253","-8901780.683","611645.57","-976382.438"
"1_100_0.75_75_8.csv","2004/1/2","2007/12/31","180714.406","624685.0","443970.594","0.376018613599","22","9513426.253","-8901780.683","611645.57","-976382.438"
"3_100_0.75_100_10.csv","2004/1/2","2007/12/31","180714.406","624685.0","443970.594","0.376018613599","22","9513426.253","-8901780.683","611645.57","-976382.438"
"3_100_0.75_100_12.csv","2004/1/2","2007/12/31","180714.406","624685.0","443970.594","0.376018613599","22","9513426.253","-8901780.683","611645.57","-976382.438"
"3_100_0.75_100_14.csv","2004/1/2","2007/12/31","180714.406","624685.0","443970.594","0.376018613599","22","9513426.253","-8901780.683","611645.57","-976382.438"
"3_100_0.75_100_16.csv","2004/1/2","2007/12/31","180714.406","624685.0","443970.594","0.376018613599","22","9513426.253","-8901780.683","611645.57","-976382.438"
"3_100_0.75_100_18.csv","2004/1/2","2007/12/31","180714.406","624685.0","443970.594","0.376018613599","22","9513426.253","-8901780.683","611645.57","-976382.438"
"3_100_0.75_100_20.csv","2004/1/2","2007/12/31","180714.406","624685.0","443970.594","0.376018613599","22","9513426.253","-8901780.683","611645.57","-976382.438"
"3_100_0.75_100_6.csv","2004/1/2","2007/12/31","180714.406","624685.0","443970.594","0.376018613599","22","9513426.253","-8901780.683","611645.57","-976382.438"
"3_100_0.75_100_8.csv","2004/1/2","2007/12/31","180714.406","624685.0","443970.594","0.376018613599","22","9513426.253","-8901780.683","611645.57","-976382.438"
"3_100_0.75_125_10.csv","2004/1/2","2007/12/31","180714.406","624685.0","443970.594","0.376018613599","22","9513426.253","-8901780.683","611645.57","-976382.438"
"3_100_0.75_125_12.csv","2004/1/2","2007/12/31","180714.406","624685.0","443970.594","0.376018613599","22","9513426.253","-8901780.683","611645.57","-976382.438"
"3_100_0.75_125_14.csv","2004/1/2","2007/12/31","180714.406","624685.0","443970.594","0.376018613599","22","9513426.253","-8901780.683","611645.57","-976382.438"
"3_100_0.75_125_16.csv","2004/1/2","2007/12/31","180714.406","624685.0","443970.594","0.376018613599","22","9513426.253","-8901780.683","611645.57","-976382.438"
"3_100_0.75_125_18.csv","2004/1/2","2007/12/31","180714.406","624685.0","443970.594","0.376018613599","22","9513426.253","-8901780.683","611645.57","-976382.438"
"3_100_0.75_125_20.csv","2004/1/2","2007/12/31","180714.406","624685.0","443970.594","0.376018613599","22","9513426.253","-8901780.683","611645.57","-976382.438"
"3_100_0.75_125_6.csv","2004/1/2","2007/12/31","180714.406","624685.0","443970.594","0.376018613599","22","9513426.253","-8901780.683","611645.57","-976382.438"
"3_100_0.75_125_8.csv","2004/1/2","2007/12/31","180714.406","624685.0","443970.594","0.376018613599","22","9513426.253","-8901780.683","611645.57","-976382.438"
"3_100_0.75_75_10.csv","2004/1/2","2007/12/31","180714.406","624685.0","443970.594","0.376018613599","22","9513426.253","-8901780.683","611645.57","-976382.438"
"3_100_0.75_75_12.csv","2004/1/2","2007/12/31","180714.406","624685.0","443970.594","0.376018613599","22","9513426.253","-8901780.683","611645.57","-976382.438"
"3_100_0.75_75_14.csv","2004/1/2","2007/12/31","180714.406","624685.0","443970.594","0.376018613599","22","9513426.253","-8901780.683","611645.57","-976382.438"
"3_100_0.75_75_16.csv","2004/1/2","2007/12/31","180714.406","624685.0","443970.594","0.376018613599","22","9513426.253","-8901780.683","611645.57","-976382.438"
"3_100_0.75_75_18.csv","2004/1/2","2007/12/31","180714.406","624685.0","443970.594","0.376018613599","22","9513426.253","-8901780.683","611645.57","-976382.438"
"3_100_0.75_75_20.csv","2004/1/2","2007/12/31","180714.406","624685.0","443970.594","0.376018613599","22","9513426.253","-8901780.683","611645.57","-976382.438"
"3_100_0.75_75_6.csv","2004/1/2","2007/12/31","180714.406","624685.0","443970.594","0.376018613599","22","9513426.253","-8901780.683","611645.57","-976382.438"
"3_100_0.75_75_8.csv","2004/1/2","2007/12/31","180714.406","624685.0","443970.594","0.376018613599","22","9513426.253","-8901780.683","611645.57","-976382.438"
"1_100_0.75_100_4.csv","2004/1/2","2007/12/31","175865.5","618012.813","442147.313","0.376018611823","22","9474356.445","-8865222.757","609133.688","-972372.656"
"1_100_0.75_125_4.csv","2004/1/2","2007/12/31","175865.5","618012.813","442147.313","0.376018611823","22","9474356.445","-8865222.757","609133.688","-972372.656"
"1_100_0.75_75_4.csv","2004/1/2","2007/12/31","175865.5","618012.813","442147.313","0.376018611823","22","9474356.445","-8865222.757","609133.688","-972372.656"
"3_100_0.75_100_4.csv","2004/1/2","2007/12/31","175865.5","618012.813","442147.313","0.376018611823","22","9474356.445","-8865222.757","609133.688","-972372.656"
"3_100_0.75_125_4.csv","2004/1/2","2007/12/31","175865.5","618012.813","442147.313","0.376018611823","22","9474356.445","-8865222.757","609133.688","-972372.656"
"3_100_0.75_75_4.csv","2004/1/2","2007/12/31","175865.5","618012.813","442147.313","0.376018611823","22","9474356.445","-8865222.757","609133.688","-972372.656"
"2_60_1.25_150_14.csv","2004/1/2","2007/12/31","210502.0","1787263.5","1576761.5","1.30256827333","6","11854780.178","-10107783.334","1746996.844","-715863.0"
"2_60_1.25_150_16.csv","2004/1/2","2007/12/31","210502.0","1787263.5","1576761.5","1.30256827333","6","11854780.178","-10107783.334","1746996.844","-715863.0"
"2_60_1.25_150_18.csv","2004/1/2","2007/12/31","210502.0","1787263.5","1576761.5","1.30256827333","6","11854780.178","-10107783.334","1746996.844","-715863.0"
"2_60_1.25_150_20.csv","2004/1/2","2007/12/31","210502.0","1787263.5","1576761.5","1.30256827333","6","11854780.178","-10107783.334","1746996.844","-715863.0"
"1_120_0.75_200_6.csv","2004/1/2","2007/12/31","574585.875","1262564.0","687978.125","0.436926391836","22","12136102.708","-11227856.958","908245.75","-1053980.864"
"3_120_0.75_200_6.csv","2004/1/2","2007/12/31","574585.875","1262564.0","687978.125","0.436926391836","22","12136102.708","-11227856.958","908245.75","-1053980.864"
"1_120_0.75_200_10.csv","2004/1/2","2007/12/31","442221.625","1072366.125","630144.5","0.436926259513","22","11115905.081","-10284009.3","831895.781","-965380.141"
"1_120_0.75_200_12.csv","2004/1/2","2007/12/31","442221.625","1072366.125","630144.5","0.436926259513","22","11115905.081","-10284009.3","831895.781","-965380.141"
"1_120_0.75_200_14.csv","2004/1/2","2007/12/31","442221.625","1072366.125","630144.5","0.436926259513","22","11115905.081","-10284009.3","831895.781","-965380.141"
"1_120_0.75_200_16.csv","2004/1/2","2007/12/31","442221.625","1072366.125","630144.5","0.436926259513","22","11115905.081","-10284009.3","831895.781","-965380.141"
"1_120_0.75_200_18.csv","2004/1/2","2007/12/31","442221.625","1072366.125","630144.5","0.436926259513","22","11115905.081","-10284009.3","831895.781","-965380.141"
"1_120_0.75_200_20.csv","2004/1/2","2007/12/31","442221.625","1072366.125","630144.5","0.436926259513","22","11115905.081","-10284009.3","831895.781","-965380.141"
"1_120_0.75_200_8.csv","2004/1/2","2007/12/31","442221.625","1072366.125","630144.5","0.436926259513","22","11115905.081","-10284009.3","831895.781","-965380.141"
"3_120_0.75_200_10.csv","2004/1/2","2007/12/31","442221.625","1072366.125","630144.5","0.436926259513","22","11115905.081","-10284009.3","831895.781","-965380.141"
"3_120_0.75_200_12.csv","2004/1/2","2007/12/31","442221.625","1072366.125","630144.5","0.436926259513","22","11115905.081","-10284009.3","831895.781","-965380.141"
"3_120_0.75_200_14.csv","2004/1/2","2007/12/31","442221.625","1072366.125","630144.5","0.436926259513","22","11115905.081","-10284009.3","831895.781","-965380.141"
"3_120_0.75_200_16.csv","2004/1/2","2007/12/31","442221.625","1072366.125","630144.5","0.436926259513","22","11115905.081","-10284009.3","831895.781","-965380.141"
"3_120_0.75_200_18.csv","2004/1/2","2007/12/31","442221.625","1072366.125","630144.5","0.436926259513","22","11115905.081","-10284009.3","831895.781","-965380.141"
"3_120_0.75_200_20.csv","2004/1/2","2007/12/31","442221.625","1072366.125","630144.5","0.436926259513","22","11115905.081","-10284009.3","831895.781","-965380.141"
"3_120_0.75_200_8.csv","2004/1/2","2007/12/31","442221.625","1072366.125","630144.5","0.436926259513","22","11115905.081","-10284009.3","831895.781","-965380.141"
"1_120_0.75_200_4.csv","2004/1/2","2007/12/31","602210.125","1302258.0","700047.875","0.436926383173","22","12349017.488","-11424837.801","924179.687","-1072471.98"
"3_120_0.75_200_4.csv","2004/1/2","2007/12/31","602210.125","1302258.0","700047.875","0.436926383173","22","12349017.488","-11424837.801","924179.687","-1072471.98"
"2_80_1.75_225_6.csv","2004/1/2","2007/12/31","304014.563","1677806.625","1373792.062","1.0535097544","6","8810468.037","-7256831.928","1553636.109","-453896.875"
"2_20_1.75_150_6.csv","2004/1/2","2007/12/31","1421548.75","3264025.5","1842476.75","0.760867089709","16","12114416.875","-9941211.875","2173205.0","-834109.75"
"2_120_1.25_175_4.csv","2004/1/2","2007/12/31","-381146.844","164629.844","545776.688","0.881916303906","9","5123391.548","-4493965.766","629425.782","-491234.844"
"2_120_1.25_200_4.csv","2004/1/2","2007/12/31","-354952.031","213926.281","568878.312","0.881916290477","9","5340255.045","-4684186.951","656068.094","-512027.813"
"2_120_1.25_225_4.csv","2004/1/2","2007/12/31","-251027.781","409503.188","660530.969","0.881916514717","9","6200629.163","-5438861.225","761767.938","-594521.187"
"2_120_1.25_100_4.csv","2004/1/2","2007/12/31","-281271.906","352586.375","633858.281","0.88191666124","9","5950243.502","-5219236.346","731007.156","-570514.031"
"2_120_1.25_125_4.csv","2004/1/2","2007/12/31","-281271.906","352586.375","633858.281","0.88191666124","9","5950243.502","-5219236.346","731007.156","-570514.031"
"2_120_1.25_150_4.csv","2004/1/2","2007/12/31","-281271.906","352586.375","633858.281","0.88191666124","9","5950243.502","-5219236.346","731007.156","-570514.031"
"2_120_1.25_50_4.csv","2004/1/2","2007/12/31","-281271.906","352586.375","633858.281","0.88191666124","9","5950243.502","-5219236.346","731007.156","-570514.031"
"2_120_1.25_75_4.csv","2004/1/2","2007/12/31","-281271.906","352586.375","633858.281","0.88191666124","9","5950243.502","-5219236.346","731007.156","-570514.031"
"1_20_2_175_10.csv","2004/1/2","2007/12/31","786016.75","693123.313","-92893.437","-0.0520115150096","22","2098051.782","-1952354.907","145696.875","-372252.844"
"1_20_2_175_12.csv","2004/1/2","2007/12/31","786016.75","693123.313","-92893.437","-0.0520115150096","22","2098051.782","-1952354.907","145696.875","-372252.844"
"1_20_2_175_14.csv","2004/1/2","2007/12/31","786016.75","693123.313","-92893.437","-0.0520115150096","22","2098051.782","-1952354.907","145696.875","-372252.844"
"1_20_2_175_16.csv","2004/1/2","2007/12/31","786016.75","693123.313","-92893.437","-0.0520115150096","22","2098051.782","-1952354.907","145696.875","-372252.844"
"1_20_2_175_18.csv","2004/1/2","2007/12/31","786016.75","693123.313","-92893.437","-0.0520115150096","22","2098051.782","-1952354.907","145696.875","-372252.844"
"1_20_2_175_20.csv","2004/1/2","2007/12/31","786016.75","693123.313","-92893.437","-0.0520115150096","22","2098051.782","-1952354.907","145696.875","-372252.844"
"1_20_2_175_4.csv","2004/1/2","2007/12/31","786016.75","693123.313","-92893.437","-0.0520115150096","22","2098051.782","-1952354.907","145696.875","-372252.844"
"1_20_2_175_6.csv","2004/1/2","2007/12/31","786016.75","693123.313","-92893.437","-0.0520115150096","22","2098051.782","-1952354.907","145696.875","-372252.844"
"1_20_2_175_8.csv","2004/1/2","2007/12/31","786016.75","693123.313","-92893.437","-0.0520115150096","22","2098051.782","-1952354.907","145696.875","-372252.844"
"3_20_2_175_10.csv","2004/1/2","2007/12/31","786016.75","693123.313","-92893.437","-0.0520115150096","22","2098051.782","-1952354.907","145696.875","-372252.844"
"3_20_2_175_12.csv","2004/1/2","2007/12/31","786016.75","693123.313","-92893.437","-0.0520115150096","22","2098051.782","-1952354.907","145696.875","-372252.844"
"3_20_2_175_14.csv","2004/1/2","2007/12/31","786016.75","693123.313","-92893.437","-0.0520115150096","22","2098051.782","-1952354.907","145696.875","-372252.844"
"3_20_2_175_16.csv","2004/1/2","2007/12/31","786016.75","693123.313","-92893.437","-0.0520115150096","22","2098051.782","-1952354.907","145696.875","-372252.844"
"3_20_2_175_18.csv","2004/1/2","2007/12/31","786016.75","693123.313","-92893.437","-0.0520115150096","22","2098051.782","-1952354.907","145696.875","-372252.844"
"3_20_2_175_20.csv","2004/1/2","2007/12/31","786016.75","693123.313","-92893.437","-0.0520115150096","22","2098051.782","-1952354.907","145696.875","-372252.844"
"3_20_2_175_4.csv","2004/1/2","2007/12/31","786016.75","693123.313","-92893.437","-0.0520115150096","22","2098051.782","-1952354.907","145696.875","-372252.844"
"3_20_2_175_6.csv","2004/1/2","2007/12/31","786016.75","693123.313","-92893.437","-0.0520115150096","22","2098051.782","-1952354.907","145696.875","-372252.844"
"3_20_2_175_8.csv","2004/1/2","2007/12/31","786016.75","693123.313","-92893.437","-0.0520115150096","22","2098051.782","-1952354.907","145696.875","-372252.844"
"1_20_2_150_10.csv","2004/1/2","2007/12/31","728593.25","535878.563","-192714.687","-0.111486428054","25","1979765.155","-1941560.655","38204.5","-451120.938"
"1_20_2_150_12.csv","2004/1/2","2007/12/31","728593.25","535878.563","-192714.687","-0.111486428054","25","1979765.155","-1941560.655","38204.5","-451120.938"
"1_20_2_150_14.csv","2004/1/2","2007/12/31","728593.25","535878.563","-192714.687","-0.111486428054","25","1979765.155","-1941560.655","38204.5","-451120.938"
"1_20_2_150_16.csv","2004/1/2","2007/12/31","728593.25","535878.563","-192714.687","-0.111486428054","25","1979765.155","-1941560.655","38204.5","-451120.938"
"1_20_2_150_18.csv","2004/1/2","2007/12/31","728593.25","535878.563","-192714.687","-0.111486428054","25","1979765.155","-1941560.655","38204.5","-451120.938"
"1_20_2_150_20.csv","2004/1/2","2007/12/31","728593.25","535878.563","-192714.687","-0.111486428054","25","1979765.155","-1941560.655","38204.5","-451120.938"
"1_20_2_150_4.csv","2004/1/2","2007/12/31","728593.25","535878.563","-192714.687","-0.111486428054","25","1979765.155","-1941560.655","38204.5","-451120.938"
"1_20_2_150_6.csv","2004/1/2","2007/12/31","728593.25","535878.563","-192714.687","-0.111486428054","25","1979765.155","-1941560.655","38204.5","-451120.938"
"1_20_2_150_8.csv","2004/1/2","2007/12/31","728593.25","535878.563","-192714.687","-0.111486428054","25","1979765.155","-1941560.655","38204.5","-451120.938"
"3_20_2_150_10.csv","2004/1/2","2007/12/31","728593.25","535878.563","-192714.687","-0.111486428054","25","1979765.155","-1941560.655","38204.5","-451120.938"
"3_20_2_150_12.csv","2004/1/2","2007/12/31","728593.25","535878.563","-192714.687","-0.111486428054","25","1979765.155","-1941560.655","38204.5","-451120.938"
"3_20_2_150_14.csv","2004/1/2","2007/12/31","728593.25","535878.563","-192714.687","-0.111486428054","25","1979765.155","-1941560.655","38204.5","-451120.938"
"3_20_2_150_16.csv","2004/1/2","2007/12/31","728593.25","535878.563","-192714.687","-0.111486428054","25","1979765.155","-1941560.655","38204.5","-451120.938"
"3_20_2_150_18.csv","2004/1/2","2007/12/31","728593.25","535878.563","-192714.687","-0.111486428054","25","1979765.155","-1941560.655","38204.5","-451120.938"
"3_20_2_150_20.csv","2004/1/2","2007/12/31","728593.25","535878.563","-192714.687","-0.111486428054","25","1979765.155","-1941560.655","38204.5","-451120.938"
"3_20_2_150_4.csv","2004/1/2","2007/12/31","728593.25","535878.563","-192714.687","-0.111486428054","25","1979765.155","-1941560.655","38204.5","-451120.938"
"3_20_2_150_6.csv","2004/1/2","2007/12/31","728593.25","535878.563","-192714.687","-0.111486428054","25","1979765.155","-1941560.655","38204.5","-451120.938"
"3_20_2_150_8.csv","2004/1/2","2007/12/31","728593.25","535878.563","-192714.687","-0.111486428054","25","1979765.155","-1941560.655","38204.5","-451120.938"
"2_60_1.5_50_8.csv","2004/1/2","2007/12/31","1153798.625","2538506.0","1384707.375","0.64291403984","9","18225647.245","-16554573.808","1671073.437","-908808.0"
"2_60_1.5_75_8.csv","2004/1/2","2007/12/31","1079529.75","2416488.75","1336959.0","0.642914101133","9","17597176.336","-15983725.961","1613450.375","-877469.75"
"2_60_1.5_125_8.csv","2004/1/2","2007/12/31","79777.633","773981.625","694203.992","0.642913847059","9","9137177.042","-8299407.401","837769.641","-455618.375"
"2_60_1.5_100_8.csv","2004/1/2","2007/12/31","330616.844","1186089.0","855472.156","0.642913968704","9","11259803.232","-10227414.232","1032389.0","-561461.5"
"2_20_1.25_75_4.csv","2004/1/2","2007/12/31","2940957.75","6330061.5","3389103.75","0.859969572117","22","24411072.125","-20503225.625","3907846.5","-1701973.75"
"2_60_1_50_6.csv","2004/1/2","2007/12/31","2369686.5","4750252.5","2380566.0","0.706465126652","14","27886775.999","-25070226.749","2816549.25","-1837691.0"
"2_60_1_75_6.csv","2004/1/2","2007/12/31","2369686.5","4750252.5","2380566.0","0.706465126652","14","27886775.999","-25070226.749","2816549.25","-1837691.0"
"1_20_2_100_10.csv","2004/1/2","2007/12/31","1055362.25","730005.0","-325357.25","-0.158296791721","26","2385159.438","-2444914.938","-59755.5","-621408.687"
"1_20_2_100_12.csv","2004/1/2","2007/12/31","1055362.25","730005.0","-325357.25","-0.158296791721","26","2385159.438","-2444914.938","-59755.5","-621408.687"
"1_20_2_100_14.csv","2004/1/2","2007/12/31","1055362.25","730005.0","-325357.25","-0.158296791721","26","2385159.438","-2444914.938","-59755.5","-621408.687"
"1_20_2_100_16.csv","2004/1/2","2007/12/31","1055362.25","730005.0","-325357.25","-0.158296791721","26","2385159.438","-2444914.938","-59755.5","-621408.687"
"1_20_2_100_18.csv","2004/1/2","2007/12/31","1055362.25","730005.0","-325357.25","-0.158296791721","26","2385159.438","-2444914.938","-59755.5","-621408.687"
"1_20_2_100_20.csv","2004/1/2","2007/12/31","1055362.25","730005.0","-325357.25","-0.158296791721","26","2385159.438","-2444914.938","-59755.5","-621408.687"
"1_20_2_100_4.csv","2004/1/2","2007/12/31","1055362.25","730005.0","-325357.25","-0.158296791721","26","2385159.438","-2444914.938","-59755.5","-621408.687"
"1_20_2_100_6.csv","2004/1/2","2007/12/31","1055362.25","730005.0","-325357.25","-0.158296791721","26","2385159.438","-2444914.938","-59755.5","-621408.687"
"1_20_2_100_8.csv","2004/1/2","2007/12/31","1055362.25","730005.0","-325357.25","-0.158296791721","26","2385159.438","-2444914.938","-59755.5","-621408.687"
"3_20_2_100_10.csv","2004/1/2","2007/12/31","1055362.25","730005.0","-325357.25","-0.158296791721","26","2385159.438","-2444914.938","-59755.5","-621408.687"
"3_20_2_100_12.csv","2004/1/2","2007/12/31","1055362.25","730005.0","-325357.25","-0.158296791721","26","2385159.438","-2444914.938","-59755.5","-621408.687"
"3_20_2_100_14.csv","2004/1/2","2007/12/31","1055362.25","730005.0","-325357.25","-0.158296791721","26","2385159.438","-2444914.938","-59755.5","-621408.687"
"3_20_2_100_16.csv","2004/1/2","2007/12/31","1055362.25","730005.0","-325357.25","-0.158296791721","26","2385159.438","-2444914.938","-59755.5","-621408.687"
"3_20_2_100_18.csv","2004/1/2","2007/12/31","1055362.25","730005.0","-325357.25","-0.158296791721","26","2385159.438","-2444914.938","-59755.5","-621408.687"
"3_20_2_100_20.csv","2004/1/2","2007/12/31","1055362.25","730005.0","-325357.25","-0.158296791721","26","2385159.438","-2444914.938","-59755.5","-621408.687"
"3_20_2_100_4.csv","2004/1/2","2007/12/31","1055362.25","730005.0","-325357.25","-0.158296791721","26","2385159.438","-2444914.938","-59755.5","-621408.687"
"3_20_2_100_6.csv","2004/1/2","2007/12/31","1055362.25","730005.0","-325357.25","-0.158296791721","26","2385159.438","-2444914.938","-59755.5","-621408.687"
"3_20_2_100_8.csv","2004/1/2","2007/12/31","1055362.25","730005.0","-325357.25","-0.158296791721","26","2385159.438","-2444914.938","-59755.5","-621408.687"
"2_80_1.25_100_8.csv","2004/1/2","2007/12/31","-43969.742","262924.031","306893.773","0.321008430886","8","7462779.048","-7032921.923","429857.125","-707638.485"
"2_80_1.25_125_8.csv","2004/1/2","2007/12/31","-67382.695","231995.344","299378.039","0.32100845373","8","7280017.706","-6860687.674","419330.032","-690308.594"
"2_80_1.25_100_12.csv","2004/1/2","2007/12/31","6940.094","190475.406","183535.312","0.182270338716","8","8035369.34","-7722322.746","313046.594","-739289.469"
"2_80_1.25_50_8.csv","2004/1/2","2007/12/31","532360.5","1024261.25","491900.75","0.321008502895","8","11961617.163","-11272626.288","688990.875","-1134229.016"
"2_80_1.25_75_8.csv","2004/1/2","2007/12/31","532360.5","1024261.25","491900.75","0.321008502895","8","11961617.163","-11272626.288","688990.875","-1134229.016"
"2_80_1.25_125_12.csv","2004/1/2","2007/12/31","-17719.605","161321.0","179040.605","0.182270363851","8","7838585.064","-7533204.892","305380.172","-721184.391"
"2_80_1.25_125_10.csv","2004/1/2","2007/12/31","40216.461","229817.063","189600.602","0.182270334213","8","8300913.878","-7977522.057","323391.821","-763720.751"
"2_80_1.25_50_12.csv","2004/1/2","2007/12/31","613960.875","908138.063","294177.188","0.182270334155","8","12879386.723","-12377624.098","501762.625","-1184960.406"
"2_80_1.25_75_12.csv","2004/1/2","2007/12/31","613960.875","908138.063","294177.188","0.182270334155","8","12879386.723","-12377624.098","501762.625","-1184960.406"
"2_80_1.25_50_10.csv","2004/1/2","2007/12/31","709154.125","1020682.25","311528.125","0.182270352593","8","13639029.211","-13107672.024","531357.187","-1254850.922"
"2_80_1.25_75_10.csv","2004/1/2","2007/12/31","709154.125","1020682.25","311528.125","0.182270352593","8","13639029.211","-13107672.024","531357.187","-1254850.922"
"2_80_1.25_100_10.csv","2004/1/2","2007/12/31","66330.672","260691.156","194360.484","0.182270368005","8","8509305.294","-8177794.825","331510.469","-782893.625"
"2_60_1.5_200_4.csv","2004/1/2","2007/12/31","428261.188","2078392.5","1650131.312","1.15534282235","5","10318332.07","-8484748.804","1833583.266","-790635.0"
"2_100_1.25_225_4.csv","2004/1/2","2007/12/31","-356323.875","-42810.906","313512.969","0.48706633169","13","3443922.114","-3048316.707","395605.407","-327223.688"
"2_60_1.5_150_4.csv","2004/1/2","2007/12/31","306958.625","1660700.5","1353741.875","1.03579550959","9","10318447.403","-8798865.137","1519582.266","-683357.75"
"2_60_1.5_175_4.csv","2004/1/2","2007/12/31","434958.813","2069023.875","1634065.062","1.13875398178","7","11003217.95","-9187070.559","1816147.391","-788228.875"
"2_100_0.75_225_4.csv","2004/1/2","2007/12/31","-221382.391","82485.906","303868.297","0.390266407396","9","6318011.458","-5915613.052","402398.406","-624088.031"
"2_100_0.75_200_4.csv","2004/1/2","2007/12/31","-245892.469","48410.375","294302.844","0.390266416793","9","6119126.268","-5729394.955","389731.313","-604442.313"
"2_40_1.5_125_4.csv","2004/1/2","2007/12/31","2601384.75","7711814.5","5110429.75","1.41901799023","12","23095787.375","-17530064.125","5565723.25","-1397093.5"
"1_20_2_225_10.csv","2004/1/2","2007/12/31","373841.531","280833.438","-93008.093","-0.0676992876553","23","1568374.296","-1488387.421","79986.875","-286344.734"
"1_20_2_225_12.csv","2004/1/2","2007/12/31","373841.531","280833.438","-93008.093","-0.0676992876553","23","1568374.296","-1488387.421","79986.875","-286344.734"
"1_20_2_225_14.csv","2004/1/2","2007/12/31","373841.531","280833.438","-93008.093","-0.0676992876553","23","1568374.296","-1488387.421","79986.875","-286344.734"
"1_20_2_225_16.csv","2004/1/2","2007/12/31","373841.531","280833.438","-93008.093","-0.0676992876553","23","1568374.296","-1488387.421","79986.875","-286344.734"
"1_20_2_225_18.csv","2004/1/2","2007/12/31","373841.531","280833.438","-93008.093","-0.0676992876553","23","1568374.296","-1488387.421","79986.875","-286344.734"
"1_20_2_225_20.csv","2004/1/2","2007/12/31","373841.531","280833.438","-93008.093","-0.0676992876553","23","1568374.296","-1488387.421","79986.875","-286344.734"
"1_20_2_225_4.csv","2004/1/2","2007/12/31","373841.531","280833.438","-93008.093","-0.0676992876553","23","1568374.296","-1488387.421","79986.875","-286344.734"
"1_20_2_225_6.csv","2004/1/2","2007/12/31","373841.531","280833.438","-93008.093","-0.0676992876553","23","1568374.296","-1488387.421","79986.875","-286344.734"
"1_20_2_225_8.csv","2004/1/2","2007/12/31","373841.531","280833.438","-93008.093","-0.0676992876553","23","1568374.296","-1488387.421","79986.875","-286344.734"
"3_20_2_225_10.csv","2004/1/2","2007/12/31","373841.531","280833.438","-93008.093","-0.0676992876553","23","1568374.296","-1488387.421","79986.875","-286344.734"
"3_20_2_225_12.csv","2004/1/2","2007/12/31","373841.531","280833.438","-93008.093","-0.0676992876553","23","1568374.296","-1488387.421","79986.875","-286344.734"
"3_20_2_225_14.csv","2004/1/2","2007/12/31","373841.531","280833.438","-93008.093","-0.0676992876553","23","1568374.296","-1488387.421","79986.875","-286344.734"
"3_20_2_225_16.csv","2004/1/2","2007/12/31","373841.531","280833.438","-93008.093","-0.0676992876553","23","1568374.296","-1488387.421","79986.875","-286344.734"
"3_20_2_225_18.csv","2004/1/2","2007/12/31","373841.531","280833.438","-93008.093","-0.0676992876553","23","1568374.296","-1488387.421","79986.875","-286344.734"
"3_20_2_225_20.csv","2004/1/2","2007/12/31","373841.531","280833.438","-93008.093","-0.0676992876553","23","1568374.296","-1488387.421","79986.875","-286344.734"
"3_20_2_225_4.csv","2004/1/2","2007/12/31","373841.531","280833.438","-93008.093","-0.0676992876553","23","1568374.296","-1488387.421","79986.875","-286344.734"
"3_20_2_225_6.csv","2004/1/2","2007/12/31","373841.531","280833.438","-93008.093","-0.0676992876553","23","1568374.296","-1488387.421","79986.875","-286344.734"
"3_20_2_225_8.csv","2004/1/2","2007/12/31","373841.531","280833.438","-93008.093","-0.0676992876553","23","1568374.296","-1488387.421","79986.875","-286344.734"
"1_20_2_200_10.csv","2004/1/2","2007/12/31","620194.875","510508.75","-109686.125","-0.0676993407969","23","1849610.622","-1755280.935","94329.687","-337691.281"
"1_20_2_200_12.csv","2004/1/2","2007/12/31","620194.875","510508.75","-109686.125","-0.0676993407969","23","1849610.622","-1755280.935","94329.687","-337691.281"
"1_20_2_200_14.csv","2004/1/2","2007/12/31","620194.875","510508.75","-109686.125","-0.0676993407969","23","1849610.622","-1755280.935","94329.687","-337691.281"
"1_20_2_200_16.csv","2004/1/2","2007/12/31","620194.875","510508.75","-109686.125","-0.0676993407969","23","1849610.622","-1755280.935","94329.687","-337691.281"
"1_20_2_200_18.csv","2004/1/2","2007/12/31","620194.875","510508.75","-109686.125","-0.0676993407969","23","1849610.622","-1755280.935","94329.687","-337691.281"
"1_20_2_200_20.csv","2004/1/2","2007/12/31","620194.875","510508.75","-109686.125","-0.0676993407969","23","1849610.622","-1755280.935","94329.687","-337691.281"
"1_20_2_200_4.csv","2004/1/2","2007/12/31","620194.875","510508.75","-109686.125","-0.0676993407969","23","1849610.622","-1755280.935","94329.687","-337691.281"
"1_20_2_200_6.csv","2004/1/2","2007/12/31","620194.875","510508.75","-109686.125","-0.0676993407969","23","1849610.622","-1755280.935","94329.687","-337691.281"
"1_20_2_200_8.csv","2004/1/2","2007/12/31","620194.875","510508.75","-109686.125","-0.0676993407969","23","1849610.622","-1755280.935","94329.687","-337691.281"
"3_20_2_200_10.csv","2004/1/2","2007/12/31","620194.875","510508.75","-109686.125","-0.0676993407969","23","1849610.622","-1755280.935","94329.687","-337691.281"
"3_20_2_200_12.csv","2004/1/2","2007/12/31","620194.875","510508.75","-109686.125","-0.0676993407969","23","1849610.622","-1755280.935","94329.687","-337691.281"
"3_20_2_200_14.csv","2004/1/2","2007/12/31","620194.875","510508.75","-109686.125","-0.0676993407969","23","1849610.622","-1755280.935","94329.687","-337691.281"
"3_20_2_200_16.csv","2004/1/2","2007/12/31","620194.875","510508.75","-109686.125","-0.0676993407969","23","1849610.622","-1755280.935","94329.687","-337691.281"
"3_20_2_200_18.csv","2004/1/2","2007/12/31","620194.875","510508.75","-109686.125","-0.0676993407969","23","1849610.622","-1755280.935","94329.687","-337691.281"
"3_20_2_200_20.csv","2004/1/2","2007/12/31","620194.875","510508.75","-109686.125","-0.0676993407969","23","1849610.622","-1755280.935","94329.687","-337691.281"
"3_20_2_200_4.csv","2004/1/2","2007/12/31","620194.875","510508.75","-109686.125","-0.0676993407969","23","1849610.622","-1755280.935","94329.687","-337691.281"
"3_20_2_200_6.csv","2004/1/2","2007/12/31","620194.875","510508.75","-109686.125","-0.0676993407969","23","1849610.622","-1755280.935","94329.687","-337691.281"
"3_20_2_200_8.csv","2004/1/2","2007/12/31","620194.875","510508.75","-109686.125","-0.0676993407969","23","1849610.622","-1755280.935","94329.687","-337691.281"
"2_20_1_125_4.csv","2004/1/2","2007/12/31","928684.563","2181011.0","1252326.437","0.649316358426","20","10685873.659","-9191105.284","1494768.375","-815443.609"
"2_20_1_225_4.csv","2004/1/2","2007/12/31","1368878.0","3640297.75","2271419.75","0.958858898601","18","13245454.124","-10679377.749","2566076.375","-1074893.5"
"2_80_0.75_125_4.csv","2004/1/2","2007/12/31","-87756.563","243957.344","331713.907","0.363624328272","12","7139731.23","-6695339.573","444391.657","-640497.25"
"2_80_0.75_100_4.csv","2004/1/2","2007/12/31","-356278.531","-153308.625","202969.906","0.315307032272","14","5140474.79","-4857994.227","282480.563","-464068.891"
"2_80_0.75_50_4.csv","2004/1/2","2007/12/31","-356278.531","-153308.625","202969.906","0.315307032272","14","5140474.79","-4857994.227","282480.563","-464068.891"
"2_80_0.75_75_4.csv","2004/1/2","2007/12/31","-356278.531","-153308.625","202969.906","0.315307032272","14","5140474.79","-4857994.227","282480.563","-464068.891"
"2_40_1.5_150_4.csv","2004/1/2","2007/12/31","2280033.0","6852665.0","4572632.0","1.39408109614","12","20594230.0","-15617114.75","4977115.25","-1259314.0"
"2_40_1.5_175_4.csv","2004/1/2","2007/12/31","1275855.0","4751096.0","3475241.0","1.5270045763","10","13714903.309","-9959011.184","3755892.125","-922290.0"
"2_20_1_175_4.csv","2004/1/2","2007/12/31","1325464.75","3066282.25","1740817.5","0.748589072356","19","12366059.626","-10343993.439","2022066.187","-941926.5"
"2_80_1.75_225_16.csv","2004/1/2","2007/12/31","-234837.641","245760.938","480598.579","0.628100132406","5","6064410.369","-5491428.275","572982.094","-372545.937"
"2_80_1.75_225_18.csv","2004/1/2","2007/12/31","-54799.508","538881.125","593680.633","0.628100215801","5","7491330.28","-6783528.858","707801.422","-460203.719"
"2_80_1.75_225_20.csv","2004/1/2","2007/12/31","-54799.508","538881.125","593680.633","0.628100215801","5","7491330.28","-6783528.858","707801.422","-460203.719"
"2_80_1.75_225_14.csv","2004/1/2","2007/12/31","-212229.563","282569.188","494798.751","0.628100177108","5","6243594.041","-5653682.165","589911.876","-383553.406"
"2_100_1.5_225_16.csv","2004/1/2","2007/12/31","-160531.484","223442.125","383973.609","0.457400845513","6","6850694.448","-6366813.573","483880.875","-439491.719"
"2_100_1.5_225_18.csv","2004/1/2","2007/12/31","-142670.391","249472.875","392143.266","0.457400819805","6","6996453.711","-6502277.539","494176.172","-448842.625"
"2_100_1.5_225_20.csv","2004/1/2","2007/12/31","-142670.391","249472.875","392143.266","0.457400819805","6","6996453.711","-6502277.539","494176.172","-448842.625"
"2_20_1.25_50_4.csv","2004/1/2","2007/12/31","3184154.0","6667748.5","3483594.5","0.832568423629","24","26271881.625","-22294377.875","3977503.75","-1961237.75"
"1_60_1_200_10.csv","2004/1/2","2007/12/31","813936.875","2633305.0","1819368.125","1.00299417806","18","11788171.811","-9755075.936","2033095.875","-873445.0"
"1_60_1_200_12.csv","2004/1/2","2007/12/31","813936.875","2633305.0","1819368.125","1.00299417806","18","11788171.811","-9755075.936","2033095.875","-873445.0"
"1_60_1_200_14.csv","2004/1/2","2007/12/31","813936.875","2633305.0","1819368.125","1.00299417806","18","11788171.811","-9755075.936","2033095.875","-873445.0"
"1_60_1_200_16.csv","2004/1/2","2007/12/31","813936.875","2633305.0","1819368.125","1.00299417806","18","11788171.811","-9755075.936","2033095.875","-873445.0"
"1_60_1_200_18.csv","2004/1/2","2007/12/31","813936.875","2633305.0","1819368.125","1.00299417806","18","11788171.811","-9755075.936","2033095.875","-873445.0"
"1_60_1_200_20.csv","2004/1/2","2007/12/31","813936.875","2633305.0","1819368.125","1.00299417806","18","11788171.811","-9755075.936","2033095.875","-873445.0"
"1_60_1_200_4.csv","2004/1/2","2007/12/31","813936.875","2633305.0","1819368.125","1.00299417806","18","11788171.811","-9755075.936","2033095.875","-873445.0"
"1_60_1_200_6.csv","2004/1/2","2007/12/31","813936.875","2633305.0","1819368.125","1.00299417806","18","11788171.811","-9755075.936","2033095.875","-873445.0"
"1_60_1_200_8.csv","2004/1/2","2007/12/31","813936.875","2633305.0","1819368.125","1.00299417806","18","11788171.811","-9755075.936","2033095.875","-873445.0"
"3_60_1_200_10.csv","2004/1/2","2007/12/31","813936.875","2633305.0","1819368.125","1.00299417806","18","11788171.811","-9755075.936","2033095.875","-873445.0"
"3_60_1_200_12.csv","2004/1/2","2007/12/31","813936.875","2633305.0","1819368.125","1.00299417806","18","11788171.811","-9755075.936","2033095.875","-873445.0"
"3_60_1_200_14.csv","2004/1/2","2007/12/31","813936.875","2633305.0","1819368.125","1.00299417806","18","11788171.811","-9755075.936","2033095.875","-873445.0"
"3_60_1_200_16.csv","2004/1/2","2007/12/31","813936.875","2633305.0","1819368.125","1.00299417806","18","11788171.811","-9755075.936","2033095.875","-873445.0"
"3_60_1_200_18.csv","2004/1/2","2007/12/31","813936.875","2633305.0","1819368.125","1.00299417806","18","11788171.811","-9755075.936","2033095.875","-873445.0"
"3_60_1_200_20.csv","2004/1/2","2007/12/31","813936.875","2633305.0","1819368.125","1.00299417806","18","11788171.811","-9755075.936","2033095.875","-873445.0"
"3_60_1_200_4.csv","2004/1/2","2007/12/31","813936.875","2633305.0","1819368.125","1.00299417806","18","11788171.811","-9755075.936","2033095.875","-873445.0"
"3_60_1_200_6.csv","2004/1/2","2007/12/31","813936.875","2633305.0","1819368.125","1.00299417806","18","11788171.811","-9755075.936","2033095.875","-873445.0"
"3_60_1_200_8.csv","2004/1/2","2007/12/31","813936.875","2633305.0","1819368.125","1.00299417806","18","11788171.811","-9755075.936","2033095.875","-873445.0"
"1_60_1_225_10.csv","2004/1/2","2007/12/31","1129022.0","3464761.5","2335739.5","1.09709505115","19","14514222.312","-11927630.25","2586592.062","-1073326.5"
"1_60_1_225_12.csv","2004/1/2","2007/12/31","1129022.0","3464761.5","2335739.5","1.09709505115","19","14514222.312","-11927630.25","2586592.062","-1073326.5"
"1_60_1_225_14.csv","2004/1/2","2007/12/31","1129022.0","3464761.5","2335739.5","1.09709505115","19","14514222.312","-11927630.25","2586592.062","-1073326.5"
"1_60_1_225_16.csv","2004/1/2","2007/12/31","1129022.0","3464761.5","2335739.5","1.09709505115","19","14514222.312","-11927630.25","2586592.062","-1073326.5"
"1_60_1_225_18.csv","2004/1/2","2007/12/31","1129022.0","3464761.5","2335739.5","1.09709505115","19","14514222.312","-11927630.25","2586592.062","-1073326.5"
"1_60_1_225_20.csv","2004/1/2","2007/12/31","1129022.0","3464761.5","2335739.5","1.09709505115","19","14514222.312","-11927630.25","2586592.062","-1073326.5"
"1_60_1_225_4.csv","2004/1/2","2007/12/31","1129022.0","3464761.5","2335739.5","1.09709505115","19","14514222.312","-11927630.25","2586592.062","-1073326.5"
"1_60_1_225_6.csv","2004/1/2","2007/12/31","1129022.0","3464761.5","2335739.5","1.09709505115","19","14514222.312","-11927630.25","2586592.062","-1073326.5"
"1_60_1_225_8.csv","2004/1/2","2007/12/31","1129022.0","3464761.5","2335739.5","1.09709505115","19","14514222.312","-11927630.25","2586592.062","-1073326.5"
"3_60_1_225_10.csv","2004/1/2","2007/12/31","1129022.0","3464761.5","2335739.5","1.09709505115","19","14514222.312","-11927630.25","2586592.062","-1073326.5"
"3_60_1_225_12.csv","2004/1/2","2007/12/31","1129022.0","3464761.5","2335739.5","1.09709505115","19","14514222.312","-11927630.25","2586592.062","-1073326.5"
"3_60_1_225_14.csv","2004/1/2","2007/12/31","1129022.0","3464761.5","2335739.5","1.09709505115","19","14514222.312","-11927630.25","2586592.062","-1073326.5"
"3_60_1_225_16.csv","2004/1/2","2007/12/31","1129022.0","3464761.5","2335739.5","1.09709505115","19","14514222.312","-11927630.25","2586592.062","-1073326.5"
"3_60_1_225_18.csv","2004/1/2","2007/12/31","1129022.0","3464761.5","2335739.5","1.09709505115","19","14514222.312","-11927630.25","2586592.062","-1073326.5"
"3_60_1_225_20.csv","2004/1/2","2007/12/31","1129022.0","3464761.5","2335739.5","1.09709505115","19","14514222.312","-11927630.25","2586592.062","-1073326.5"
"3_60_1_225_4.csv","2004/1/2","2007/12/31","1129022.0","3464761.5","2335739.5","1.09709505115","19","14514222.312","-11927630.25","2586592.062","-1073326.5"
"3_60_1_225_6.csv","2004/1/2","2007/12/31","1129022.0","3464761.5","2335739.5","1.09709505115","19","14514222.312","-11927630.25","2586592.062","-1073326.5"
"3_60_1_225_8.csv","2004/1/2","2007/12/31","1129022.0","3464761.5","2335739.5","1.09709505115","19","14514222.312","-11927630.25","2586592.062","-1073326.5"
"2_60_1.25_175_14.csv","2004/1/2","2007/12/31","82415.164","1425129.75","1342714.586","1.24048020635","5","10058306.349","-8592347.411","1465958.938","-622855.25"
"2_60_1.25_175_16.csv","2004/1/2","2007/12/31","82415.164","1425129.75","1342714.586","1.24048020635","5","10058306.349","-8592347.411","1465958.938","-622855.25"
"2_60_1.25_175_18.csv","2004/1/2","2007/12/31","82415.164","1425129.75","1342714.586","1.24048020635","5","10058306.349","-8592347.411","1465958.938","-622855.25"
"2_60_1.25_175_20.csv","2004/1/2","2007/12/31","82415.164","1425129.75","1342714.586","1.24048020635","5","10058306.349","-8592347.411","1465958.938","-622855.25"
"2_20_1_150_4.csv","2004/1/2","2007/12/31","880339.0","2041392.75","1161053.75","0.617470440171","21","10057317.376","-8682492.751","1374824.625","-737476.086"
"2_100_1.5_175_14.csv","2004/1/2","2007/12/31","-281625.188","46960.156","328585.344","0.45740098137","6","5878951.347","-5469401.41","409549.937","-364736.625"
"2_100_1.5_200_14.csv","2004/1/2","2007/12/31","-247822.734","96223.875","344046.609","0.457400967234","6","6155580.222","-5726759.347","428820.875","-381899.0"
"2_100_1.5_100_14.csv","2004/1/2","2007/12/31","-25971.135","363881.938","389853.073","0.400247966984","7","7842774.733","-7343143.576","499631.157","-519274.516"
"2_100_1.5_125_14.csv","2004/1/2","2007/12/31","-25971.135","363881.938","389853.073","0.400247966984","7","7842774.733","-7343143.576","499631.157","-519274.516"
"2_100_1.5_50_14.csv","2004/1/2","2007/12/31","-25971.135","363881.938","389853.073","0.400247966984","7","7842774.733","-7343143.576","499631.157","-519274.516"
"2_100_1.5_75_14.csv","2004/1/2","2007/12/31","-25971.135","363881.938","389853.073","0.400247966984","7","7842774.733","-7343143.576","499631.157","-519274.516"
"2_100_1.5_150_14.csv","2004/1/2","2007/12/31","-115941.586","237901.0","353842.586","0.400247970492","7","7118341.527","-6664860.996","453480.531","-471309.407"
"2_20_1.75_50_6.csv","2004/1/2","2007/12/31","985373.5","2480576.5","1495203.0","0.753109175679","19","11139887.116","-9422969.741","1716917.375","-743171.219"
"2_20_1_100_4.csv","2004/1/2","2007/12/31","1954705.0","3843090.5","1888385.5","0.639111349526","20","16455154.749","-14238594.999","2216559.75","-1298632.312"
"2_80_1.5_175_10.csv","2004/1/2","2007/12/31","-321633.313","-50994.969","270638.344","0.398955829032","6","5198849.985","-4853498.141","345351.844","-326011.407"
"2_80_1.75_200_8.csv","2004/1/2","2007/12/31","-392527.188","8229.537","400756.725","0.659711376515","6","4384246.752","-3916715.027","467531.725","-367730.219"
"2_80_1.75_50_8.csv","2004/1/2","2007/12/31","87036.18","733414.625","646378.445","0.59462459198","7","7743669.872","-6980030.786","763639.086","-689936.516"
"2_80_1.75_75_8.csv","2004/1/2","2007/12/31","87036.18","733414.625","646378.445","0.59462459198","7","7743669.872","-6980030.786","763639.086","-689936.516"
"2_80_1.75_125_8.csv","2004/1/2","2007/12/31","-268896.0","165836.406","434732.406","0.594624575984","7","5208132.046","-4694534.077","513597.969","-464028.156"
"2_80_1.75_175_8.csv","2004/1/2","2007/12/31","-344672.875","87653.891","432326.766","0.659711386126","6","4748435.985","-4245417.875","503018.11","-396698.5"
"2_80_1.75_100_8.csv","2004/1/2","2007/12/31","-121119.789","401484.031","522603.82","0.594624629681","7","6260839.299","-5643429.065","617410.234","-557821.032"
"2_80_1.75_150_8.csv","2004/1/2","2007/12/31","-391516.188","-29696.629","361819.559","0.594624790117","7","4334629.999","-3907172.222","427457.777","-386201.906"
"2_60_1_225_14.csv","2004/1/2","2007/12/31","112684.375","1568566.375","1455882.0","1.30844112914","6","10520457.58","-8947906.017","1572551.563","-659694.375"
"2_60_1_225_16.csv","2004/1/2","2007/12/31","112684.375","1568566.375","1455882.0","1.30844112914","6","10520457.58","-8947906.017","1572551.563","-659694.375"
"2_60_1_225_18.csv","2004/1/2","2007/12/31","112684.375","1568566.375","1455882.0","1.30844112914","6","10520457.58","-8947906.017","1572551.563","-659694.375"
"2_60_1_225_20.csv","2004/1/2","2007/12/31","112684.375","1568566.375","1455882.0","1.30844112914","6","10520457.58","-8947906.017","1572551.563","-659694.375"
"2_60_1_200_14.csv","2004/1/2","2007/12/31","-87876.406","991948.688","1079825.094","1.18385830725","6","8224309.901","-7048844.9","1175465.001","-511599.687"
"2_60_1_200_16.csv","2004/1/2","2007/12/31","-87876.406","991948.688","1079825.094","1.18385830725","6","8224309.901","-7048844.9","1175465.001","-511599.687"
"2_60_1_200_18.csv","2004/1/2","2007/12/31","-87876.406","991948.688","1079825.094","1.18385830725","6","8224309.901","-7048844.9","1175465.001","-511599.687"
"2_60_1_200_20.csv","2004/1/2","2007/12/31","-87876.406","991948.688","1079825.094","1.18385830725","6","8224309.901","-7048844.9","1175465.001","-511599.687"
"2_60_1.25_50_14.csv","2004/1/2","2007/12/31","1733560.25","4017544.0","2283983.75","0.835534446332","8","25318395.311","-22748835.061","2569560.25","-1288674.5"
"2_60_1.25_50_16.csv","2004/1/2","2007/12/31","1733560.25","4017544.0","2283983.75","0.835534446332","8","25318395.311","-22748835.061","2569560.25","-1288674.5"
"2_60_1.25_50_18.csv","2004/1/2","2007/12/31","1733560.25","4017544.0","2283983.75","0.835534446332","8","25318395.311","-22748835.061","2569560.25","-1288674.5"
"2_60_1.25_50_20.csv","2004/1/2","2007/12/31","1733560.25","4017544.0","2283983.75","0.835534446332","8","25318395.311","-22748835.061","2569560.25","-1288674.5"
"2_60_1.25_75_14.csv","2004/1/2","2007/12/31","1733560.25","4017544.0","2283983.75","0.835534446332","8","25318395.311","-22748835.061","2569560.25","-1288674.5"
"2_60_1.25_75_16.csv","2004/1/2","2007/12/31","1733560.25","4017544.0","2283983.75","0.835534446332","8","25318395.311","-22748835.061","2569560.25","-1288674.5"
"2_60_1.25_75_18.csv","2004/1/2","2007/12/31","1733560.25","4017544.0","2283983.75","0.835534446332","8","25318395.311","-22748835.061","2569560.25","-1288674.5"
"2_60_1.25_75_20.csv","2004/1/2","2007/12/31","1733560.25","4017544.0","2283983.75","0.835534446332","8","25318395.311","-22748835.061","2569560.25","-1288674.5"
"2_60_1.25_125_14.csv","2004/1/2","2007/12/31","53110.93","1050552.75","997441.82","0.947138417792","7","10002972.287","-8895511.412","1107460.875","-526651.0"
"2_60_1.25_125_16.csv","2004/1/2","2007/12/31","53110.93","1050552.75","997441.82","0.947138417792","7","10002972.287","-8895511.412","1107460.875","-526651.0"
"2_60_1.25_125_18.csv","2004/1/2","2007/12/31","53110.93","1050552.75","997441.82","0.947138417792","7","10002972.287","-8895511.412","1107460.875","-526651.0"
"2_60_1.25_125_20.csv","2004/1/2","2007/12/31","53110.93","1050552.75","997441.82","0.947138417792","7","10002972.287","-8895511.412","1107460.875","-526651.0"
"2_60_1.25_100_14.csv","2004/1/2","2007/12/31","776399.625","2260642.5","1484242.875","0.835534332541","8","16453114.085","-14783289.835","1669824.25","-837443.0"
"2_60_1.25_100_16.csv","2004/1/2","2007/12/31","776399.625","2260642.5","1484242.875","0.835534332541","8","16453114.085","-14783289.835","1669824.25","-837443.0"
"2_60_1.25_100_18.csv","2004/1/2","2007/12/31","776399.625","2260642.5","1484242.875","0.835534332541","8","16453114.085","-14783289.835","1669824.25","-837443.0"
"2_60_1.25_100_20.csv","2004/1/2","2007/12/31","776399.625","2260642.5","1484242.875","0.835534332541","8","16453114.085","-14783289.835","1669824.25","-837443.0"
"2_80_1.75_200_4.csv","2004/1/2","2007/12/31","-165430.625","314983.281","480413.906","0.575642864921","9","4194686.9","-3627320.931","567365.969","-336117.561"
"2_80_1.75_50_4.csv","2004/1/2","2007/12/31","696538.0","1568309.0","871771.0","0.51385291694","10","8398632.796","-7353604.546","1045028.25","-734118.422"
"2_80_1.75_75_4.csv","2004/1/2","2007/12/31","696538.0","1568309.0","871771.0","0.51385291694","10","8398632.796","-7353604.546","1045028.25","-734118.422"
"2_80_1.75_150_4.csv","2004/1/2","2007/12/31","-137928.672","305049.25","442977.922","0.513852981316","10","4267643.688","-3736627.641","531016.047","-373031.646"
"2_80_1.75_125_4.csv","2004/1/2","2007/12/31","141034.438","727358.375","586323.937","0.513852971894","10","5648637.667","-4945786.808","702850.859","-493743.359"
"2_80_1.75_175_4.csv","2004/1/2","2007/12/31","-81822.531","446719.813","528542.344","0.5756429033","9","4641447.512","-4019137.277","622310.235","-369790.141"
"2_80_1.75_100_4.csv","2004/1/2","2007/12/31","371668.938","1076505.25","704836.312","0.513853082529","10","6790383.21","-5945466.679","844916.531","-593542.547"
"2_80_0.75_125_10.csv","2004/1/2","2007/12/31","154426.969","673147.063","518720.094","0.449331233529","9","10178000.714","-9549237.534","628763.18","-772831.438"
"2_80_0.75_125_12.csv","2004/1/2","2007/12/31","154426.969","673147.063","518720.094","0.449331233529","9","10178000.714","-9549237.534","628763.18","-772831.438"
"2_80_0.75_125_14.csv","2004/1/2","2007/12/31","154426.969","673147.063","518720.094","0.449331233529","9","10178000.714","-9549237.534","628763.18","-772831.438"
"2_80_0.75_125_16.csv","2004/1/2","2007/12/31","154426.969","673147.063","518720.094","0.449331233529","9","10178000.714","-9549237.534","628763.18","-772831.438"
"2_80_0.75_125_18.csv","2004/1/2","2007/12/31","154426.969","673147.063","518720.094","0.449331233529","9","10178000.714","-9549237.534","628763.18","-772831.438"
"2_80_0.75_125_20.csv","2004/1/2","2007/12/31","154426.969","673147.063","518720.094","0.449331233529","9","10178000.714","-9549237.534","628763.18","-772831.438"
"2_80_0.75_125_8.csv","2004/1/2","2007/12/31","154426.969","673147.063","518720.094","0.449331233529","9","10178000.714","-9549237.534","628763.18","-772831.438"
"2_80_0.75_100_10.csv","2004/1/2","2007/12/31","54802.047","474589.125","419787.078","0.397977117312","11","9182373.172","-8662039.547","520333.625","-727218.251"
"2_80_0.75_100_12.csv","2004/1/2","2007/12/31","54802.047","474589.125","419787.078","0.397977117312","11","9182373.172","-8662039.547","520333.625","-727218.251"
"2_80_0.75_100_14.csv","2004/1/2","2007/12/31","54802.047","474589.125","419787.078","0.397977117312","11","9182373.172","-8662039.547","520333.625","-727218.251"
"2_80_0.75_100_16.csv","2004/1/2","2007/12/31","54802.047","474589.125","419787.078","0.397977117312","11","9182373.172","-8662039.547","520333.625","-727218.251"
"2_80_0.75_100_18.csv","2004/1/2","2007/12/31","54802.047","474589.125","419787.078","0.397977117312","11","9182373.172","-8662039.547","520333.625","-727218.251"
"2_80_0.75_100_20.csv","2004/1/2","2007/12/31","54802.047","474589.125","419787.078","0.397977117312","11","9182373.172","-8662039.547","520333.625","-727218.251"
"2_80_0.75_100_8.csv","2004/1/2","2007/12/31","54802.047","474589.125","419787.078","0.397977117312","11","9182373.172","-8662039.547","520333.625","-727218.251"
"2_80_0.75_50_10.csv","2004/1/2","2007/12/31","54802.047","474589.125","419787.078","0.397977117312","11","9182373.172","-8662039.547","520333.625","-727218.251"
"2_80_0.75_50_12.csv","2004/1/2","2007/12/31","54802.047","474589.125","419787.078","0.397977117312","11","9182373.172","-8662039.547","520333.625","-727218.251"
"2_80_0.75_50_14.csv","2004/1/2","2007/12/31","54802.047","474589.125","419787.078","0.397977117312","11","9182373.172","-8662039.547","520333.625","-727218.251"
"2_80_0.75_50_16.csv","2004/1/2","2007/12/31","54802.047","474589.125","419787.078","0.397977117312","11","9182373.172","-8662039.547","520333.625","-727218.251"
"2_80_0.75_50_18.csv","2004/1/2","2007/12/31","54802.047","474589.125","419787.078","0.397977117312","11","9182373.172","-8662039.547","520333.625","-727218.251"
"2_80_0.75_50_20.csv","2004/1/2","2007/12/31","54802.047","474589.125","419787.078","0.397977117312","11","9182373.172","-8662039.547","520333.625","-727218.251"
"2_80_0.75_50_8.csv","2004/1/2","2007/12/31","54802.047","474589.125","419787.078","0.397977117312","11","9182373.172","-8662039.547","520333.625","-727218.251"
"2_80_0.75_75_10.csv","2004/1/2","2007/12/31","54802.047","474589.125","419787.078","0.397977117312","11","9182373.172","-8662039.547","520333.625","-727218.251"
"2_80_0.75_75_12.csv","2004/1/2","2007/12/31","54802.047","474589.125","419787.078","0.397977117312","11","9182373.172","-8662039.547","520333.625","-727218.251"
"2_80_0.75_75_14.csv","2004/1/2","2007/12/31","54802.047","474589.125","419787.078","0.397977117312","11","9182373.172","-8662039.547","520333.625","-727218.251"
"2_80_0.75_75_16.csv","2004/1/2","2007/12/31","54802.047","474589.125","419787.078","0.397977117312","11","9182373.172","-8662039.547","520333.625","-727218.251"
"2_80_0.75_75_18.csv","2004/1/2","2007/12/31","54802.047","474589.125","419787.078","0.397977117312","11","9182373.172","-8662039.547","520333.625","-727218.251"
"2_80_0.75_75_20.csv","2004/1/2","2007/12/31","54802.047","474589.125","419787.078","0.397977117312","11","9182373.172","-8662039.547","520333.625","-727218.251"
"2_80_0.75_75_8.csv","2004/1/2","2007/12/31","54802.047","474589.125","419787.078","0.397977117312","11","9182373.172","-8662039.547","520333.625","-727218.251"
"2_80_1.5_175_14.csv","2004/1/2","2007/12/31","-161443.063","173104.094","334547.157","0.398955803999","6","6670066.676","-6255999.223","414067.453","-502580.204"
"2_60_1_150_14.csv","2004/1/2","2007/12/31","483448.75","2150086.0","1666637.25","1.12348825667","8","14390512.932","-12584529.213","1805983.719","-809048.0"
"2_60_1_150_16.csv","2004/1/2","2007/12/31","483448.75","2150086.0","1666637.25","1.12348825667","8","14390512.932","-12584529.213","1805983.719","-809048.0"
"2_60_1_150_18.csv","2004/1/2","2007/12/31","483448.75","2150086.0","1666637.25","1.12348825667","8","14390512.932","-12584529.213","1805983.719","-809048.0"
"2_60_1_150_20.csv","2004/1/2","2007/12/31","483448.75","2150086.0","1666637.25","1.12348825667","8","14390512.932","-12584529.213","1805983.719","-809048.0"
"2_120_1.5_100_4.csv","2004/1/2","2007/12/31","541069.25","1692939.75","1151870.5","0.747448889789","9","8100563.77","-6804243.551","1296320.219","-743224.844"
"2_120_1.5_125_4.csv","2004/1/2","2007/12/31","541069.25","1692939.75","1151870.5","0.747448889789","9","8100563.77","-6804243.551","1296320.219","-743224.844"
"2_120_1.5_50_4.csv","2004/1/2","2007/12/31","541069.25","1692939.75","1151870.5","0.747448889789","9","8100563.77","-6804243.551","1296320.219","-743224.844"
"2_120_1.5_75_4.csv","2004/1/2","2007/12/31","541069.25","1692939.75","1151870.5","0.747448889789","9","8100563.77","-6804243.551","1296320.219","-743224.844"
"2_120_1.5_225_4.csv","2004/1/2","2007/12/31","218898.75","1129963.125","911064.375","0.747448772919","9","6407087.987","-5381772.081","1025315.906","-587848.969"
"2_120_1.5_200_4.csv","2004/1/2","2007/12/31","31230.938","802023.313","770792.375","0.747448846419","9","5420620.399","-4553167.266","867453.133","-497340.766"
"2_120_1.5_175_4.csv","2004/1/2","2007/12/31","261393.656","1204220.875","942827.219","0.747448835275","9","6630460.985","-5569399.094","1061061.891","-608343.344"
"2_120_1.5_150_4.csv","2004/1/2","2007/12/31","474356.0","1576361.75","1102005.75","0.747448886158","9","7749889.041","-6509687.041","1240202.0","-711050.75"
"1_20_2_125_10.csv","2004/1/2","2007/12/31","747873.688","498062.094","-249811.594","-0.142923138963","25","1914583.186","-2001756.592","-87173.406","-528443.812"
"1_20_2_125_12.csv","2004/1/2","2007/12/31","747873.688","498062.094","-249811.594","-0.142923138963","25","1914583.186","-2001756.592","-87173.406","-528443.812"
"1_20_2_125_14.csv","2004/1/2","2007/12/31","747873.688","498062.094","-249811.594","-0.142923138963","25","1914583.186","-2001756.592","-87173.406","-528443.812"
"1_20_2_125_16.csv","2004/1/2","2007/12/31","747873.688","498062.094","-249811.594","-0.142923138963","25","1914583.186","-2001756.592","-87173.406","-528443.812"
"1_20_2_125_18.csv","2004/1/2","2007/12/31","747873.688","498062.094","-249811.594","-0.142923138963","25","1914583.186","-2001756.592","-87173.406","-528443.812"
"1_20_2_125_20.csv","2004/1/2","2007/12/31","747873.688","498062.094","-249811.594","-0.142923138963","25","1914583.186","-2001756.592","-87173.406","-528443.812"
"1_20_2_125_4.csv","2004/1/2","2007/12/31","747873.688","498062.094","-249811.594","-0.142923138963","25","1914583.186","-2001756.592","-87173.406","-528443.812"
"1_20_2_125_6.csv","2004/1/2","2007/12/31","747873.688","498062.094","-249811.594","-0.142923138963","25","1914583.186","-2001756.592","-87173.406","-528443.812"
"1_20_2_125_8.csv","2004/1/2","2007/12/31","747873.688","498062.094","-249811.594","-0.142923138963","25","1914583.186","-2001756.592","-87173.406","-528443.812"
"3_20_2_125_10.csv","2004/1/2","2007/12/31","747873.688","498062.094","-249811.594","-0.142923138963","25","1914583.186","-2001756.592","-87173.406","-528443.812"
"3_20_2_125_12.csv","2004/1/2","2007/12/31","747873.688","498062.094","-249811.594","-0.142923138963","25","1914583.186","-2001756.592","-87173.406","-528443.812"
"3_20_2_125_14.csv","2004/1/2","2007/12/31","747873.688","498062.094","-249811.594","-0.142923138963","25","1914583.186","-2001756.592","-87173.406","-528443.812"
"3_20_2_125_16.csv","2004/1/2","2007/12/31","747873.688","498062.094","-249811.594","-0.142923138963","25","1914583.186","-2001756.592","-87173.406","-528443.812"
"3_20_2_125_18.csv","2004/1/2","2007/12/31","747873.688","498062.094","-249811.594","-0.142923138963","25","1914583.186","-2001756.592","-87173.406","-528443.812"
"3_20_2_125_20.csv","2004/1/2","2007/12/31","747873.688","498062.094","-249811.594","-0.142923138963","25","1914583.186","-2001756.592","-87173.406","-528443.812"
"3_20_2_125_4.csv","2004/1/2","2007/12/31","747873.688","498062.094","-249811.594","-0.142923138963","25","1914583.186","-2001756.592","-87173.406","-528443.812"
"3_20_2_125_6.csv","2004/1/2","2007/12/31","747873.688","498062.094","-249811.594","-0.142923138963","25","1914583.186","-2001756.592","-87173.406","-528443.812"
"3_20_2_125_8.csv","2004/1/2","2007/12/31","747873.688","498062.094","-249811.594","-0.142923138963","25","1914583.186","-2001756.592","-87173.406","-528443.812"
"1_60_1_175_10.csv","2004/1/2","2007/12/31","778603.813","2729900.75","1951296.937","1.09709476767","19","12434568.0","-10332829.75","2101738.25","-896666.25"
"1_60_1_175_12.csv","2004/1/2","2007/12/31","778603.813","2729900.75","1951296.937","1.09709476767","19","12434568.0","-10332829.75","2101738.25","-896666.25"
"1_60_1_175_14.csv","2004/1/2","2007/12/31","778603.813","2729900.75","1951296.937","1.09709476767","19","12434568.0","-10332829.75","2101738.25","-896666.25"
"1_60_1_175_16.csv","2004/1/2","2007/12/31","778603.813","2729900.75","1951296.937","1.09709476767","19","12434568.0","-10332829.75","2101738.25","-896666.25"
"1_60_1_175_18.csv","2004/1/2","2007/12/31","778603.813","2729900.75","1951296.937","1.09709476767","19","12434568.0","-10332829.75","2101738.25","-896666.25"
"1_60_1_175_20.csv","2004/1/2","2007/12/31","778603.813","2729900.75","1951296.937","1.09709476767","19","12434568.0","-10332829.75","2101738.25","-896666.25"
"1_60_1_175_4.csv","2004/1/2","2007/12/31","778603.813","2729900.75","1951296.937","1.09709476767","19","12434568.0","-10332829.75","2101738.25","-896666.25"
"1_60_1_175_6.csv","2004/1/2","2007/12/31","778603.813","2729900.75","1951296.937","1.09709476767","19","12434568.0","-10332829.75","2101738.25","-896666.25"
"1_60_1_175_8.csv","2004/1/2","2007/12/31","778603.813","2729900.75","1951296.937","1.09709476767","19","12434568.0","-10332829.75","2101738.25","-896666.25"
"3_60_1_175_10.csv","2004/1/2","2007/12/31","778603.813","2729900.75","1951296.937","1.09709476767","19","12434568.0","-10332829.75","2101738.25","-896666.25"
"3_60_1_175_12.csv","2004/1/2","2007/12/31","778603.813","2729900.75","1951296.937","1.09709476767","19","12434568.0","-10332829.75","2101738.25","-896666.25"
"3_60_1_175_14.csv","2004/1/2","2007/12/31","778603.813","2729900.75","1951296.937","1.09709476767","19","12434568.0","-10332829.75","2101738.25","-896666.25"
"3_60_1_175_16.csv","2004/1/2","2007/12/31","778603.813","2729900.75","1951296.937","1.09709476767","19","12434568.0","-10332829.75","2101738.25","-896666.25"
"3_60_1_175_18.csv","2004/1/2","2007/12/31","778603.813","2729900.75","1951296.937","1.09709476767","19","12434568.0","-10332829.75","2101738.25","-896666.25"
"3_60_1_175_20.csv","2004/1/2","2007/12/31","778603.813","2729900.75","1951296.937","1.09709476767","19","12434568.0","-10332829.75","2101738.25","-896666.25"
"3_60_1_175_4.csv","2004/1/2","2007/12/31","778603.813","2729900.75","1951296.937","1.09709476767","19","12434568.0","-10332829.75","2101738.25","-896666.25"
"3_60_1_175_6.csv","2004/1/2","2007/12/31","778603.813","2729900.75","1951296.937","1.09709476767","19","12434568.0","-10332829.75","2101738.25","-896666.25"
"3_60_1_175_8.csv","2004/1/2","2007/12/31","778603.813","2729900.75","1951296.937","1.09709476767","19","12434568.0","-10332829.75","2101738.25","-896666.25"
"2_80_0.75_100_6.csv","2004/1/2","2007/12/31","75624.984","486694.375","411069.391","0.382167946184","11","9179675.678","-8678058.748","501616.93","-748191.906"
"2_80_0.75_50_6.csv","2004/1/2","2007/12/31","75624.984","486694.375","411069.391","0.382167946184","11","9179675.678","-8678058.748","501616.93","-748191.906"
"2_80_0.75_75_6.csv","2004/1/2","2007/12/31","75624.984","486694.375","411069.391","0.382167946184","11","9179675.678","-8678058.748","501616.93","-748191.906"
"2_80_0.75_125_6.csv","2004/1/2","2007/12/31","209353.063","732932.125","523579.062","0.432941444495","9","10453606.969","-9828222.969","625384.0","-817315.625"
"2_40_1.5_100_4.csv","2004/1/2","2007/12/31","3133354.0","9088332.0","5954978.0","1.4407132803","12","27031582.25","-20733019.5","6298562.75","-1617843.0"
"2_40_1.5_50_4.csv","2004/1/2","2007/12/31","2967384.5","8704582.0","5737197.5","1.44609061713","15","27207790.75","-21140804.75","6066986.0","-1556301.5"
"2_40_1.5_75_4.csv","2004/1/2","2007/12/31","3790139.75","11622035.0","7831895.25","1.63500349859","13","33961094.25","-25731020.25","8230074.0","-2024167.0"
"2_60_1_225_10.csv","2004/1/2","2007/12/31","193402.563","1754899.375","1561496.812","1.30844097408","6","11312735.79","-9652298.009","1660437.781","-707551.125"
"2_60_1_225_12.csv","2004/1/2","2007/12/31","78084.898","1488695.375","1410610.477","1.30844099534","6","10219595.395","-8719604.551","1499990.844","-639181.125"
"2_60_1_200_10.csv","2004/1/2","2007/12/31","-21707.727","1136451.875","1158159.602","1.18385847866","6","8844775.307","-7605508.807","1239266.5","-548713.0"
"2_60_1_200_12.csv","2004/1/2","2007/12/31","-116239.281","930008.25","1046247.531","1.18385837762","6","7990111.909","-6870594.8","1119517.109","-495691.375"
"2_20_1.5_100_6.csv","2004/1/2","2007/12/31","1625472.75","3517011.25","1891538.5","0.720456344481","16","14846429.562","-12741772.812","2104656.75","-1085285.125"
"2_80_1.5_125_12.csv","2004/1/2","2007/12/31","-130715.266","168401.063","299116.329","0.344094768148","7","7043424.445","-6674098.319","369326.126","-542363.274"
"2_80_1.5_150_12.csv","2004/1/2","2007/12/31","-225290.281","41283.25","266573.531","0.344094729241","7","6277125.605","-5947980.855","329144.75","-483356.156"
"2_80_1.5_50_12.csv","2004/1/2","2007/12/31","462512.969","965756.0","503243.031","0.344094747648","7","11850085.804","-11228719.554","621366.25","-912489.523"
"2_80_1.5_75_12.csv","2004/1/2","2007/12/31","462512.969","965756.0","503243.031","0.344094747648","7","11850085.804","-11228719.554","621366.25","-912489.523"
"2_80_1.5_100_12.csv","2004/1/2","2007/12/31","229840.266","653021.813","423181.547","0.344094724087","7","9964844.756","-9442332.349","522512.407","-767320.797"
"2_20_1.75_125_6.csv","2004/1/2","2007/12/31","1075950.125","2525574.0","1449623.875","0.69829417265","16","10278025.623","-8661644.936","1616380.687","-689657.25"
"2_20_1_75_4.csv","2004/1/2","2007/12/31","2519459.0","5378899.0","2859440.0","0.812465779542","22","21246037.375","-18105872.875","3140164.5","-1594168.375"
"2_60_1.5_200_10.csv","2004/1/2","2007/12/31","-125237.375","876750.25","1001987.625","1.14543945565","3","7306284.907","-6234731.673","1071553.234","-482012.875"
"1_60_1_150_10.csv","2004/1/2","2007/12/31","857847.375","2797561.0","1939713.625","1.04406511057","22","13575049.968","-11488854.843","2086195.125","-912931.875"
"1_60_1_150_12.csv","2004/1/2","2007/12/31","857847.375","2797561.0","1939713.625","1.04406511057","22","13575049.968","-11488854.843","2086195.125","-912931.875"
"1_60_1_150_14.csv","2004/1/2","2007/12/31","857847.375","2797561.0","1939713.625","1.04406511057","22","13575049.968","-11488854.843","2086195.125","-912931.875"
"1_60_1_150_16.csv","2004/1/2","2007/12/31","857847.375","2797561.0","1939713.625","1.04406511057","22","13575049.968","-11488854.843","2086195.125","-912931.875"
"1_60_1_150_18.csv","2004/1/2","2007/12/31","857847.375","2797561.0","1939713.625","1.04406511057","22","13575049.968","-11488854.843","2086195.125","-912931.875"
"1_60_1_150_20.csv","2004/1/2","2007/12/31","857847.375","2797561.0","1939713.625","1.04406511057","22","13575049.968","-11488854.843","2086195.125","-912931.875"
"1_60_1_150_4.csv","2004/1/2","2007/12/31","857847.375","2797561.0","1939713.625","1.04406511057","22","13575049.968","-11488854.843","2086195.125","-912931.875"
"1_60_1_150_6.csv","2004/1/2","2007/12/31","857847.375","2797561.0","1939713.625","1.04406511057","22","13575049.968","-11488854.843","2086195.125","-912931.875"
"1_60_1_150_8.csv","2004/1/2","2007/12/31","857847.375","2797561.0","1939713.625","1.04406511057","22","13575049.968","-11488854.843","2086195.125","-912931.875"
"3_60_1_150_10.csv","2004/1/2","2007/12/31","857847.375","2797561.0","1939713.625","1.04406511057","22","13575049.968","-11488854.843","2086195.125","-912931.875"
"3_60_1_150_12.csv","2004/1/2","2007/12/31","857847.375","2797561.0","1939713.625","1.04406511057","22","13575049.968","-11488854.843","2086195.125","-912931.875"
"3_60_1_150_14.csv","2004/1/2","2007/12/31","857847.375","2797561.0","1939713.625","1.04406511057","22","13575049.968","-11488854.843","2086195.125","-912931.875"
"3_60_1_150_16.csv","2004/1/2","2007/12/31","857847.375","2797561.0","1939713.625","1.04406511057","22","13575049.968","-11488854.843","2086195.125","-912931.875"
"3_60_1_150_18.csv","2004/1/2","2007/12/31","857847.375","2797561.0","1939713.625","1.04406511057","22","13575049.968","-11488854.843","2086195.125","-912931.875"
"3_60_1_150_20.csv","2004/1/2","2007/12/31","857847.375","2797561.0","1939713.625","1.04406511057","22","13575049.968","-11488854.843","2086195.125","-912931.875"
"3_60_1_150_4.csv","2004/1/2","2007/12/31","857847.375","2797561.0","1939713.625","1.04406511057","22","13575049.968","-11488854.843","2086195.125","-912931.875"
"3_60_1_150_6.csv","2004/1/2","2007/12/31","857847.375","2797561.0","1939713.625","1.04406511057","22","13575049.968","-11488854.843","2086195.125","-912931.875"
"3_60_1_150_8.csv","2004/1/2","2007/12/31","857847.375","2797561.0","1939713.625","1.04406511057","22","13575049.968","-11488854.843","2086195.125","-912931.875"
"2_20_0.75_225_10.csv","2004/1/2","2007/12/31","1136196.0","3367591.25","2231395.25","1.04456484798","20","14324249.12","-11925556.808","2398692.312","-1011723.0"
"2_20_0.75_225_12.csv","2004/1/2","2007/12/31","1136196.0","3367591.25","2231395.25","1.04456484798","20","14324249.12","-11925556.808","2398692.312","-1011723.0"
"2_20_0.75_225_14.csv","2004/1/2","2007/12/31","1136196.0","3367591.25","2231395.25","1.04456484798","20","14324249.12","-11925556.808","2398692.312","-1011723.0"
"2_20_0.75_225_16.csv","2004/1/2","2007/12/31","1136196.0","3367591.25","2231395.25","1.04456484798","20","14324249.12","-11925556.808","2398692.312","-1011723.0"
"2_20_0.75_225_18.csv","2004/1/2","2007/12/31","1136196.0","3367591.25","2231395.25","1.04456484798","20","14324249.12","-11925556.808","2398692.312","-1011723.0"
"2_20_0.75_225_20.csv","2004/1/2","2007/12/31","1136196.0","3367591.25","2231395.25","1.04456484798","20","14324249.12","-11925556.808","2398692.312","-1011723.0"
"2_20_0.75_225_8.csv","2004/1/2","2007/12/31","1136196.0","3367591.25","2231395.25","1.04456484798","20","14324249.12","-11925556.808","2398692.312","-1011723.0"
"2_20_0.75_225_6.csv","2004/1/2","2007/12/31","1271361.125","3643944.5","2372583.375","1.04456457799","20","15230595.873","-12680130.123","2550465.75","-1075738.5"
"2_60_1.5_175_10.csv","2004/1/2","2007/12/31","-135070.516","606737.063","741807.579","0.857650933079","5","7156826.156","-6347654.452","809171.704","-412664.375"
"2_60_1.5_150_10.csv","2004/1/2","2007/12/31","-252780.375","321252.063","574032.438","0.768224520334","7","6282553.768","-5650324.924","632228.844","-339342.125"
"2_60_0.75_100_10.csv","2004/1/2","2007/12/31","1076411.125","2483123.25","1406712.125","0.67747283188","12","18606739.876","-17038980.126","1567759.75","-1235695.437"
"2_60_0.75_100_12.csv","2004/1/2","2007/12/31","1076411.125","2483123.25","1406712.125","0.67747283188","12","18606739.876","-17038980.126","1567759.75","-1235695.437"
"2_60_0.75_100_14.csv","2004/1/2","2007/12/31","1076411.125","2483123.25","1406712.125","0.67747283188","12","18606739.876","-17038980.126","1567759.75","-1235695.437"
"2_60_0.75_100_16.csv","2004/1/2","2007/12/31","1076411.125","2483123.25","1406712.125","0.67747283188","12","18606739.876","-17038980.126","1567759.75","-1235695.437"
"2_60_0.75_100_18.csv","2004/1/2","2007/12/31","1076411.125","2483123.25","1406712.125","0.67747283188","12","18606739.876","-17038980.126","1567759.75","-1235695.437"
"2_60_0.75_100_20.csv","2004/1/2","2007/12/31","1076411.125","2483123.25","1406712.125","0.67747283188","12","18606739.876","-17038980.126","1567759.75","-1235695.437"
"2_60_0.75_100_8.csv","2004/1/2","2007/12/31","923135.0","2226006.5","1302871.5","0.677472720324","12","17233226.296","-15781195.359","1452030.937","-1144479.016"
"2_20_1.75_225_6.csv","2004/1/2","2007/12/31","611668.0","1644693.5","1033025.5","0.640966687928","14","7595831.014","-6441056.889","1154774.125","-546929.781"
"2_20_1_200_4.csv","2004/1/2","2007/12/31","870127.125","2663315.75","1793188.625","0.958859213916","18","10669563.297","-8736074.172","1933489.125","-848582.25"
"2_60_1.5_200_16.csv","2004/1/2","2007/12/31","161983.313","1492964.625","1330981.312","1.14543926501","3","9989864.955","-8572558.986","1417305.969","-640277.375"
"2_60_1.5_200_18.csv","2004/1/2","2007/12/31","161983.313","1492964.625","1330981.312","1.14543926501","3","9989864.955","-8572558.986","1417305.969","-640277.375"
"2_60_1.5_200_20.csv","2004/1/2","2007/12/31","161983.313","1492964.625","1330981.312","1.14543926501","3","9989864.955","-8572558.986","1417305.969","-640277.375"
"2_60_1.5_200_14.csv","2004/1/2","2007/12/31","-63879.07","1008390.75","1072269.82","1.14543942522","3","8048069.713","-6906254.76","1141814.953","-515822.625"
"2_40_1.75_50_4.csv","2004/1/2","2007/12/31","2459823.5","4842139.0","2382315.5","0.688565616136","14","19545141.5","-16906654.75","2638486.75","-1316680.25"
"2_40_1.75_125_4.csv","2004/1/2","2007/12/31","1236214.875","2723696.25","1487481.375","0.665178195365","11","11579108.499","-9926054.124","1653054.375","-851020.125"
"2_40_1.75_75_4.csv","2004/1/2","2007/12/31","2470032.5","5141310.0","2671277.5","0.769813395119","13","19933359.125","-17005154.875","2928204.25","-1320565.75"
"2_40_1.75_100_4.csv","2004/1/2","2007/12/31","1779058.375","3627627.0","1848568.625","0.665178047942","11","14389944.875","-12335610.375","2054334.5","-1057606.0"
"2_60_1.5_50_12.csv","2004/1/2","2007/12/31","866759.563","2182701.0","1315941.437","0.704933545317","8","16709712.811","-15256311.249","1453401.562","-965474.656"
"2_60_1.5_100_12.csv","2004/1/2","2007/12/31","153284.25","966272.75","812988.5","0.704933324113","8","10323259.296","-9425347.952","897911.344","-596470.125"
"2_60_1.5_125_12.csv","2004/1/2","2007/12/31","-64125.625","595603.5","659729.125","0.704933421219","8","8377184.473","-7648541.629","728642.844","-484027.391"
"2_60_1.5_75_12.csv","2004/1/2","2007/12/31","802388.75","2072952.75","1270564.0","0.704933383544","8","16133514.429","-14730230.429","1403284.0","-932182.375"
"2_60_1.5_175_16.csv","2004/1/2","2007/12/31","148921.531","1134295.0","985373.469","0.857650798956","5","9788937.572","-8720106.135","1068831.437","-548159.0"
"2_60_1.5_175_18.csv","2004/1/2","2007/12/31","148921.531","1134295.0","985373.469","0.857650798956","5","9788937.572","-8720106.135","1068831.437","-548159.0"
"2_60_1.5_175_20.csv","2004/1/2","2007/12/31","148921.531","1134295.0","985373.469","0.857650798956","5","9788937.572","-8720106.135","1068831.437","-548159.0"
"2_60_1.5_150_16.csv","2004/1/2","2007/12/31","-79623.766","627431.688","707055.454","0.7682243716","7","7964526.705","-7190614.876","773911.829","-451157.156"
"2_60_1.5_150_18.csv","2004/1/2","2007/12/31","-79623.766","627431.688","707055.454","0.7682243716","7","7964526.705","-7190614.876","773911.829","-451157.156"
"2_60_1.5_150_20.csv","2004/1/2","2007/12/31","-79623.766","627431.688","707055.454","0.7682243716","7","7964526.705","-7190614.876","773911.829","-451157.156"
"2_60_1.5_175_14.csv","2004/1/2","2007/12/31","-74401.969","719438.0","793839.969","0.857650883443","5","7886197.427","-7025121.771","861075.656","-441609.75"
"2_60_1.5_150_14.csv","2004/1/2","2007/12/31","-258523.313","311097.188","569620.501","0.768224424297","7","6416409.876","-5792928.313","623481.563","-363462.797"
"2_100_0.75_175_4.csv","2004/1/2","2007/12/31","-276277.719","-30103.625","246174.094","0.340149944893","10","5987922.55","-5689838.8","298083.75","-596237.532"
"2_60_1_150_10.csv","2004/1/2","2007/12/31","591063.625","2378604.5","1787540.875","1.12348799062","8","15485914.241","-13584264.054","1901650.187","-867739.5"
"2_60_1_150_12.csv","2004/1/2","2007/12/31","591063.625","2378604.5","1787540.875","1.12348799062","8","15485914.241","-13584264.054","1901650.187","-867739.5"
"2_20_1.75_200_6.csv","2004/1/2","2007/12/31","284197.0","962446.0","678249.0","0.528150276009","14","5813845.258","-5046698.352","767146.906","-506210.899"
"1_20_2_75_10.csv","2004/1/2","2007/12/31","973702.5","622161.063","-351541.437","-0.178112677569","25","2227498.129","-2442893.316","-215395.187","-602690.25"
"1_20_2_75_12.csv","2004/1/2","2007/12/31","973702.5","622161.063","-351541.437","-0.178112677569","25","2227498.129","-2442893.316","-215395.187","-602690.25"
"1_20_2_75_14.csv","2004/1/2","2007/12/31","973702.5","622161.063","-351541.437","-0.178112677569","25","2227498.129","-2442893.316","-215395.187","-602690.25"
"1_20_2_75_16.csv","2004/1/2","2007/12/31","973702.5","622161.063","-351541.437","-0.178112677569","25","2227498.129","-2442893.316","-215395.187","-602690.25"
"1_20_2_75_18.csv","2004/1/2","2007/12/31","973702.5","622161.063","-351541.437","-0.178112677569","25","2227498.129","-2442893.316","-215395.187","-602690.25"
"1_20_2_75_20.csv","2004/1/2","2007/12/31","973702.5","622161.063","-351541.437","-0.178112677569","25","2227498.129","-2442893.316","-215395.187","-602690.25"
"1_20_2_75_4.csv","2004/1/2","2007/12/31","973702.5","622161.063","-351541.437","-0.178112677569","25","2227498.129","-2442893.316","-215395.187","-602690.25"
"1_20_2_75_6.csv","2004/1/2","2007/12/31","973702.5","622161.063","-351541.437","-0.178112677569","25","2227498.129","-2442893.316","-215395.187","-602690.25"
"1_20_2_75_8.csv","2004/1/2","2007/12/31","973702.5","622161.063","-351541.437","-0.178112677569","25","2227498.129","-2442893.316","-215395.187","-602690.25"
"3_20_2_75_10.csv","2004/1/2","2007/12/31","973702.5","622161.063","-351541.437","-0.178112677569","25","2227498.129","-2442893.316","-215395.187","-602690.25"
"3_20_2_75_12.csv","2004/1/2","2007/12/31","973702.5","622161.063","-351541.437","-0.178112677569","25","2227498.129","-2442893.316","-215395.187","-602690.25"
"3_20_2_75_14.csv","2004/1/2","2007/12/31","973702.5","622161.063","-351541.437","-0.178112677569","25","2227498.129","-2442893.316","-215395.187","-602690.25"
"3_20_2_75_16.csv","2004/1/2","2007/12/31","973702.5","622161.063","-351541.437","-0.178112677569","25","2227498.129","-2442893.316","-215395.187","-602690.25"
"3_20_2_75_18.csv","2004/1/2","2007/12/31","973702.5","622161.063","-351541.437","-0.178112677569","25","2227498.129","-2442893.316","-215395.187","-602690.25"
"3_20_2_75_20.csv","2004/1/2","2007/12/31","973702.5","622161.063","-351541.437","-0.178112677569","25","2227498.129","-2442893.316","-215395.187","-602690.25"
"3_20_2_75_4.csv","2004/1/2","2007/12/31","973702.5","622161.063","-351541.437","-0.178112677569","25","2227498.129","-2442893.316","-215395.187","-602690.25"
"3_20_2_75_6.csv","2004/1/2","2007/12/31","973702.5","622161.063","-351541.437","-0.178112677569","25","2227498.129","-2442893.316","-215395.187","-602690.25"
"3_20_2_75_8.csv","2004/1/2","2007/12/31","973702.5","622161.063","-351541.437","-0.178112677569","25","2227498.129","-2442893.316","-215395.187","-602690.25"
"2_100_1.75_125_10.csv","2004/1/2","2007/12/31","-252630.125","-12357.813","240272.312","0.321490496255","6","5258655.545","-4968076.795","290578.75","-436673.719"
"2_100_1.75_150_10.csv","2004/1/2","2007/12/31","-252630.125","-12357.813","240272.312","0.321490496255","6","5258655.545","-4968076.795","290578.75","-436673.719"
"2_100_1.75_175_10.csv","2004/1/2","2007/12/31","-334106.844","-84111.281","249995.563","0.375428941937","5","4760561.229","-4465743.541","294817.688","-372407.25"
"2_100_1.75_225_10.csv","2004/1/2","2007/12/31","-265599.281","10116.0","275715.281","0.375428936638","5","5250330.588","-4925181.869","325148.719","-410720.734"
"2_100_1.75_100_10.csv","2004/1/2","2007/12/31","170735.406","547115.75","376380.344","0.321490528151","6","8237547.186","-7782363.17","455184.016","-684037.938"
"2_100_1.75_50_10.csv","2004/1/2","2007/12/31","170735.406","547115.75","376380.344","0.321490528151","6","8237547.186","-7782363.17","455184.016","-684037.938"
"2_100_1.75_75_10.csv","2004/1/2","2007/12/31","170735.406","547115.75","376380.344","0.321490528151","6","8237547.186","-7782363.17","455184.016","-684037.938"
"2_100_1.75_200_10.csv","2004/1/2","2007/12/31","-369401.531","-132656.563","236744.968","0.375429024392","5","4508234.75","-4229043.469","279191.281","-352668.329"
"2_100_1.5_225_14.csv","2004/1/2","2007/12/31","-143798.0","247829.625","391627.625","0.457400969631","6","6908914.565","-6460320.612","448593.953","-434714.891"
"2_60_1_175_14.csv","2004/1/2","2007/12/31","56261.844","1438318.0","1382056.156","1.30844086043","6","10232315.868","-8780855.055","1451460.813","-626242.375"
"2_60_1_175_16.csv","2004/1/2","2007/12/31","56261.844","1438318.0","1382056.156","1.30844086043","6","10232315.868","-8780855.055","1451460.813","-626242.375"
"2_60_1_175_18.csv","2004/1/2","2007/12/31","56261.844","1438318.0","1382056.156","1.30844086043","6","10232315.868","-8780855.055","1451460.813","-626242.375"
"2_60_1_175_20.csv","2004/1/2","2007/12/31","56261.844","1438318.0","1382056.156","1.30844086043","6","10232315.868","-8780855.055","1451460.813","-626242.375"
"2_100_1.75_225_12.csv","2004/1/2","2007/12/31","-262222.594","-33737.281","228485.313","0.309694104403","5","5457759.519","-5183360.925","274398.594","-444300.985"
"2_100_1.75_100_12.csv","2004/1/2","2007/12/31","176118.328","479949.094","303830.766","0.258333501627","6","8569443.95","-8192421.122","377022.828","-736023.75"
"2_100_1.75_50_12.csv","2004/1/2","2007/12/31","176118.328","479949.094","303830.766","0.258333501627","6","8569443.95","-8192421.122","377022.828","-736023.75"
"2_100_1.75_75_12.csv","2004/1/2","2007/12/31","176118.328","479949.094","303830.766","0.258333501627","6","8569443.95","-8192421.122","377022.828","-736023.75"
"2_100_1.75_125_12.csv","2004/1/2","2007/12/31","-249193.875","-55235.5","193958.375","0.258333501208","6","5470530.486","-5229848.048","240682.438","-469860.172"
"2_100_1.75_150_12.csv","2004/1/2","2007/12/31","-249193.875","-55235.5","193958.375","0.258333501208","6","5470530.486","-5229848.048","240682.438","-469860.172"
"2_100_1.75_200_12.csv","2004/1/2","2007/12/31","-366502.0","-170311.406","196190.594","0.309694101639","5","4686344.465","-4450730.121","235614.344","-381502.297"
"2_100_1.75_175_12.csv","2004/1/2","2007/12/31","-331045.156","-123873.813","207171.343","0.3096940621","5","4948640.016","-4699838.391","248801.625","-402855.094"
"1_20_1.75_50_10.csv","2004/1/2","2007/12/31","1892049.0","1287747.25","-604301.75","-0.208952804742","39","4723629.125","-5152851.375","-429222.25","-1059589.125"
"1_20_1.75_50_12.csv","2004/1/2","2007/12/31","1892049.0","1287747.25","-604301.75","-0.208952804742","39","4723629.125","-5152851.375","-429222.25","-1059589.125"
"1_20_1.75_50_14.csv","2004/1/2","2007/12/31","1892049.0","1287747.25","-604301.75","-0.208952804742","39","4723629.125","-5152851.375","-429222.25","-1059589.125"
"1_20_1.75_50_16.csv","2004/1/2","2007/12/31","1892049.0","1287747.25","-604301.75","-0.208952804742","39","4723629.125","-5152851.375","-429222.25","-1059589.125"
"1_20_1.75_50_18.csv","2004/1/2","2007/12/31","1892049.0","1287747.25","-604301.75","-0.208952804742","39","4723629.125","-5152851.375","-429222.25","-1059589.125"
"1_20_1.75_50_20.csv","2004/1/2","2007/12/31","1892049.0","1287747.25","-604301.75","-0.208952804742","39","4723629.125","-5152851.375","-429222.25","-1059589.125"
"1_20_1.75_50_4.csv","2004/1/2","2007/12/31","1892049.0","1287747.25","-604301.75","-0.208952804742","39","4723629.125","-5152851.375","-429222.25","-1059589.125"
"1_20_1.75_50_6.csv","2004/1/2","2007/12/31","1892049.0","1287747.25","-604301.75","-0.208952804742","39","4723629.125","-5152851.375","-429222.25","-1059589.125"
"1_20_1.75_50_8.csv","2004/1/2","2007/12/31","1892049.0","1287747.25","-604301.75","-0.208952804742","39","4723629.125","-5152851.375","-429222.25","-1059589.125"
"3_20_1.75_50_10.csv","2004/1/2","2007/12/31","1892049.0","1287747.25","-604301.75","-0.208952804742","39","4723629.125","-5152851.375","-429222.25","-1059589.125"
"3_20_1.75_50_12.csv","2004/1/2","2007/12/31","1892049.0","1287747.25","-604301.75","-0.208952804742","39","4723629.125","-5152851.375","-429222.25","-1059589.125"
"3_20_1.75_50_14.csv","2004/1/2","2007/12/31","1892049.0","1287747.25","-604301.75","-0.208952804742","39","4723629.125","-5152851.375","-429222.25","-1059589.125"
"3_20_1.75_50_16.csv","2004/1/2","2007/12/31","1892049.0","1287747.25","-604301.75","-0.208952804742","39","4723629.125","-5152851.375","-429222.25","-1059589.125"
"3_20_1.75_50_18.csv","2004/1/2","2007/12/31","1892049.0","1287747.25","-604301.75","-0.208952804742","39","4723629.125","-5152851.375","-429222.25","-1059589.125"
"3_20_1.75_50_20.csv","2004/1/2","2007/12/31","1892049.0","1287747.25","-604301.75","-0.208952804742","39","4723629.125","-5152851.375","-429222.25","-1059589.125"
"3_20_1.75_50_4.csv","2004/1/2","2007/12/31","1892049.0","1287747.25","-604301.75","-0.208952804742","39","4723629.125","-5152851.375","-429222.25","-1059589.125"
"3_20_1.75_50_6.csv","2004/1/2","2007/12/31","1892049.0","1287747.25","-604301.75","-0.208952804742","39","4723629.125","-5152851.375","-429222.25","-1059589.125"
"3_20_1.75_50_8.csv","2004/1/2","2007/12/31","1892049.0","1287747.25","-604301.75","-0.208952804742","39","4723629.125","-5152851.375","-429222.25","-1059589.125"
"1_60_0.75_200_4.csv","2004/1/2","2007/12/31","291405.75","1738678.125","1447272.375","1.12069531594","17","9603611.163","-8080812.944","1522798.219","-526890.312"
"3_60_0.75_200_4.csv","2004/1/2","2007/12/31","291405.75","1738678.125","1447272.375","1.12069531594","17","9603611.163","-8080812.944","1522798.219","-526890.312"
"1_60_0.75_200_10.csv","2004/1/2","2007/12/31","226402.078","1600825.25","1374423.172","1.12069540378","17","9120207.107","-7674059.779","1446147.328","-500368.961"
"1_60_0.75_200_12.csv","2004/1/2","2007/12/31","226402.078","1600825.25","1374423.172","1.12069540378","17","9120207.107","-7674059.779","1446147.328","-500368.961"
"1_60_0.75_200_14.csv","2004/1/2","2007/12/31","226402.078","1600825.25","1374423.172","1.12069540378","17","9120207.107","-7674059.779","1446147.328","-500368.961"
"1_60_0.75_200_16.csv","2004/1/2","2007/12/31","226402.078","1600825.25","1374423.172","1.12069540378","17","9120207.107","-7674059.779","1446147.328","-500368.961"
"1_60_0.75_200_18.csv","2004/1/2","2007/12/31","226402.078","1600825.25","1374423.172","1.12069540378","17","9120207.107","-7674059.779","1446147.328","-500368.961"
"1_60_0.75_200_20.csv","2004/1/2","2007/12/31","226402.078","1600825.25","1374423.172","1.12069540378","17","9120207.107","-7674059.779","1446147.328","-500368.961"
"1_60_0.75_200_6.csv","2004/1/2","2007/12/31","226402.078","1600825.25","1374423.172","1.12069540378","17","9120207.107","-7674059.779","1446147.328","-500368.961"
"1_60_0.75_200_8.csv","2004/1/2","2007/12/31","226402.078","1600825.25","1374423.172","1.12069540378","17","9120207.107","-7674059.779","1446147.328","-500368.961"
"3_60_0.75_200_10.csv","2004/1/2","2007/12/31","226402.078","1600825.25","1374423.172","1.12069540378","17","9120207.107","-7674059.779","1446147.328","-500368.961"
"3_60_0.75_200_12.csv","2004/1/2","2007/12/31","226402.078","1600825.25","1374423.172","1.12069540378","17","9120207.107","-7674059.779","1446147.328","-500368.961"
"3_60_0.75_200_14.csv","2004/1/2","2007/12/31","226402.078","1600825.25","1374423.172","1.12069540378","17","9120207.107","-7674059.779","1446147.328","-500368.961"
"3_60_0.75_200_16.csv","2004/1/2","2007/12/31","226402.078","1600825.25","1374423.172","1.12069540378","17","9120207.107","-7674059.779","1446147.328","-500368.961"
"3_60_0.75_200_18.csv","2004/1/2","2007/12/31","226402.078","1600825.25","1374423.172","1.12069540378","17","9120207.107","-7674059.779","1446147.328","-500368.961"
"3_60_0.75_200_20.csv","2004/1/2","2007/12/31","226402.078","1600825.25","1374423.172","1.12069540378","17","9120207.107","-7674059.779","1446147.328","-500368.961"
"3_60_0.75_200_6.csv","2004/1/2","2007/12/31","226402.078","1600825.25","1374423.172","1.12069540378","17","9120207.107","-7674059.779","1446147.328","-500368.961"
"3_60_0.75_200_8.csv","2004/1/2","2007/12/31","226402.078","1600825.25","1374423.172","1.12069540378","17","9120207.107","-7674059.779","1446147.328","-500368.961"
"2_80_1.5_225_16.csv","2004/1/2","2007/12/31","-51457.617","577618.5","629076.117","0.663202960958","5","7865095.046","-7180805.999","684289.047","-463298.313"
"2_80_1.5_225_18.csv","2004/1/2","2007/12/31","-74726.219","538918.0","613644.219","0.663202861251","5","7672156.055","-7004653.336","667502.719","-451933.063"
"2_80_1.5_225_20.csv","2004/1/2","2007/12/31","-74726.219","538918.0","613644.219","0.663202861251","5","7672156.055","-7004653.336","667502.719","-451933.063"
"2_80_1.5_200_18.csv","2004/1/2","2007/12/31","-249174.969","248774.313","497949.282","0.66320282548","5","6225667.166","-5684013.728","541653.438","-366726.75"
"2_80_1.5_200_20.csv","2004/1/2","2007/12/31","-249174.969","248774.313","497949.282","0.66320282548","5","6225667.166","-5684013.728","541653.438","-366726.75"
"2_80_1.5_200_16.csv","2004/1/2","2007/12/31","-230293.375","280178.219","510471.594","0.663202806654","5","6382229.258","-5826954.476","555274.782","-375949.156"
"2_100_1.5_100_10.csv","2004/1/2","2007/12/31","81362.547","514175.625","432813.078","0.40024789022","7","8641533.074","-8146602.777","494930.297","-576496.156"
"2_100_1.5_125_10.csv","2004/1/2","2007/12/31","81362.547","514175.625","432813.078","0.40024789022","7","8641533.074","-8146602.777","494930.297","-576496.156"
"2_100_1.5_50_10.csv","2004/1/2","2007/12/31","81362.547","514175.625","432813.078","0.40024789022","7","8641533.074","-8146602.777","494930.297","-576496.156"
"2_100_1.5_75_10.csv","2004/1/2","2007/12/31","81362.547","514175.625","432813.078","0.40024789022","7","8641533.074","-8146602.777","494930.297","-576496.156"
"2_100_1.5_150_10.csv","2004/1/2","2007/12/31","-18522.422","374312.0","392834.422","0.400247984066","7","7843318.829","-7394104.931","449213.898","-523245.453"
"2_100_1.5_200_10.csv","2004/1/2","2007/12/31","-174163.531","203574.813","377738.344","0.45740089979","6","6708376.433","-6283199.182","425177.251","-419297.531"
"2_100_1.5_175_10.csv","2004/1/2","2007/12/31","-202463.594","162330.281","364793.875","0.457400906411","6","6478490.912","-6067883.787","410607.125","-404928.859"
"2_40_1.5_125_6.csv","2004/1/2","2007/12/31","1829943.375","6128761.0","4298817.625","1.51904722299","10","20995542.374","-16539433.249","4456109.125","-1143223.0"
"2_20_0.75_200_6.csv","2004/1/2","2007/12/31","933077.313","2952301.5","2019224.187","1.04456462937","20","12984987.555","-10863229.368","2121758.187","-915523.75"
"2_20_0.75_200_10.csv","2004/1/2","2007/12/31","818043.063","2717106.25","1899063.187","1.04456446915","20","12212269.782","-10216774.282","1995495.5","-861042.5"
"2_20_0.75_200_12.csv","2004/1/2","2007/12/31","818043.063","2717106.25","1899063.187","1.04456446915","20","12212269.782","-10216774.282","1995495.5","-861042.5"
"2_20_0.75_200_14.csv","2004/1/2","2007/12/31","818043.063","2717106.25","1899063.187","1.04456446915","20","12212269.782","-10216774.282","1995495.5","-861042.5"
"2_20_0.75_200_16.csv","2004/1/2","2007/12/31","818043.063","2717106.25","1899063.187","1.04456446915","20","12212269.782","-10216774.282","1995495.5","-861042.5"
"2_20_0.75_200_18.csv","2004/1/2","2007/12/31","818043.063","2717106.25","1899063.187","1.04456446915","20","12212269.782","-10216774.282","1995495.5","-861042.5"
"2_20_0.75_200_20.csv","2004/1/2","2007/12/31","818043.063","2717106.25","1899063.187","1.04456446915","20","12212269.782","-10216774.282","1995495.5","-861042.5"
"2_20_0.75_200_8.csv","2004/1/2","2007/12/31","818043.063","2717106.25","1899063.187","1.04456446915","20","12212269.782","-10216774.282","1995495.5","-861042.5"
"2_80_2_225_4.csv","2004/1/2","2007/12/31","716062.063","1663589.0","947526.937","0.552151904893","8","7679033.345","-6642280.033","1036753.312","-666776.031"
"2_60_1.25_150_10.csv","2004/1/2","2007/12/31","171836.391","1962524.75","1790688.359","1.5281044118","6","11410530.982","-9559099.67","1851431.312","-482485.875"
"2_60_1.25_150_12.csv","2004/1/2","2007/12/31","171836.391","1698233.0","1526396.609","1.3025680212","6","11614895.982","-10027756.42","1587139.562","-692997.25"
"2_60_1_200_8.csv","2004/1/2","2007/12/31","-91995.703","982952.875","1074948.578","1.18385847022","6","8242627.085","-7124105.913","1118521.172","-509289.25"
"2_60_1_225_8.csv","2004/1/2","2007/12/31","204503.906","1780526.375","1576022.469","1.30844114423","6","11462181.935","-9828358.716","1633823.219","-714132.875"
"2_80_1.75_225_8.csv","2004/1/2","2007/12/31","-298891.781","163637.328","462529.109","0.659711434648","6","4988137.025","-4493114.509","495022.516","-424411.812"
"1_60_2_200_10.csv","2004/1/2","2007/12/31","764203.0","702452.188","-61750.812","-0.0350021012321","20","3189181.281","-3170470.656","18710.625","-678728.594"
"1_60_2_200_12.csv","2004/1/2","2007/12/31","764203.0","702452.188","-61750.812","-0.0350021012321","20","3189181.281","-3170470.656","18710.625","-678728.594"
"1_60_2_200_14.csv","2004/1/2","2007/12/31","764203.0","702452.188","-61750.812","-0.0350021012321","20","3189181.281","-3170470.656","18710.625","-678728.594"
"1_60_2_200_16.csv","2004/1/2","2007/12/31","764203.0","702452.188","-61750.812","-0.0350021012321","20","3189181.281","-3170470.656","18710.625","-678728.594"
"1_60_2_200_18.csv","2004/1/2","2007/12/31","764203.0","702452.188","-61750.812","-0.0350021012321","20","3189181.281","-3170470.656","18710.625","-678728.594"
"1_60_2_200_20.csv","2004/1/2","2007/12/31","764203.0","702452.188","-61750.812","-0.0350021012321","20","3189181.281","-3170470.656","18710.625","-678728.594"
"1_60_2_200_4.csv","2004/1/2","2007/12/31","764203.0","702452.188","-61750.812","-0.0350021012321","20","3189181.281","-3170470.656","18710.625","-678728.594"
"1_60_2_200_6.csv","2004/1/2","2007/12/31","764203.0","702452.188","-61750.812","-0.0350021012321","20","3189181.281","-3170470.656","18710.625","-678728.594"
"1_60_2_200_8.csv","2004/1/2","2007/12/31","764203.0","702452.188","-61750.812","-0.0350021012321","20","3189181.281","-3170470.656","18710.625","-678728.594"
"3_60_2_200_10.csv","2004/1/2","2007/12/31","764203.0","702452.188","-61750.812","-0.0350021012321","20","3189181.281","-3170470.656","18710.625","-678728.594"
"3_60_2_200_12.csv","2004/1/2","2007/12/31","764203.0","702452.188","-61750.812","-0.0350021012321","20","3189181.281","-3170470.656","18710.625","-678728.594"
"3_60_2_200_14.csv","2004/1/2","2007/12/31","764203.0","702452.188","-61750.812","-0.0350021012321","20","3189181.281","-3170470.656","18710.625","-678728.594"
"3_60_2_200_16.csv","2004/1/2","2007/12/31","764203.0","702452.188","-61750.812","-0.0350021012321","20","3189181.281","-3170470.656","18710.625","-678728.594"
"3_60_2_200_18.csv","2004/1/2","2007/12/31","764203.0","702452.188","-61750.812","-0.0350021012321","20","3189181.281","-3170470.656","18710.625","-678728.594"
"3_60_2_200_20.csv","2004/1/2","2007/12/31","764203.0","702452.188","-61750.812","-0.0350021012321","20","3189181.281","-3170470.656","18710.625","-678728.594"
"3_60_2_200_4.csv","2004/1/2","2007/12/31","764203.0","702452.188","-61750.812","-0.0350021012321","20","3189181.281","-3170470.656","18710.625","-678728.594"
"3_60_2_200_6.csv","2004/1/2","2007/12/31","764203.0","702452.188","-61750.812","-0.0350021012321","20","3189181.281","-3170470.656","18710.625","-678728.594"
"3_60_2_200_8.csv","2004/1/2","2007/12/31","764203.0","702452.188","-61750.812","-0.0350021012321","20","3189181.281","-3170470.656","18710.625","-678728.594"
"1_60_2_225_10.csv","2004/1/2","2007/12/31","973646.375","904564.563","-69081.812","-0.035002122404","20","3567795.965","-3546864.277","20931.688","-759306.25"
"1_60_2_225_12.csv","2004/1/2","2007/12/31","973646.375","904564.563","-69081.812","-0.035002122404","20","3567795.965","-3546864.277","20931.688","-759306.25"
"1_60_2_225_14.csv","2004/1/2","2007/12/31","973646.375","904564.563","-69081.812","-0.035002122404","20","3567795.965","-3546864.277","20931.688","-759306.25"
"1_60_2_225_16.csv","2004/1/2","2007/12/31","973646.375","904564.563","-69081.812","-0.035002122404","20","3567795.965","-3546864.277","20931.688","-759306.25"
"1_60_2_225_18.csv","2004/1/2","2007/12/31","973646.375","904564.563","-69081.812","-0.035002122404","20","3567795.965","-3546864.277","20931.688","-759306.25"
"1_60_2_225_20.csv","2004/1/2","2007/12/31","973646.375","904564.563","-69081.812","-0.035002122404","20","3567795.965","-3546864.277","20931.688","-759306.25"
"1_60_2_225_4.csv","2004/1/2","2007/12/31","973646.375","904564.563","-69081.812","-0.035002122404","20","3567795.965","-3546864.277","20931.688","-759306.25"
"1_60_2_225_6.csv","2004/1/2","2007/12/31","973646.375","904564.563","-69081.812","-0.035002122404","20","3567795.965","-3546864.277","20931.688","-759306.25"
"1_60_2_225_8.csv","2004/1/2","2007/12/31","973646.375","904564.563","-69081.812","-0.035002122404","20","3567795.965","-3546864.277","20931.688","-759306.25"
"3_60_2_225_10.csv","2004/1/2","2007/12/31","973646.375","904564.563","-69081.812","-0.035002122404","20","3567795.965","-3546864.277","20931.688","-759306.25"
"3_60_2_225_12.csv","2004/1/2","2007/12/31","973646.375","904564.563","-69081.812","-0.035002122404","20","3567795.965","-3546864.277","20931.688","-759306.25"
"3_60_2_225_14.csv","2004/1/2","2007/12/31","973646.375","904564.563","-69081.812","-0.035002122404","20","3567795.965","-3546864.277","20931.688","-759306.25"
"3_60_2_225_16.csv","2004/1/2","2007/12/31","973646.375","904564.563","-69081.812","-0.035002122404","20","3567795.965","-3546864.277","20931.688","-759306.25"
"3_60_2_225_18.csv","2004/1/2","2007/12/31","973646.375","904564.563","-69081.812","-0.035002122404","20","3567795.965","-3546864.277","20931.688","-759306.25"
"3_60_2_225_20.csv","2004/1/2","2007/12/31","973646.375","904564.563","-69081.812","-0.035002122404","20","3567795.965","-3546864.277","20931.688","-759306.25"
"3_60_2_225_4.csv","2004/1/2","2007/12/31","973646.375","904564.563","-69081.812","-0.035002122404","20","3567795.965","-3546864.277","20931.688","-759306.25"
"3_60_2_225_6.csv","2004/1/2","2007/12/31","973646.375","904564.563","-69081.812","-0.035002122404","20","3567795.965","-3546864.277","20931.688","-759306.25"
"3_60_2_225_8.csv","2004/1/2","2007/12/31","973646.375","904564.563","-69081.812","-0.035002122404","20","3567795.965","-3546864.277","20931.688","-759306.25"
"2_80_2_200_4.csv","2004/1/2","2007/12/31","430187.594","1219868.375","789680.781","0.552151888544","8","6464659.528","-5609881.841","854777.687","-555699.602"
"2_80_2_150_4.csv","2004/1/2","2007/12/31","188376.828","772206.375","583829.547","0.491283179917","9","5265223.953","-4627303.859","637920.094","-497801.961"
"2_80_2_100_4.csv","2004/1/2","2007/12/31","204859.234","796786.313","591927.079","0.491283182546","9","5338250.81","-4691482.966","646767.844","-504706.297"
"2_80_2_125_4.csv","2004/1/2","2007/12/31","23871.785","526882.75","503010.965","0.491283159053","9","4536367.355","-3986753.511","549613.844","-428892.032"
"2_80_2_175_4.csv","2004/1/2","2007/12/31","339127.75","1078529.625","739401.875","0.552151857804","8","6053055.421","-5252701.39","800354.031","-520318.25"
"2_80_2_50_4.csv","2004/1/2","2007/12/31","529244.25","1280536.25","751292.0","0.491283194297","9","6775471.66","-5954574.16","820897.5","-640588.844"
"2_80_2_75_4.csv","2004/1/2","2007/12/31","529244.25","1280536.25","751292.0","0.491283194297","9","6775471.66","-5954574.16","820897.5","-640588.844"
"2_20_2_200_6.csv","2004/1/2","2007/12/31","733276.813","2405633.25","1672356.437","0.964852483145","13","7973433.873","-6222193.498","1751240.375","-752522.187"
"2_20_2_225_6.csv","2004/1/2","2007/12/31","1198428.125","3319587.25","2121159.125","0.964852614865","13","10113229.248","-7892016.623","2221212.625","-954473.25"
"2_100_1.25_200_4.csv","2004/1/2","2007/12/31","-493297.875","-246500.375","246797.5","0.487066242321","13","2801880.001","-2532041.001","269839.0","-257590.625"
"1_80_1_225_10.csv","2004/1/2","2007/12/31","275451.813","1395874.25","1120422.437","0.878451404891","21","8887374.312","-7709439.25","1177935.062","-803860.633"
"1_80_1_225_12.csv","2004/1/2","2007/12/31","275451.813","1395874.25","1120422.437","0.878451404891","21","8887374.312","-7709439.25","1177935.062","-803860.633"
"1_80_1_225_14.csv","2004/1/2","2007/12/31","275451.813","1395874.25","1120422.437","0.878451404891","21","8887374.312","-7709439.25","1177935.062","-803860.633"
"1_80_1_225_16.csv","2004/1/2","2007/12/31","275451.813","1395874.25","1120422.437","0.878451404891","21","8887374.312","-7709439.25","1177935.062","-803860.633"
"1_80_1_225_18.csv","2004/1/2","2007/12/31","275451.813","1395874.25","1120422.437","0.878451404891","21","8887374.312","-7709439.25","1177935.062","-803860.633"
"1_80_1_225_20.csv","2004/1/2","2007/12/31","275451.813","1395874.25","1120422.437","0.878451404891","21","8887374.312","-7709439.25","1177935.062","-803860.633"
"1_80_1_225_4.csv","2004/1/2","2007/12/31","275451.813","1395874.25","1120422.437","0.878451404891","21","8887374.312","-7709439.25","1177935.062","-803860.633"
"1_80_1_225_6.csv","2004/1/2","2007/12/31","275451.813","1395874.25","1120422.437","0.878451404891","21","8887374.312","-7709439.25","1177935.062","-803860.633"
"1_80_1_225_8.csv","2004/1/2","2007/12/31","275451.813","1395874.25","1120422.437","0.878451404891","21","8887374.312","-7709439.25","1177935.062","-803860.633"
"3_80_1_225_10.csv","2004/1/2","2007/12/31","275451.813","1395874.25","1120422.437","0.878451404891","21","8887374.312","-7709439.25","1177935.062","-803860.633"
"3_80_1_225_12.csv","2004/1/2","2007/12/31","275451.813","1395874.25","1120422.437","0.878451404891","21","8887374.312","-7709439.25","1177935.062","-803860.633"
"3_80_1_225_14.csv","2004/1/2","2007/12/31","275451.813","1395874.25","1120422.437","0.878451404891","21","8887374.312","-7709439.25","1177935.062","-803860.633"
"3_80_1_225_16.csv","2004/1/2","2007/12/31","275451.813","1395874.25","1120422.437","0.878451404891","21","8887374.312","-7709439.25","1177935.062","-803860.633"
"3_80_1_225_18.csv","2004/1/2","2007/12/31","275451.813","1395874.25","1120422.437","0.878451404891","21","8887374.312","-7709439.25","1177935.062","-803860.633"
"3_80_1_225_20.csv","2004/1/2","2007/12/31","275451.813","1395874.25","1120422.437","0.878451404891","21","8887374.312","-7709439.25","1177935.062","-803860.633"
"3_80_1_225_4.csv","2004/1/2","2007/12/31","275451.813","1395874.25","1120422.437","0.878451404891","21","8887374.312","-7709439.25","1177935.062","-803860.633"
"3_80_1_225_6.csv","2004/1/2","2007/12/31","275451.813","1395874.25","1120422.437","0.878451404891","21","8887374.312","-7709439.25","1177935.062","-803860.633"
"3_80_1_225_8.csv","2004/1/2","2007/12/31","275451.813","1395874.25","1120422.437","0.878451404891","21","8887374.312","-7709439.25","1177935.062","-803860.633"
"1_80_1_200_10.csv","2004/1/2","2007/12/31","162218.422","1183170.75","1020952.328","0.878451338125","21","8098362.234","-7025003.234","1073359.0","-732494.734"
"1_80_1_200_12.csv","2004/1/2","2007/12/31","162218.422","1183170.75","1020952.328","0.878451338125","21","8098362.234","-7025003.234","1073359.0","-732494.734"
"1_80_1_200_14.csv","2004/1/2","2007/12/31","162218.422","1183170.75","1020952.328","0.878451338125","21","8098362.234","-7025003.234","1073359.0","-732494.734"
"1_80_1_200_16.csv","2004/1/2","2007/12/31","162218.422","1183170.75","1020952.328","0.878451338125","21","8098362.234","-7025003.234","1073359.0","-732494.734"
"1_80_1_200_18.csv","2004/1/2","2007/12/31","162218.422","1183170.75","1020952.328","0.878451338125","21","8098362.234","-7025003.234","1073359.0","-732494.734"
"1_80_1_200_20.csv","2004/1/2","2007/12/31","162218.422","1183170.75","1020952.328","0.878451338125","21","8098362.234","-7025003.234","1073359.0","-732494.734"
"1_80_1_200_4.csv","2004/1/2","2007/12/31","162218.422","1183170.75","1020952.328","0.878451338125","21","8098362.234","-7025003.234","1073359.0","-732494.734"
"1_80_1_200_6.csv","2004/1/2","2007/12/31","162218.422","1183170.75","1020952.328","0.878451338125","21","8098362.234","-7025003.234","1073359.0","-732494.734"
"1_80_1_200_8.csv","2004/1/2","2007/12/31","162218.422","1183170.75","1020952.328","0.878451338125","21","8098362.234","-7025003.234","1073359.0","-732494.734"
"3_80_1_200_10.csv","2004/1/2","2007/12/31","162218.422","1183170.75","1020952.328","0.878451338125","21","8098362.234","-7025003.234","1073359.0","-732494.734"
"3_80_1_200_12.csv","2004/1/2","2007/12/31","162218.422","1183170.75","1020952.328","0.878451338125","21","8098362.234","-7025003.234","1073359.0","-732494.734"
"3_80_1_200_14.csv","2004/1/2","2007/12/31","162218.422","1183170.75","1020952.328","0.878451338125","21","8098362.234","-7025003.234","1073359.0","-732494.734"
"3_80_1_200_16.csv","2004/1/2","2007/12/31","162218.422","1183170.75","1020952.328","0.878451338125","21","8098362.234","-7025003.234","1073359.0","-732494.734"
"3_80_1_200_18.csv","2004/1/2","2007/12/31","162218.422","1183170.75","1020952.328","0.878451338125","21","8098362.234","-7025003.234","1073359.0","-732494.734"
"3_80_1_200_20.csv","2004/1/2","2007/12/31","162218.422","1183170.75","1020952.328","0.878451338125","21","8098362.234","-7025003.234","1073359.0","-732494.734"
"3_80_1_200_4.csv","2004/1/2","2007/12/31","162218.422","1183170.75","1020952.328","0.878451338125","21","8098362.234","-7025003.234","1073359.0","-732494.734"
"3_80_1_200_6.csv","2004/1/2","2007/12/31","162218.422","1183170.75","1020952.328","0.878451338125","21","8098362.234","-7025003.234","1073359.0","-732494.734"
"3_80_1_200_8.csv","2004/1/2","2007/12/31","162218.422","1183170.75","1020952.328","0.878451338125","21","8098362.234","-7025003.234","1073359.0","-732494.734"
"2_60_1.5_200_8.csv","2004/1/2","2007/12/31","-171441.203","615515.375","786956.578","0.949789659888","4","6653250.761","-5829799.636","823451.125","-414919.0"
"2_100_1.5_175_6.csv","2004/1/2","2007/12/31","79140.938","1121427.125","1042286.187","0.965848065158","9","7921662.866","-6832884.522","1088778.344","-701853.125"
"2_100_1.5_200_6.csv","2004/1/2","2007/12/31","42554.078","1049502.875","1006948.797","0.965848024816","9","7653088.74","-6601224.084","1051864.656","-678057.687"
"2_100_1.5_100_6.csv","2004/1/2","2007/12/31","463184.156","1763597.875","1300413.719","0.888756014523","10","10519182.591","-9155731.216","1363451.375","-914308.875"
"2_100_1.5_125_6.csv","2004/1/2","2007/12/31","463184.156","1763597.875","1300413.719","0.888756014523","10","10519182.591","-9155731.216","1363451.375","-914308.875"
"2_100_1.5_50_6.csv","2004/1/2","2007/12/31","463184.156","1763597.875","1300413.719","0.888756014523","10","10519182.591","-9155731.216","1363451.375","-914308.875"
"2_100_1.5_75_6.csv","2004/1/2","2007/12/31","463184.156","1763597.875","1300413.719","0.888756014523","10","10519182.591","-9155731.216","1363451.375","-914308.875"
"2_100_1.5_150_6.csv","2004/1/2","2007/12/31","328030.5","1508325.5","1180295.0","0.888755943482","10","9547531.192","-8310021.317","1237509.875","-829854.625"
"2_60_1_175_10.csv","2004/1/2","2007/12/31","132886.969","1615202.5","1482315.531","1.30844079909","6","11008668.888","-9477865.201","1530803.687","-671672.25"
"2_60_1_175_12.csv","2004/1/2","2007/12/31","23416.938","1362497.375","1339080.437","1.30844076083","6","9944909.227","-8562026.039","1382883.188","-606769.125"
"2_60_1.5_150_8.csv","2004/1/2","2007/12/31","-247551.875","282098.5","529650.375","0.703902843801","8","6236870.734","-5675360.64","561510.094","-329286.125"
"2_60_1.5_175_8.csv","2004/1/2","2007/12/31","-197139.844","437180.875","634320.719","0.790076222191","6","6527945.797","-5859630.859","668314.938","-369116.625"
"2_60_1.25_150_4.csv","2004/1/2","2007/12/31","-99595.148","1307709.125","1407304.273","1.56296833571","9","7288328.551","-5843869.66","1444458.891","-360212.687"
"2_20_1.5_150_4.csv","2004/1/2","2007/12/31","414666.906","753816.688","339149.782","0.23973825963","23","5902260.138","-5505359.544","396900.594","-502201.063"
"2_80_1.75_225_4.csv","2004/1/2","2007/12/31","-32810.492","523945.25","556755.742","0.575642867706","9","4761439.871","-4165801.715","595638.156","-389529.438"
"2_20_0.75_175_10.csv","2004/1/2","2007/12/31","889882.438","2400167.25","1510284.812","0.799142201458","20","11671900.749","-10088164.124","1583736.625","-787625.375"
"2_20_0.75_175_12.csv","2004/1/2","2007/12/31","889882.438","2400167.25","1510284.812","0.799142201458","20","11671900.749","-10088164.124","1583736.625","-787625.375"
"2_20_0.75_175_14.csv","2004/1/2","2007/12/31","889882.438","2400167.25","1510284.812","0.799142201458","20","11671900.749","-10088164.124","1583736.625","-787625.375"
"2_20_0.75_175_16.csv","2004/1/2","2007/12/31","889882.438","2400167.25","1510284.812","0.799142201458","20","11671900.749","-10088164.124","1583736.625","-787625.375"
"2_20_0.75_175_18.csv","2004/1/2","2007/12/31","889882.438","2400167.25","1510284.812","0.799142201458","20","11671900.749","-10088164.124","1583736.625","-787625.375"
"2_20_0.75_175_20.csv","2004/1/2","2007/12/31","889882.438","2400167.25","1510284.812","0.799142201458","20","11671900.749","-10088164.124","1583736.625","-787625.375"
"2_20_0.75_175_8.csv","2004/1/2","2007/12/31","889882.438","2400167.25","1510284.812","0.799142201458","20","11671900.749","-10088164.124","1583736.625","-787625.375"
"2_20_0.75_175_6.csv","2004/1/2","2007/12/31","1009462.313","2615308.25","1605845.937","0.799142102149","20","12410425.936","-10726480.686","1683945.25","-837461.75"
"1_60_1_125_10.csv","2004/1/2","2007/12/31","723372.25","2165170.75","1441798.5","0.83661466639","24","12177818.496","-10669631.059","1508187.437","-760905.25"
"1_60_1_125_12.csv","2004/1/2","2007/12/31","723372.25","2165170.75","1441798.5","0.83661466639","24","12177818.496","-10669631.059","1508187.437","-760905.25"
"1_60_1_125_14.csv","2004/1/2","2007/12/31","723372.25","2165170.75","1441798.5","0.83661466639","24","12177818.496","-10669631.059","1508187.437","-760905.25"
"1_60_1_125_16.csv","2004/1/2","2007/12/31","723372.25","2165170.75","1441798.5","0.83661466639","24","12177818.496","-10669631.059","1508187.437","-760905.25"
"1_60_1_125_18.csv","2004/1/2","2007/12/31","723372.25","2165170.75","1441798.5","0.83661466639","24","12177818.496","-10669631.059","1508187.437","-760905.25"
"1_60_1_125_20.csv","2004/1/2","2007/12/31","723372.25","2165170.75","1441798.5","0.83661466639","24","12177818.496","-10669631.059","1508187.437","-760905.25"
"1_60_1_125_4.csv","2004/1/2","2007/12/31","723372.25","2165170.75","1441798.5","0.83661466639","24","12177818.496","-10669631.059","1508187.437","-760905.25"
"1_60_1_125_6.csv","2004/1/2","2007/12/31","723372.25","2165170.75","1441798.5","0.83661466639","24","12177818.496","-10669631.059","1508187.437","-760905.25"
"1_60_1_125_8.csv","2004/1/2","2007/12/31","723372.25","2165170.75","1441798.5","0.83661466639","24","12177818.496","-10669631.059","1508187.437","-760905.25"
"3_60_1_125_10.csv","2004/1/2","2007/12/31","723372.25","2165170.75","1441798.5","0.83661466639","24","12177818.496","-10669631.059","1508187.437","-760905.25"
"3_60_1_125_12.csv","2004/1/2","2007/12/31","723372.25","2165170.75","1441798.5","0.83661466639","24","12177818.496","-10669631.059","1508187.437","-760905.25"
"3_60_1_125_14.csv","2004/1/2","2007/12/31","723372.25","2165170.75","1441798.5","0.83661466639","24","12177818.496","-10669631.059","1508187.437","-760905.25"
"3_60_1_125_16.csv","2004/1/2","2007/12/31","723372.25","2165170.75","1441798.5","0.83661466639","24","12177818.496","-10669631.059","1508187.437","-760905.25"
"3_60_1_125_18.csv","2004/1/2","2007/12/31","723372.25","2165170.75","1441798.5","0.83661466639","24","12177818.496","-10669631.059","1508187.437","-760905.25"
"3_60_1_125_20.csv","2004/1/2","2007/12/31","723372.25","2165170.75","1441798.5","0.83661466639","24","12177818.496","-10669631.059","1508187.437","-760905.25"
"3_60_1_125_4.csv","2004/1/2","2007/12/31","723372.25","2165170.75","1441798.5","0.83661466639","24","12177818.496","-10669631.059","1508187.437","-760905.25"
"3_60_1_125_6.csv","2004/1/2","2007/12/31","723372.25","2165170.75","1441798.5","0.83661466639","24","12177818.496","-10669631.059","1508187.437","-760905.25"
"3_60_1_125_8.csv","2004/1/2","2007/12/31","723372.25","2165170.75","1441798.5","0.83661466639","24","12177818.496","-10669631.059","1508187.437","-760905.25"
"1_60_0.75_150_4.csv","2004/1/2","2007/12/31","269929.156","1569338.625","1299409.469","1.02321413983","20","9734438.186","-8386266.53","1348171.656","-566946.402"
"3_60_0.75_150_4.csv","2004/1/2","2007/12/31","269929.156","1569338.625","1299409.469","1.02321413983","20","9734438.186","-8386266.53","1348171.656","-566946.402"
"1_60_0.75_150_10.csv","2004/1/2","2007/12/31","206007.109","1440010.125","1234003.016","1.0232137164","20","9244450.024","-7964139.274","1280310.75","-538408.848"
"1_60_0.75_150_12.csv","2004/1/2","2007/12/31","206007.109","1440010.125","1234003.016","1.0232137164","20","9244450.024","-7964139.274","1280310.75","-538408.848"
"1_60_0.75_150_14.csv","2004/1/2","2007/12/31","206007.109","1440010.125","1234003.016","1.0232137164","20","9244450.024","-7964139.274","1280310.75","-538408.848"
"1_60_0.75_150_16.csv","2004/1/2","2007/12/31","206007.109","1440010.125","1234003.016","1.0232137164","20","9244450.024","-7964139.274","1280310.75","-538408.848"
"1_60_0.75_150_18.csv","2004/1/2","2007/12/31","206007.109","1440010.125","1234003.016","1.0232137164","20","9244450.024","-7964139.274","1280310.75","-538408.848"
"1_60_0.75_150_20.csv","2004/1/2","2007/12/31","206007.109","1440010.125","1234003.016","1.0232137164","20","9244450.024","-7964139.274","1280310.75","-538408.848"
"1_60_0.75_150_6.csv","2004/1/2","2007/12/31","206007.109","1440010.125","1234003.016","1.0232137164","20","9244450.024","-7964139.274","1280310.75","-538408.848"
"1_60_0.75_150_8.csv","2004/1/2","2007/12/31","206007.109","1440010.125","1234003.016","1.0232137164","20","9244450.024","-7964139.274","1280310.75","-538408.848"
"3_60_0.75_150_10.csv","2004/1/2","2007/12/31","206007.109","1440010.125","1234003.016","1.0232137164","20","9244450.024","-7964139.274","1280310.75","-538408.848"
"3_60_0.75_150_12.csv","2004/1/2","2007/12/31","206007.109","1440010.125","1234003.016","1.0232137164","20","9244450.024","-7964139.274","1280310.75","-538408.848"
"3_60_0.75_150_14.csv","2004/1/2","2007/12/31","206007.109","1440010.125","1234003.016","1.0232137164","20","9244450.024","-7964139.274","1280310.75","-538408.848"
"3_60_0.75_150_16.csv","2004/1/2","2007/12/31","206007.109","1440010.125","1234003.016","1.0232137164","20","9244450.024","-7964139.274","1280310.75","-538408.848"
"3_60_0.75_150_18.csv","2004/1/2","2007/12/31","206007.109","1440010.125","1234003.016","1.0232137164","20","9244450.024","-7964139.274","1280310.75","-538408.848"
"3_60_0.75_150_20.csv","2004/1/2","2007/12/31","206007.109","1440010.125","1234003.016","1.0232137164","20","9244450.024","-7964139.274","1280310.75","-538408.848"
"3_60_0.75_150_6.csv","2004/1/2","2007/12/31","206007.109","1440010.125","1234003.016","1.0232137164","20","9244450.024","-7964139.274","1280310.75","-538408.848"
"3_60_0.75_150_8.csv","2004/1/2","2007/12/31","206007.109","1440010.125","1234003.016","1.0232137164","20","9244450.024","-7964139.274","1280310.75","-538408.848"
"1_120_0.75_100_4.csv","2004/1/2","2007/12/31","263157.719","743885.5","480727.781","0.380576212906","23","9827501.946","-9298568.259","528933.687","-875181.469"
"1_120_0.75_125_4.csv","2004/1/2","2007/12/31","263157.719","743885.5","480727.781","0.380576212906","23","9827501.946","-9298568.259","528933.687","-875181.469"
"1_120_0.75_75_4.csv","2004/1/2","2007/12/31","263157.719","743885.5","480727.781","0.380576212906","23","9827501.946","-9298568.259","528933.687","-875181.469"
"3_120_0.75_100_4.csv","2004/1/2","2007/12/31","263157.719","743885.5","480727.781","0.380576212906","23","9827501.946","-9298568.259","528933.687","-875181.469"
"3_120_0.75_125_4.csv","2004/1/2","2007/12/31","263157.719","743885.5","480727.781","0.380576212906","23","9827501.946","-9298568.259","528933.687","-875181.469"
"3_120_0.75_75_4.csv","2004/1/2","2007/12/31","263157.719","743885.5","480727.781","0.380576212906","23","9827501.946","-9298568.259","528933.687","-875181.469"
"1_120_0.75_175_6.csv","2004/1/2","2007/12/31","416550.375","1035478.5","618928.125","0.436926307686","22","11197156.638","-10524168.701","672987.937","-948196.547"
"3_120_0.75_175_6.csv","2004/1/2","2007/12/31","416550.375","1035478.5","618928.125","0.436926307686","22","11197156.638","-10524168.701","672987.937","-948196.547"
"1_120_0.75_100_10.csv","2004/1/2","2007/12/31","137024.891","569749.625","432724.734","0.380576307014","23","8846176.361","-8370059.361","476117.0","-787790.188"
"1_120_0.75_100_12.csv","2004/1/2","2007/12/31","137024.891","569749.625","432724.734","0.380576307014","23","8846176.361","-8370059.361","476117.0","-787790.188"
"1_120_0.75_100_14.csv","2004/1/2","2007/12/31","137024.891","569749.625","432724.734","0.380576307014","23","8846176.361","-8370059.361","476117.0","-787790.188"
"1_120_0.75_100_16.csv","2004/1/2","2007/12/31","137024.891","569749.625","432724.734","0.380576307014","23","8846176.361","-8370059.361","476117.0","-787790.188"
"1_120_0.75_100_18.csv","2004/1/2","2007/12/31","137024.891","569749.625","432724.734","0.380576307014","23","8846176.361","-8370059.361","476117.0","-787790.188"
"1_120_0.75_100_20.csv","2004/1/2","2007/12/31","137024.891","569749.625","432724.734","0.380576307014","23","8846176.361","-8370059.361","476117.0","-787790.188"
"1_120_0.75_100_8.csv","2004/1/2","2007/12/31","137024.891","569749.625","432724.734","0.380576307014","23","8846176.361","-8370059.361","476117.0","-787790.188"
"1_120_0.75_125_10.csv","2004/1/2","2007/12/31","137024.891","569749.625","432724.734","0.380576307014","23","8846176.361","-8370059.361","476117.0","-787790.188"
"1_120_0.75_125_12.csv","2004/1/2","2007/12/31","137024.891","569749.625","432724.734","0.380576307014","23","8846176.361","-8370059.361","476117.0","-787790.188"
"1_120_0.75_125_14.csv","2004/1/2","2007/12/31","137024.891","569749.625","432724.734","0.380576307014","23","8846176.361","-8370059.361","476117.0","-787790.188"
"1_120_0.75_125_16.csv","2004/1/2","2007/12/31","137024.891","569749.625","432724.734","0.380576307014","23","8846176.361","-8370059.361","476117.0","-787790.188"
"1_120_0.75_125_18.csv","2004/1/2","2007/12/31","137024.891","569749.625","432724.734","0.380576307014","23","8846176.361","-8370059.361","476117.0","-787790.188"
"1_120_0.75_125_20.csv","2004/1/2","2007/12/31","137024.891","569749.625","432724.734","0.380576307014","23","8846176.361","-8370059.361","476117.0","-787790.188"
"1_120_0.75_125_8.csv","2004/1/2","2007/12/31","137024.891","569749.625","432724.734","0.380576307014","23","8846176.361","-8370059.361","476117.0","-787790.188"
"1_120_0.75_75_10.csv","2004/1/2","2007/12/31","137024.891","569749.625","432724.734","0.380576307014","23","8846176.361","-8370059.361","476117.0","-787790.188"
"1_120_0.75_75_12.csv","2004/1/2","2007/12/31","137024.891","569749.625","432724.734","0.380576307014","23","8846176.361","-8370059.361","476117.0","-787790.188"
"1_120_0.75_75_14.csv","2004/1/2","2007/12/31","137024.891","569749.625","432724.734","0.380576307014","23","8846176.361","-8370059.361","476117.0","-787790.188"
"1_120_0.75_75_16.csv","2004/1/2","2007/12/31","137024.891","569749.625","432724.734","0.380576307014","23","8846176.361","-8370059.361","476117.0","-787790.188"
"1_120_0.75_75_18.csv","2004/1/2","2007/12/31","137024.891","569749.625","432724.734","0.380576307014","23","8846176.361","-8370059.361","476117.0","-787790.188"
"1_120_0.75_75_20.csv","2004/1/2","2007/12/31","137024.891","569749.625","432724.734","0.380576307014","23","8846176.361","-8370059.361","476117.0","-787790.188"
"1_120_0.75_75_8.csv","2004/1/2","2007/12/31","137024.891","569749.625","432724.734","0.380576307014","23","8846176.361","-8370059.361","476117.0","-787790.188"
"3_120_0.75_100_10.csv","2004/1/2","2007/12/31","137024.891","569749.625","432724.734","0.380576307014","23","8846176.361","-8370059.361","476117.0","-787790.188"
"3_120_0.75_100_12.csv","2004/1/2","2007/12/31","137024.891","569749.625","432724.734","0.380576307014","23","8846176.361","-8370059.361","476117.0","-787790.188"
"3_120_0.75_100_14.csv","2004/1/2","2007/12/31","137024.891","569749.625","432724.734","0.380576307014","23","8846176.361","-8370059.361","476117.0","-787790.188"
"3_120_0.75_100_16.csv","2004/1/2","2007/12/31","137024.891","569749.625","432724.734","0.380576307014","23","8846176.361","-8370059.361","476117.0","-787790.188"
"3_120_0.75_100_18.csv","2004/1/2","2007/12/31","137024.891","569749.625","432724.734","0.380576307014","23","8846176.361","-8370059.361","476117.0","-787790.188"
"3_120_0.75_100_20.csv","2004/1/2","2007/12/31","137024.891","569749.625","432724.734","0.380576307014","23","8846176.361","-8370059.361","476117.0","-787790.188"
"3_120_0.75_100_8.csv","2004/1/2","2007/12/31","137024.891","569749.625","432724.734","0.380576307014","23","8846176.361","-8370059.361","476117.0","-787790.188"
"3_120_0.75_125_10.csv","2004/1/2","2007/12/31","137024.891","569749.625","432724.734","0.380576307014","23","8846176.361","-8370059.361","476117.0","-787790.188"
"3_120_0.75_125_12.csv","2004/1/2","2007/12/31","137024.891","569749.625","432724.734","0.380576307014","23","8846176.361","-8370059.361","476117.0","-787790.188"
"3_120_0.75_125_14.csv","2004/1/2","2007/12/31","137024.891","569749.625","432724.734","0.380576307014","23","8846176.361","-8370059.361","476117.0","-787790.188"
"3_120_0.75_125_16.csv","2004/1/2","2007/12/31","137024.891","569749.625","432724.734","0.380576307014","23","8846176.361","-8370059.361","476117.0","-787790.188"
"3_120_0.75_125_18.csv","2004/1/2","2007/12/31","137024.891","569749.625","432724.734","0.380576307014","23","8846176.361","-8370059.361","476117.0","-787790.188"
"3_120_0.75_125_20.csv","2004/1/2","2007/12/31","137024.891","569749.625","432724.734","0.380576307014","23","8846176.361","-8370059.361","476117.0","-787790.188"
"3_120_0.75_125_8.csv","2004/1/2","2007/12/31","137024.891","569749.625","432724.734","0.380576307014","23","8846176.361","-8370059.361","476117.0","-787790.188"
"3_120_0.75_75_10.csv","2004/1/2","2007/12/31","137024.891","569749.625","432724.734","0.380576307014","23","8846176.361","-8370059.361","476117.0","-787790.188"
"3_120_0.75_75_12.csv","2004/1/2","2007/12/31","137024.891","569749.625","432724.734","0.380576307014","23","8846176.361","-8370059.361","476117.0","-787790.188"
"3_120_0.75_75_14.csv","2004/1/2","2007/12/31","137024.891","569749.625","432724.734","0.380576307014","23","8846176.361","-8370059.361","476117.0","-787790.188"
"3_120_0.75_75_16.csv","2004/1/2","2007/12/31","137024.891","569749.625","432724.734","0.380576307014","23","8846176.361","-8370059.361","476117.0","-787790.188"
"3_120_0.75_75_18.csv","2004/1/2","2007/12/31","137024.891","569749.625","432724.734","0.380576307014","23","8846176.361","-8370059.361","476117.0","-787790.188"
"3_120_0.75_75_20.csv","2004/1/2","2007/12/31","137024.891","569749.625","432724.734","0.380576307014","23","8846176.361","-8370059.361","476117.0","-787790.188"
"3_120_0.75_75_8.csv","2004/1/2","2007/12/31","137024.891","569749.625","432724.734","0.380576307014","23","8846176.361","-8370059.361","476117.0","-787790.188"
"1_120_0.75_150_6.csv","2004/1/2","2007/12/31","278144.625","764576.063","486431.438","0.380576210615","23","9944102.343","-9408893.093","535209.25","-885565.282"
"3_120_0.75_150_6.csv","2004/1/2","2007/12/31","278144.625","764576.063","486431.438","0.380576210615","23","9944102.343","-9408893.093","535209.25","-885565.282"
"1_120_0.75_100_6.csv","2004/1/2","2007/12/31","241378.969","713818.375","472439.406","0.380576292815","23","9658062.278","-9138248.153","519814.125","-860092.125"
"1_120_0.75_125_6.csv","2004/1/2","2007/12/31","241378.969","713818.375","472439.406","0.380576292815","23","9658062.278","-9138248.153","519814.125","-860092.125"
"1_120_0.75_75_6.csv","2004/1/2","2007/12/31","241378.969","713818.375","472439.406","0.380576292815","23","9658062.278","-9138248.153","519814.125","-860092.125"
"3_120_0.75_100_6.csv","2004/1/2","2007/12/31","241378.969","713818.375","472439.406","0.380576292815","23","9658062.278","-9138248.153","519814.125","-860092.125"
"3_120_0.75_125_6.csv","2004/1/2","2007/12/31","241378.969","713818.375","472439.406","0.380576292815","23","9658062.278","-9138248.153","519814.125","-860092.125"
"3_120_0.75_75_6.csv","2004/1/2","2007/12/31","241378.969","713818.375","472439.406","0.380576292815","23","9658062.278","-9138248.153","519814.125","-860092.125"
"1_120_0.75_150_4.csv","2004/1/2","2007/12/31","300568.375","795533.75","494965.375","0.380576203846","23","10118560.834","-9573961.897","544598.937","-901101.516"
"3_120_0.75_150_4.csv","2004/1/2","2007/12/31","300568.375","795533.75","494965.375","0.380576203846","23","10118560.834","-9573961.897","544598.937","-901101.516"
"1_120_0.75_150_10.csv","2004/1/2","2007/12/31","170699.906","616240.5","445540.594","0.380576261873","23","9108170.898","-8617952.914","490217.984","-811121.906"
"1_120_0.75_150_12.csv","2004/1/2","2007/12/31","170699.906","616240.5","445540.594","0.380576261873","23","9108170.898","-8617952.914","490217.984","-811121.906"
"1_120_0.75_150_14.csv","2004/1/2","2007/12/31","170699.906","616240.5","445540.594","0.380576261873","23","9108170.898","-8617952.914","490217.984","-811121.906"
"1_120_0.75_150_16.csv","2004/1/2","2007/12/31","170699.906","616240.5","445540.594","0.380576261873","23","9108170.898","-8617952.914","490217.984","-811121.906"
"1_120_0.75_150_18.csv","2004/1/2","2007/12/31","170699.906","616240.5","445540.594","0.380576261873","23","9108170.898","-8617952.914","490217.984","-811121.906"
"1_120_0.75_150_20.csv","2004/1/2","2007/12/31","170699.906","616240.5","445540.594","0.380576261873","23","9108170.898","-8617952.914","490217.984","-811121.906"
"1_120_0.75_150_8.csv","2004/1/2","2007/12/31","170699.906","616240.5","445540.594","0.380576261873","23","9108170.898","-8617952.914","490217.984","-811121.906"
"3_120_0.75_150_10.csv","2004/1/2","2007/12/31","170699.906","616240.5","445540.594","0.380576261873","23","9108170.898","-8617952.914","490217.984","-811121.906"
"3_120_0.75_150_12.csv","2004/1/2","2007/12/31","170699.906","616240.5","445540.594","0.380576261873","23","9108170.898","-8617952.914","490217.984","-811121.906"
"3_120_0.75_150_14.csv","2004/1/2","2007/12/31","170699.906","616240.5","445540.594","0.380576261873","23","9108170.898","-8617952.914","490217.984","-811121.906"
"3_120_0.75_150_16.csv","2004/1/2","2007/12/31","170699.906","616240.5","445540.594","0.380576261873","23","9108170.898","-8617952.914","490217.984","-811121.906"
"3_120_0.75_150_18.csv","2004/1/2","2007/12/31","170699.906","616240.5","445540.594","0.380576261873","23","9108170.898","-8617952.914","490217.984","-811121.906"
"3_120_0.75_150_20.csv","2004/1/2","2007/12/31","170699.906","616240.5","445540.594","0.380576261873","23","9108170.898","-8617952.914","490217.984","-811121.906"
"3_120_0.75_150_8.csv","2004/1/2","2007/12/31","170699.906","616240.5","445540.594","0.380576261873","23","9108170.898","-8617952.914","490217.984","-811121.906"
"1_120_0.75_175_4.csv","2004/1/2","2007/12/31","441402.031","1071188.5","629786.469","0.436926308868","22","11393597.712","-10708803.056","684794.656","-964831.563"
"3_120_0.75_175_4.csv","2004/1/2","2007/12/31","441402.031","1071188.5","629786.469","0.436926308868","22","11393597.712","-10708803.056","684794.656","-964831.563"
"1_120_0.75_175_10.csv","2004/1/2","2007/12/31","297470.781","864369.875","566899.094","0.436926289441","22","10255889.868","-9639475.462","616414.406","-868488.266"
"1_120_0.75_175_12.csv","2004/1/2","2007/12/31","297470.781","864369.875","566899.094","0.436926289441","22","10255889.868","-9639475.462","616414.406","-868488.266"
"1_120_0.75_175_14.csv","2004/1/2","2007/12/31","297470.781","864369.875","566899.094","0.436926289441","22","10255889.868","-9639475.462","616414.406","-868488.266"
"1_120_0.75_175_16.csv","2004/1/2","2007/12/31","297470.781","864369.875","566899.094","0.436926289441","22","10255889.868","-9639475.462","616414.406","-868488.266"
"1_120_0.75_175_18.csv","2004/1/2","2007/12/31","297470.781","864369.875","566899.094","0.436926289441","22","10255889.868","-9639475.462","616414.406","-868488.266"
"1_120_0.75_175_20.csv","2004/1/2","2007/12/31","297470.781","864369.875","566899.094","0.436926289441","22","10255889.868","-9639475.462","616414.406","-868488.266"
"1_120_0.75_175_8.csv","2004/1/2","2007/12/31","297470.781","864369.875","566899.094","0.436926289441","22","10255889.868","-9639475.462","616414.406","-868488.266"
"3_120_0.75_175_10.csv","2004/1/2","2007/12/31","297470.781","864369.875","566899.094","0.436926289441","22","10255889.868","-9639475.462","616414.406","-868488.266"
"3_120_0.75_175_12.csv","2004/1/2","2007/12/31","297470.781","864369.875","566899.094","0.436926289441","22","10255889.868","-9639475.462","616414.406","-868488.266"
"3_120_0.75_175_14.csv","2004/1/2","2007/12/31","297470.781","864369.875","566899.094","0.436926289441","22","10255889.868","-9639475.462","616414.406","-868488.266"
"3_120_0.75_175_16.csv","2004/1/2","2007/12/31","297470.781","864369.875","566899.094","0.436926289441","22","10255889.868","-9639475.462","616414.406","-868488.266"
"3_120_0.75_175_18.csv","2004/1/2","2007/12/31","297470.781","864369.875","566899.094","0.436926289441","22","10255889.868","-9639475.462","616414.406","-868488.266"
"3_120_0.75_175_20.csv","2004/1/2","2007/12/31","297470.781","864369.875","566899.094","0.436926289441","22","10255889.868","-9639475.462","616414.406","-868488.266"
"3_120_0.75_175_8.csv","2004/1/2","2007/12/31","297470.781","864369.875","566899.094","0.436926289441","22","10255889.868","-9639475.462","616414.406","-868488.266"
"2_60_1_150_8.csv","2004/1/2","2007/12/31","476749.563","2135860.0","1659110.437","1.12348801623","8","14446223.125","-12733398.094","1712825.031","-805394.5"
"2_80_1.25_225_4.csv","2004/1/2","2007/12/31","171210.141","1186833.0","1015622.859","0.867156817933","10","8397316.851","-7343356.773","1053960.078","-752031.422"
"2_80_1.25_200_4.csv","2004/1/2","2007/12/31","-26762.191","817187.5","843949.691","0.867156704349","10","6977898.403","-6102091.723","875806.68","-624913.782"
"2_80_2_225_8.csv","2004/1/2","2007/12/31","326863.656","1482417.25","1155553.594","0.870890983241","5","8885086.104","-7686304.417","1198781.687","-687547.105"
"1_60_0.75_175_10.csv","2004/1/2","2007/12/31","390297.938","1948398.75","1558100.812","1.12069562172","17","10366286.834","-8766787.053","1599499.781","-567238.219"
"1_60_0.75_175_12.csv","2004/1/2","2007/12/31","390297.938","1948398.75","1558100.812","1.12069562172","17","10366286.834","-8766787.053","1599499.781","-567238.219"
"1_60_0.75_175_14.csv","2004/1/2","2007/12/31","390297.938","1948398.75","1558100.812","1.12069562172","17","10366286.834","-8766787.053","1599499.781","-567238.219"
"1_60_0.75_175_16.csv","2004/1/2","2007/12/31","390297.938","1948398.75","1558100.812","1.12069562172","17","10366286.834","-8766787.053","1599499.781","-567238.219"
"1_60_0.75_175_18.csv","2004/1/2","2007/12/31","390297.938","1948398.75","1558100.812","1.12069562172","17","10366286.834","-8766787.053","1599499.781","-567238.219"
"1_60_0.75_175_20.csv","2004/1/2","2007/12/31","390297.938","1948398.75","1558100.812","1.12069562172","17","10366286.834","-8766787.053","1599499.781","-567238.219"
"1_60_0.75_175_6.csv","2004/1/2","2007/12/31","390297.938","1948398.75","1558100.812","1.12069562172","17","10366286.834","-8766787.053","1599499.781","-567238.219"
"1_60_0.75_175_8.csv","2004/1/2","2007/12/31","390297.938","1948398.75","1558100.812","1.12069562172","17","10366286.834","-8766787.053","1599499.781","-567238.219"
"3_60_0.75_175_10.csv","2004/1/2","2007/12/31","390297.938","1948398.75","1558100.812","1.12069562172","17","10366286.834","-8766787.053","1599499.781","-567238.219"
"3_60_0.75_175_12.csv","2004/1/2","2007/12/31","390297.938","1948398.75","1558100.812","1.12069562172","17","10366286.834","-8766787.053","1599499.781","-567238.219"
"3_60_0.75_175_14.csv","2004/1/2","2007/12/31","390297.938","1948398.75","1558100.812","1.12069562172","17","10366286.834","-8766787.053","1599499.781","-567238.219"
"3_60_0.75_175_16.csv","2004/1/2","2007/12/31","390297.938","1948398.75","1558100.812","1.12069562172","17","10366286.834","-8766787.053","1599499.781","-567238.219"
"3_60_0.75_175_18.csv","2004/1/2","2007/12/31","390297.938","1948398.75","1558100.812","1.12069562172","17","10366286.834","-8766787.053","1599499.781","-567238.219"
"3_60_0.75_175_20.csv","2004/1/2","2007/12/31","390297.938","1948398.75","1558100.812","1.12069562172","17","10366286.834","-8766787.053","1599499.781","-567238.219"
"3_60_0.75_175_6.csv","2004/1/2","2007/12/31","390297.938","1948398.75","1558100.812","1.12069562172","17","10366286.834","-8766787.053","1599499.781","-567238.219"
"3_60_0.75_175_8.csv","2004/1/2","2007/12/31","390297.938","1948398.75","1558100.812","1.12069562172","17","10366286.834","-8766787.053","1599499.781","-567238.219"
"1_60_0.75_225_4.csv","2004/1/2","2007/12/31","412409.281","1995290.0","1582880.719","1.12069549549","17","10531149.953","-8906211.891","1624938.062","-576259.547"
"3_60_0.75_225_4.csv","2004/1/2","2007/12/31","412409.281","1995290.0","1582880.719","1.12069549549","17","10531149.953","-8906211.891","1624938.062","-576259.547"
"1_60_0.75_175_4.csv","2004/1/2","2007/12/31","463988.813","2104674.5","1640685.687","1.12069550835","17","10915736.567","-9231457.661","1684278.906","-597303.907"
"3_60_0.75_175_4.csv","2004/1/2","2007/12/31","463988.813","2104674.5","1640685.687","1.12069550835","17","10915736.567","-9231457.661","1684278.906","-597303.907"
"1_60_0.75_225_10.csv","2004/1/2","2007/12/31","341314.781","1844520.375","1503205.594","1.12069561545","17","10001059.091","-8457913.185","1543145.906","-547253.25"
"1_60_0.75_225_12.csv","2004/1/2","2007/12/31","341314.781","1844520.375","1503205.594","1.12069561545","17","10001059.091","-8457913.185","1543145.906","-547253.25"
"1_60_0.75_225_14.csv","2004/1/2","2007/12/31","341314.781","1844520.375","1503205.594","1.12069561545","17","10001059.091","-8457913.185","1543145.906","-547253.25"
"1_60_0.75_225_16.csv","2004/1/2","2007/12/31","341314.781","1844520.375","1503205.594","1.12069561545","17","10001059.091","-8457913.185","1543145.906","-547253.25"
"1_60_0.75_225_18.csv","2004/1/2","2007/12/31","341314.781","1844520.375","1503205.594","1.12069561545","17","10001059.091","-8457913.185","1543145.906","-547253.25"
"1_60_0.75_225_20.csv","2004/1/2","2007/12/31","341314.781","1844520.375","1503205.594","1.12069561545","17","10001059.091","-8457913.185","1543145.906","-547253.25"
"1_60_0.75_225_6.csv","2004/1/2","2007/12/31","341314.781","1844520.375","1503205.594","1.12069561545","17","10001059.091","-8457913.185","1543145.906","-547253.25"
"1_60_0.75_225_8.csv","2004/1/2","2007/12/31","341314.781","1844520.375","1503205.594","1.12069561545","17","10001059.091","-8457913.185","1543145.906","-547253.25"
"3_60_0.75_225_10.csv","2004/1/2","2007/12/31","341314.781","1844520.375","1503205.594","1.12069561545","17","10001059.091","-8457913.185","1543145.906","-547253.25"
"3_60_0.75_225_12.csv","2004/1/2","2007/12/31","341314.781","1844520.375","1503205.594","1.12069561545","17","10001059.091","-8457913.185","1543145.906","-547253.25"
"3_60_0.75_225_14.csv","2004/1/2","2007/12/31","341314.781","1844520.375","1503205.594","1.12069561545","17","10001059.091","-8457913.185","1543145.906","-547253.25"
"3_60_0.75_225_16.csv","2004/1/2","2007/12/31","341314.781","1844520.375","1503205.594","1.12069561545","17","10001059.091","-8457913.185","1543145.906","-547253.25"
"3_60_0.75_225_18.csv","2004/1/2","2007/12/31","341314.781","1844520.375","1503205.594","1.12069561545","17","10001059.091","-8457913.185","1543145.906","-547253.25"
"3_60_0.75_225_20.csv","2004/1/2","2007/12/31","341314.781","1844520.375","1503205.594","1.12069561545","17","10001059.091","-8457913.185","1543145.906","-547253.25"
"3_60_0.75_225_6.csv","2004/1/2","2007/12/31","341314.781","1844520.375","1503205.594","1.12069561545","17","10001059.091","-8457913.185","1543145.906","-547253.25"
"3_60_0.75_225_8.csv","2004/1/2","2007/12/31","341314.781","1844520.375","1503205.594","1.12069561545","17","10001059.091","-8457913.185","1543145.906","-547253.25"
"1_60_2_150_10.csv","2004/1/2","2007/12/31","842434.688","760990.0","-81444.688","-0.044204925434","22","3630389.496","-3660749.121","-30359.625","-722121.656"
"1_60_2_150_12.csv","2004/1/2","2007/12/31","842434.688","760990.0","-81444.688","-0.044204925434","22","3630389.496","-3660749.121","-30359.625","-722121.656"
"1_60_2_150_14.csv","2004/1/2","2007/12/31","842434.688","760990.0","-81444.688","-0.044204925434","22","3630389.496","-3660749.121","-30359.625","-722121.656"
"1_60_2_150_16.csv","2004/1/2","2007/12/31","842434.688","760990.0","-81444.688","-0.044204925434","22","3630389.496","-3660749.121","-30359.625","-722121.656"
"1_60_2_150_18.csv","2004/1/2","2007/12/31","842434.688","760990.0","-81444.688","-0.044204925434","22","3630389.496","-3660749.121","-30359.625","-722121.656"
"1_60_2_150_20.csv","2004/1/2","2007/12/31","842434.688","760990.0","-81444.688","-0.044204925434","22","3630389.496","-3660749.121","-30359.625","-722121.656"
"1_60_2_150_4.csv","2004/1/2","2007/12/31","842434.688","760990.0","-81444.688","-0.044204925434","22","3630389.496","-3660749.121","-30359.625","-722121.656"
"1_60_2_150_6.csv","2004/1/2","2007/12/31","842434.688","760990.0","-81444.688","-0.044204925434","22","3630389.496","-3660749.121","-30359.625","-722121.656"
"1_60_2_150_8.csv","2004/1/2","2007/12/31","842434.688","760990.0","-81444.688","-0.044204925434","22","3630389.496","-3660749.121","-30359.625","-722121.656"
"3_60_2_150_10.csv","2004/1/2","2007/12/31","842434.688","760990.0","-81444.688","-0.044204925434","22","3630389.496","-3660749.121","-30359.625","-722121.656"
"3_60_2_150_12.csv","2004/1/2","2007/12/31","842434.688","760990.0","-81444.688","-0.044204925434","22","3630389.496","-3660749.121","-30359.625","-722121.656"
"3_60_2_150_14.csv","2004/1/2","2007/12/31","842434.688","760990.0","-81444.688","-0.044204925434","22","3630389.496","-3660749.121","-30359.625","-722121.656"
"3_60_2_150_16.csv","2004/1/2","2007/12/31","842434.688","760990.0","-81444.688","-0.044204925434","22","3630389.496","-3660749.121","-30359.625","-722121.656"
"3_60_2_150_18.csv","2004/1/2","2007/12/31","842434.688","760990.0","-81444.688","-0.044204925434","22","3630389.496","-3660749.121","-30359.625","-722121.656"
"3_60_2_150_20.csv","2004/1/2","2007/12/31","842434.688","760990.0","-81444.688","-0.044204925434","22","3630389.496","-3660749.121","-30359.625","-722121.656"
"3_60_2_150_4.csv","2004/1/2","2007/12/31","842434.688","760990.0","-81444.688","-0.044204925434","22","3630389.496","-3660749.121","-30359.625","-722121.656"
"3_60_2_150_6.csv","2004/1/2","2007/12/31","842434.688","760990.0","-81444.688","-0.044204925434","22","3630389.496","-3660749.121","-30359.625","-722121.656"
"3_60_2_150_8.csv","2004/1/2","2007/12/31","842434.688","760990.0","-81444.688","-0.044204925434","22","3630389.496","-3660749.121","-30359.625","-722121.656"
"1_60_2_175_10.csv","2004/1/2","2007/12/31","779089.563","684796.75","-94292.813","-0.0530005992734","21","3450549.064","-3495513.189","-44964.125","-709564.844"
"1_60_2_175_12.csv","2004/1/2","2007/12/31","779089.563","684796.75","-94292.813","-0.0530005992734","21","3450549.064","-3495513.189","-44964.125","-709564.844"
"1_60_2_175_14.csv","2004/1/2","2007/12/31","779089.563","684796.75","-94292.813","-0.0530005992734","21","3450549.064","-3495513.189","-44964.125","-709564.844"
"1_60_2_175_16.csv","2004/1/2","2007/12/31","779089.563","684796.75","-94292.813","-0.0530005992734","21","3450549.064","-3495513.189","-44964.125","-709564.844"
"1_60_2_175_18.csv","2004/1/2","2007/12/31","779089.563","684796.75","-94292.813","-0.0530005992734","21","3450549.064","-3495513.189","-44964.125","-709564.844"
"1_60_2_175_20.csv","2004/1/2","2007/12/31","779089.563","684796.75","-94292.813","-0.0530005992734","21","3450549.064","-3495513.189","-44964.125","-709564.844"
"1_60_2_175_4.csv","2004/1/2","2007/12/31","779089.563","684796.75","-94292.813","-0.0530005992734","21","3450549.064","-3495513.189","-44964.125","-709564.844"
"1_60_2_175_6.csv","2004/1/2","2007/12/31","779089.563","684796.75","-94292.813","-0.0530005992734","21","3450549.064","-3495513.189","-44964.125","-709564.844"
"1_60_2_175_8.csv","2004/1/2","2007/12/31","779089.563","684796.75","-94292.813","-0.0530005992734","21","3450549.064","-3495513.189","-44964.125","-709564.844"
"3_60_2_175_10.csv","2004/1/2","2007/12/31","779089.563","684796.75","-94292.813","-0.0530005992734","21","3450549.064","-3495513.189","-44964.125","-709564.844"
"3_60_2_175_12.csv","2004/1/2","2007/12/31","779089.563","684796.75","-94292.813","-0.0530005992734","21","3450549.064","-3495513.189","-44964.125","-709564.844"
"3_60_2_175_14.csv","2004/1/2","2007/12/31","779089.563","684796.75","-94292.813","-0.0530005992734","21","3450549.064","-3495513.189","-44964.125","-709564.844"
"3_60_2_175_16.csv","2004/1/2","2007/12/31","779089.563","684796.75","-94292.813","-0.0530005992734","21","3450549.064","-3495513.189","-44964.125","-709564.844"
"3_60_2_175_18.csv","2004/1/2","2007/12/31","779089.563","684796.75","-94292.813","-0.0530005992734","21","3450549.064","-3495513.189","-44964.125","-709564.844"
"3_60_2_175_20.csv","2004/1/2","2007/12/31","779089.563","684796.75","-94292.813","-0.0530005992734","21","3450549.064","-3495513.189","-44964.125","-709564.844"
"3_60_2_175_4.csv","2004/1/2","2007/12/31","779089.563","684796.75","-94292.813","-0.0530005992734","21","3450549.064","-3495513.189","-44964.125","-709564.844"
"3_60_2_175_6.csv","2004/1/2","2007/12/31","779089.563","684796.75","-94292.813","-0.0530005992734","21","3450549.064","-3495513.189","-44964.125","-709564.844"
"3_60_2_175_8.csv","2004/1/2","2007/12/31","779089.563","684796.75","-94292.813","-0.0530005992734","21","3450549.064","-3495513.189","-44964.125","-709564.844"
"2_80_1.5_150_8.csv","2004/1/2","2007/12/31","-332545.313","-99628.344","232916.969","0.348962968628","7","5219901.061","-4968945.28","250955.781","-439430.891"
"2_80_1.5_125_8.csv","2004/1/2","2007/12/31","-251063.984","10287.031","261351.015","0.348963074838","7","5857135.576","-5575543.67","281591.906","-493075.703"
"2_80_1.5_100_8.csv","2004/1/2","2007/12/31","59574.148","429326.438","369752.29","0.348963110036","7","8286515.754","-7888127.207","398388.547","-697590.063"
"2_80_1.5_50_8.csv","2004/1/2","2007/12/31","260034.219","699739.625","439705.406","0.348963067328","7","9854234.769","-9380475.472","473759.297","-829566.594"
"2_80_1.5_75_8.csv","2004/1/2","2007/12/31","260034.219","699739.625","439705.406","0.348963067328","7","9854234.769","-9380475.472","473759.297","-829566.594"
"2_60_1.25_225_6.csv","2004/1/2","2007/12/31","154236.203","1600812.875","1446576.672","1.25327612168","6","8984374.652","-7507077.871","1477296.781","-423576.25"
"2_60_1.25_200_6.csv","2004/1/2","2007/12/31","-132975.344","802434.875","935410.219","1.07887383885","6","6314430.789","-5355944.633","958486.156","-312097.797"
"2_40_1.5_175_6.csv","2004/1/2","2007/12/31","928114.75","4263575.0","3335460.25","1.72990754311","8","13764515.868","-10378117.431","3386398.437","-844107.5"
"2_40_1.5_150_6.csv","2004/1/2","2007/12/31","1727207.875","6053406.5","4326198.625","1.58631055031","10","20017284.125","-15619036.625","4398247.5","-1131138.5"
"2_20_1.5_125_4.csv","2004/1/2","2007/12/31","612880.313","1051747.25","438866.937","0.272101366396","22","6785023.716","-6303613.091","481410.625","-598917.062"
"2_20_1.75_175_6.csv","2004/1/2","2007/12/31","645169.375","1693301.5","1048132.125","0.637096788287","14","7884253.066","-6793127.629","1091125.437","-558298.625"
"2_80_2_100_8.csv","2004/1/2","2007/12/31","141907.391","1052604.5","910697.109","0.797522737989","6","7557822.027","-6617471.8","940350.227","-624704.797"
"2_80_2_200_8.csv","2004/1/2","2007/12/31","201439.25","1247761.875","1046322.625","0.870890995945","5","8100806.116","-7023284.46","1077521.656","-622555.367"
"2_80_2_125_8.csv","2004/1/2","2007/12/31","-29623.742","744273.313","773897.055","0.797522660535","6","6422526.892","-5623431.063","799095.829","-530864.969"
"2_80_2_50_8.csv","2004/1/2","2007/12/31","449343.938","1605228.75","1155884.812","0.797522783719","6","9592620.788","-8399099.382","1193521.406","-792894.508"
"2_80_2_75_8.csv","2004/1/2","2007/12/31","449343.938","1605228.75","1155884.812","0.797522783719","6","9592620.788","-8399099.382","1193521.406","-792894.508"
"2_80_2_175_8.csv","2004/1/2","2007/12/31","138910.75","1130777.875","991867.125","0.870891002653","5","7679203.274","-6657760.891","1021442.383","-590154.766"
"2_80_2_150_8.csv","2004/1/2","2007/12/31","71466.867","925986.125","854519.258","0.797522801981","6","7091605.724","-6209262.599","882343.125","-586168.813"
"2_20_1.25_100_6.csv","2004/1/2","2007/12/31","1849617.25","3853834.0","2004216.75","0.703328403139","18","17807816.875","-15735299.5","2072517.375","-1472861.75"
"2_20_1.5_75_6.csv","2004/1/2","2007/12/31","2228768.5","4591396.0","2362627.5","0.731742613321","19","19525761.125","-17088617.875","2437143.25","-1334666.75"
"2_60_1.25_175_10.csv","2004/1/2","2007/12/31","47840.805","1577620.5","1529779.695","1.45993521888","5","9672440.662","-8119296.318","1553144.344","-419799.0"
"2_60_1.25_175_12.csv","2004/1/2","2007/12/31","47840.805","1347666.75","1299825.945","1.24048036572","5","9850253.787","-8527063.193","1323190.594","-602959.875"
"2_60_1.25_150_8.csv","2004/1/2","2007/12/31","97072.859","1773515.125","1676442.266","1.52810476738","6","10672736.116","-8972773.569","1699962.547","-451703.0"
"2_100_1.5_200_12.csv","2004/1/2","2007/12/31","-269341.625","64862.188","334203.813","0.457400920095","6","6053208.485","-5703643.859","349564.626","-370973.297"
"2_100_1.5_100_12.csv","2004/1/2","2007/12/31","-43265.148","339666.031","382931.179","0.400247966508","7","7800070.736","-7397025.885","403044.851","-510054.648"
"2_100_1.5_125_12.csv","2004/1/2","2007/12/31","-43265.148","339666.031","382931.179","0.400247966508","7","7800070.736","-7397025.885","403044.851","-510054.648"
"2_100_1.5_50_12.csv","2004/1/2","2007/12/31","-43265.148","339666.031","382931.179","0.400247966508","7","7800070.736","-7397025.885","403044.851","-510054.648"
"2_100_1.5_75_12.csv","2004/1/2","2007/12/31","-43265.148","339666.031","382931.179","0.400247966508","7","7800070.736","-7397025.885","403044.851","-510054.648"
"2_100_1.5_150_12.csv","2004/1/2","2007/12/31","-131638.313","215921.75","347560.063","0.400248039732","7","7079581.912","-6713766.099","365815.813","-462941.125"
"2_100_1.5_175_12.csv","2004/1/2","2007/12/31","-294380.219","28370.969","322751.188","0.457400992277","6","5845774.444","-5508188.912","337585.532","-358260.672"
"2_60_0.75_50_10.csv","2004/1/2","2007/12/31","716503.125","2037613.25","1321110.125","0.769652036025","13","16657407.531","-15302435.406","1354972.125","-962514.75"
"2_60_0.75_50_12.csv","2004/1/2","2007/12/31","716503.125","2037613.25","1321110.125","0.769652036025","13","16657407.531","-15302435.406","1354972.125","-962514.75"
"2_60_0.75_50_14.csv","2004/1/2","2007/12/31","716503.125","2037613.25","1321110.125","0.769652036025","13","16657407.531","-15302435.406","1354972.125","-962514.75"
"2_60_0.75_50_16.csv","2004/1/2","2007/12/31","716503.125","2037613.25","1321110.125","0.769652036025","13","16657407.531","-15302435.406","1354972.125","-962514.75"
"2_60_0.75_50_18.csv","2004/1/2","2007/12/31","716503.125","2037613.25","1321110.125","0.769652036025","13","16657407.531","-15302435.406","1354972.125","-962514.75"
"2_60_0.75_50_20.csv","2004/1/2","2007/12/31","716503.125","2037613.25","1321110.125","0.769652036025","13","16657407.531","-15302435.406","1354972.125","-962514.75"
"2_60_0.75_50_8.csv","2004/1/2","2007/12/31","839173.813","2254698.0","1415524.187","0.769652208505","13","17847836.892","-16396030.767","1451806.125","-1031301.375"
"2_60_0.75_75_10.csv","2004/1/2","2007/12/31","751205.875","2099025.0","1347819.125","0.769652011931","13","16994173.262","-15611807.575","1382365.687","-981974.187"
"2_60_0.75_75_12.csv","2004/1/2","2007/12/31","751205.875","2099025.0","1347819.125","0.769652011931","13","16994173.262","-15611807.575","1382365.687","-981974.187"
"2_60_0.75_75_14.csv","2004/1/2","2007/12/31","751205.875","2099025.0","1347819.125","0.769652011931","13","16994173.262","-15611807.575","1382365.687","-981974.187"
"2_60_0.75_75_16.csv","2004/1/2","2007/12/31","751205.875","2099025.0","1347819.125","0.769652011931","13","16994173.262","-15611807.575","1382365.687","-981974.187"
"2_60_0.75_75_18.csv","2004/1/2","2007/12/31","751205.875","2099025.0","1347819.125","0.769652011931","13","16994173.262","-15611807.575","1382365.687","-981974.187"
"2_60_0.75_75_20.csv","2004/1/2","2007/12/31","751205.875","2099025.0","1347819.125","0.769652011931","13","16994173.262","-15611807.575","1382365.687","-981974.187"
"2_60_0.75_75_8.csv","2004/1/2","2007/12/31","876356.625","2320498.5","1444141.875","0.769652131028","13","18208670.826","-16727513.514","1481157.312","-1052151.594"
"1_60_1_50_10.csv","2004/1/2","2007/12/31","2048420.25","4353393.5","2304973.25","0.756120567694","26","21881472.625","-19518645.625","2362827.0","-1286953.25"
"1_60_1_50_12.csv","2004/1/2","2007/12/31","2048420.25","4353393.5","2304973.25","0.756120567694","26","21881472.625","-19518645.625","2362827.0","-1286953.25"
"1_60_1_50_14.csv","2004/1/2","2007/12/31","2048420.25","4353393.5","2304973.25","0.756120567694","26","21881472.625","-19518645.625","2362827.0","-1286953.25"
"1_60_1_50_16.csv","2004/1/2","2007/12/31","2048420.25","4353393.5","2304973.25","0.756120567694","26","21881472.625","-19518645.625","2362827.0","-1286953.25"
"1_60_1_50_18.csv","2004/1/2","2007/12/31","2048420.25","4353393.5","2304973.25","0.756120567694","26","21881472.625","-19518645.625","2362827.0","-1286953.25"
"1_60_1_50_20.csv","2004/1/2","2007/12/31","2048420.25","4353393.5","2304973.25","0.756120567694","26","21881472.625","-19518645.625","2362827.0","-1286953.25"
"1_60_1_50_4.csv","2004/1/2","2007/12/31","2048420.25","4353393.5","2304973.25","0.756120567694","26","21881472.625","-19518645.625","2362827.0","-1286953.25"
"1_60_1_50_6.csv","2004/1/2","2007/12/31","2048420.25","4353393.5","2304973.25","0.756120567694","26","21881472.625","-19518645.625","2362827.0","-1286953.25"
"1_60_1_50_8.csv","2004/1/2","2007/12/31","2048420.25","4353393.5","2304973.25","0.756120567694","26","21881472.625","-19518645.625","2362827.0","-1286953.25"
"1_60_1_75_10.csv","2004/1/2","2007/12/31","2048420.25","4353393.5","2304973.25","0.756120567694","26","21881472.625","-19518645.625","2362827.0","-1286953.25"
"1_60_1_75_12.csv","2004/1/2","2007/12/31","2048420.25","4353393.5","2304973.25","0.756120567694","26","21881472.625","-19518645.625","2362827.0","-1286953.25"
"1_60_1_75_14.csv","2004/1/2","2007/12/31","2048420.25","4353393.5","2304973.25","0.756120567694","26","21881472.625","-19518645.625","2362827.0","-1286953.25"
"1_60_1_75_16.csv","2004/1/2","2007/12/31","2048420.25","4353393.5","2304973.25","0.756120567694","26","21881472.625","-19518645.625","2362827.0","-1286953.25"
"1_60_1_75_18.csv","2004/1/2","2007/12/31","2048420.25","4353393.5","2304973.25","0.756120567694","26","21881472.625","-19518645.625","2362827.0","-1286953.25"
"1_60_1_75_20.csv","2004/1/2","2007/12/31","2048420.25","4353393.5","2304973.25","0.756120567694","26","21881472.625","-19518645.625","2362827.0","-1286953.25"
"1_60_1_75_4.csv","2004/1/2","2007/12/31","2048420.25","4353393.5","2304973.25","0.756120567694","26","21881472.625","-19518645.625","2362827.0","-1286953.25"
"1_60_1_75_6.csv","2004/1/2","2007/12/31","2048420.25","4353393.5","2304973.25","0.756120567694","26","21881472.625","-19518645.625","2362827.0","-1286953.25"
"1_60_1_75_8.csv","2004/1/2","2007/12/31","2048420.25","4353393.5","2304973.25","0.756120567694","26","21881472.625","-19518645.625","2362827.0","-1286953.25"
"3_60_1_50_10.csv","2004/1/2","2007/12/31","2048420.25","4353393.5","2304973.25","0.756120567694","26","21881472.625","-19518645.625","2362827.0","-1286953.25"
"3_60_1_50_12.csv","2004/1/2","2007/12/31","2048420.25","4353393.5","2304973.25","0.756120567694","26","21881472.625","-19518645.625","2362827.0","-1286953.25"
"3_60_1_50_14.csv","2004/1/2","2007/12/31","2048420.25","4353393.5","2304973.25","0.756120567694","26","21881472.625","-19518645.625","2362827.0","-1286953.25"
"3_60_1_50_16.csv","2004/1/2","2007/12/31","2048420.25","4353393.5","2304973.25","0.756120567694","26","21881472.625","-19518645.625","2362827.0","-1286953.25"
"3_60_1_50_18.csv","2004/1/2","2007/12/31","2048420.25","4353393.5","2304973.25","0.756120567694","26","21881472.625","-19518645.625","2362827.0","-1286953.25"
"3_60_1_50_20.csv","2004/1/2","2007/12/31","2048420.25","4353393.5","2304973.25","0.756120567694","26","21881472.625","-19518645.625","2362827.0","-1286953.25"
"3_60_1_50_4.csv","2004/1/2","2007/12/31","2048420.25","4353393.5","2304973.25","0.756120567694","26","21881472.625","-19518645.625","2362827.0","-1286953.25"
"3_60_1_50_6.csv","2004/1/2","2007/12/31","2048420.25","4353393.5","2304973.25","0.756120567694","26","21881472.625","-19518645.625","2362827.0","-1286953.25"
"3_60_1_50_8.csv","2004/1/2","2007/12/31","2048420.25","4353393.5","2304973.25","0.756120567694","26","21881472.625","-19518645.625","2362827.0","-1286953.25"
"3_60_1_75_10.csv","2004/1/2","2007/12/31","2048420.25","4353393.5","2304973.25","0.756120567694","26","21881472.625","-19518645.625","2362827.0","-1286953.25"
"3_60_1_75_12.csv","2004/1/2","2007/12/31","2048420.25","4353393.5","2304973.25","0.756120567694","26","21881472.625","-19518645.625","2362827.0","-1286953.25"
"3_60_1_75_14.csv","2004/1/2","2007/12/31","2048420.25","4353393.5","2304973.25","0.756120567694","26","21881472.625","-19518645.625","2362827.0","-1286953.25"
"3_60_1_75_16.csv","2004/1/2","2007/12/31","2048420.25","4353393.5","2304973.25","0.756120567694","26","21881472.625","-19518645.625","2362827.0","-1286953.25"
"3_60_1_75_18.csv","2004/1/2","2007/12/31","2048420.25","4353393.5","2304973.25","0.756120567694","26","21881472.625","-19518645.625","2362827.0","-1286953.25"
"3_60_1_75_20.csv","2004/1/2","2007/12/31","2048420.25","4353393.5","2304973.25","0.756120567694","26","21881472.625","-19518645.625","2362827.0","-1286953.25"
"3_60_1_75_4.csv","2004/1/2","2007/12/31","2048420.25","4353393.5","2304973.25","0.756120567694","26","21881472.625","-19518645.625","2362827.0","-1286953.25"
"3_60_1_75_6.csv","2004/1/2","2007/12/31","2048420.25","4353393.5","2304973.25","0.756120567694","26","21881472.625","-19518645.625","2362827.0","-1286953.25"
"3_60_1_75_8.csv","2004/1/2","2007/12/31","2048420.25","4353393.5","2304973.25","0.756120567694","26","21881472.625","-19518645.625","2362827.0","-1286953.25"
"2_40_0.75_200_4.csv","2004/1/2","2007/12/31","-339561.406","464509.813","804071.219","1.21748066558","13","4999358.24","-4182955.489","816402.751","-286495.203"
"2_100_0.75_150_4.csv","2004/1/2","2007/12/31","-576327.563","-517308.031","59019.532","0.139304629817","12","3398004.997","-3331960.59","66044.407","-386931.094"
"2_100_0.75_100_4.csv","2004/1/2","2007/12/31","-396036.063","-311901.063","84135.0","0.139304675074","12","4844007.831","-4749858.581","94149.25","-551587.532"
"2_100_0.75_125_4.csv","2004/1/2","2007/12/31","-396036.063","-311901.063","84135.0","0.139304675074","12","4844007.831","-4749858.581","94149.25","-551587.532"
"2_100_0.75_75_4.csv","2004/1/2","2007/12/31","-396036.063","-311901.063","84135.0","0.139304675074","12","4844007.831","-4749858.581","94149.25","-551587.532"
"2_120_2_100_14.csv","2004/1/2","2007/12/31","-240667.047","254276.75","494943.797","0.651813930957","4","5776267.044","-5270479.2","505787.844","-370300.532"
"2_120_2_125_14.csv","2004/1/2","2007/12/31","-240667.047","254276.75","494943.797","0.651813930957","4","5776267.044","-5270479.2","505787.844","-370300.532"
"2_120_2_150_14.csv","2004/1/2","2007/12/31","-240667.047","254276.75","494943.797","0.651813930957","4","5776267.044","-5270479.2","505787.844","-370300.532"
"2_120_2_50_14.csv","2004/1/2","2007/12/31","-240667.047","254276.75","494943.797","0.651813930957","4","5776267.044","-5270479.2","505787.844","-370300.532"
"2_120_2_75_14.csv","2004/1/2","2007/12/31","-240667.047","254276.75","494943.797","0.651813930957","4","5776267.044","-5270479.2","505787.844","-370300.532"
"2_120_2_225_14.csv","2004/1/2","2007/12/31","-198313.813","324236.375","522550.188","0.651813884876","4","6098449.138","-5564450.06","533999.078","-390954.75"
"2_120_2_175_14.csv","2004/1/2","2007/12/31","-365226.469","48527.781","413754.25","0.651813961663","4","4828740.565","-4405921.159","422819.406","-309557.281"
"2_120_2_200_14.csv","2004/1/2","2007/12/31","-365226.469","48527.781","413754.25","0.651813961663","4","4828740.565","-4405921.159","422819.406","-309557.281"
"2_60_1_225_4.csv","2004/1/2","2007/12/31","-255075.453","665529.5","920604.953","1.23583651084","9","6224035.819","-5292843.506","931192.313","-427764.25"
"2_60_1_200_4.csv","2004/1/2","2007/12/31","-447651.25","168312.75","615964.0","1.11517225304","9","4390608.772","-3766794.522","623814.25","-300062.219"
"1_20_1.5_100_10.csv","2004/1/2","2007/12/31","1719436.25","1664982.75","-54453.5","-0.020023819275","37","6506521.625","-6525535.0","-19013.375","-729154.875"
"1_20_1.5_100_12.csv","2004/1/2","2007/12/31","1719436.25","1664982.75","-54453.5","-0.020023819275","37","6506521.625","-6525535.0","-19013.375","-729154.875"
"1_20_1.5_100_14.csv","2004/1/2","2007/12/31","1719436.25","1664982.75","-54453.5","-0.020023819275","37","6506521.625","-6525535.0","-19013.375","-729154.875"
"1_20_1.5_100_16.csv","2004/1/2","2007/12/31","1719436.25","1664982.75","-54453.5","-0.020023819275","37","6506521.625","-6525535.0","-19013.375","-729154.875"
"1_20_1.5_100_18.csv","2004/1/2","2007/12/31","1719436.25","1664982.75","-54453.5","-0.020023819275","37","6506521.625","-6525535.0","-19013.375","-729154.875"
"1_20_1.5_100_20.csv","2004/1/2","2007/12/31","1719436.25","1664982.75","-54453.5","-0.020023819275","37","6506521.625","-6525535.0","-19013.375","-729154.875"
"1_20_1.5_100_4.csv","2004/1/2","2007/12/31","1719436.25","1664982.75","-54453.5","-0.020023819275","37","6506521.625","-6525535.0","-19013.375","-729154.875"
"1_20_1.5_100_6.csv","2004/1/2","2007/12/31","1719436.25","1664982.75","-54453.5","-0.020023819275","37","6506521.625","-6525535.0","-19013.375","-729154.875"
"1_20_1.5_100_8.csv","2004/1/2","2007/12/31","1719436.25","1664982.75","-54453.5","-0.020023819275","37","6506521.625","-6525535.0","-19013.375","-729154.875"
"3_20_1.5_100_10.csv","2004/1/2","2007/12/31","1719436.25","1664982.75","-54453.5","-0.020023819275","37","6506521.625","-6525535.0","-19013.375","-729154.875"
"3_20_1.5_100_12.csv","2004/1/2","2007/12/31","1719436.25","1664982.75","-54453.5","-0.020023819275","37","6506521.625","-6525535.0","-19013.375","-729154.875"
"3_20_1.5_100_14.csv","2004/1/2","2007/12/31","1719436.25","1664982.75","-54453.5","-0.020023819275","37","6506521.625","-6525535.0","-19013.375","-729154.875"
"3_20_1.5_100_16.csv","2004/1/2","2007/12/31","1719436.25","1664982.75","-54453.5","-0.020023819275","37","6506521.625","-6525535.0","-19013.375","-729154.875"
"3_20_1.5_100_18.csv","2004/1/2","2007/12/31","1719436.25","1664982.75","-54453.5","-0.020023819275","37","6506521.625","-6525535.0","-19013.375","-729154.875"
"3_20_1.5_100_20.csv","2004/1/2","2007/12/31","1719436.25","1664982.75","-54453.5","-0.020023819275","37","6506521.625","-6525535.0","-19013.375","-729154.875"
"3_20_1.5_100_4.csv","2004/1/2","2007/12/31","1719436.25","1664982.75","-54453.5","-0.020023819275","37","6506521.625","-6525535.0","-19013.375","-729154.875"
"3_20_1.5_100_6.csv","2004/1/2","2007/12/31","1719436.25","1664982.75","-54453.5","-0.020023819275","37","6506521.625","-6525535.0","-19013.375","-729154.875"
"3_20_1.5_100_8.csv","2004/1/2","2007/12/31","1719436.25","1664982.75","-54453.5","-0.020023819275","37","6506521.625","-6525535.0","-19013.375","-729154.875"
"2_60_1.25_100_10.csv","2004/1/2","2007/12/31","719658.25","2465669.5","1746011.25","1.01532455649","8","15941291.994","-14174751.932","1766540.062","-778282.438"
"2_60_1.25_100_12.csv","2004/1/2","2007/12/31","719658.25","2156491.5","1436833.25","0.835534182446","8","16180365.494","-14723003.432","1457362.062","-810693.5"
"2_60_1.25_125_10.csv","2004/1/2","2007/12/31","19472.508","1179490.125","1160017.617","1.13786061703","7","9682975.769","-8510788.019","1172187.75","-415880.64"
"2_60_1.25_125_12.csv","2004/1/2","2007/12/31","19472.508","985054.125","965581.617","0.947138455842","7","9833324.269","-8855572.519","977751.75","-509828.875"
"2_60_1.25_50_10.csv","2004/1/2","2007/12/31","1646245.375","4333044.5","2686799.125","1.01532501498","8","24530793.622","-21812404.497","2718389.125","-1197637.187"
"2_60_1.25_50_12.csv","2004/1/2","2007/12/31","1646245.375","3857274.5","2211029.125","0.835534431496","8","24898685.122","-22656065.997","2242619.125","-1247512.0"
"2_60_1.25_75_10.csv","2004/1/2","2007/12/31","1646245.375","4333044.5","2686799.125","1.01532501498","8","24530793.622","-21812404.497","2718389.125","-1197637.187"
"2_60_1.25_75_12.csv","2004/1/2","2007/12/31","1646245.375","3857274.5","2211029.125","0.835534431496","8","24898685.122","-22656065.997","2242619.125","-1247512.0"
"2_20_1.5_50_6.csv","2004/1/2","2007/12/31","1882124.875","3548242.75","1666117.875","0.578086636513","22","17214437.312","-15514287.812","1700149.5","-1418210.812"
"2_60_1.25_175_4.csv","2004/1/2","2007/12/31","-259495.578","846713.625","1106209.203","1.49385901034","8","5613975.88","-4499326.974","1114648.906","-288255.375"
"1_60_1_100_10.csv","2004/1/2","2007/12/31","903285.438","2342398.25","1439112.812","0.75612032923","26","13659623.941","-12201313.504","1458310.437","-803511.0"
"1_60_1_100_12.csv","2004/1/2","2007/12/31","903285.438","2342398.25","1439112.812","0.75612032923","26","13659623.941","-12201313.504","1458310.437","-803511.0"
"1_60_1_100_14.csv","2004/1/2","2007/12/31","903285.438","2342398.25","1439112.812","0.75612032923","26","13659623.941","-12201313.504","1458310.437","-803511.0"
"1_60_1_100_16.csv","2004/1/2","2007/12/31","903285.438","2342398.25","1439112.812","0.75612032923","26","13659623.941","-12201313.504","1458310.437","-803511.0"
"1_60_1_100_18.csv","2004/1/2","2007/12/31","903285.438","2342398.25","1439112.812","0.75612032923","26","13659623.941","-12201313.504","1458310.437","-803511.0"
"1_60_1_100_20.csv","2004/1/2","2007/12/31","903285.438","2342398.25","1439112.812","0.75612032923","26","13659623.941","-12201313.504","1458310.437","-803511.0"
"1_60_1_100_4.csv","2004/1/2","2007/12/31","903285.438","2342398.25","1439112.812","0.75612032923","26","13659623.941","-12201313.504","1458310.437","-803511.0"
"1_60_1_100_6.csv","2004/1/2","2007/12/31","903285.438","2342398.25","1439112.812","0.75612032923","26","13659623.941","-12201313.504","1458310.437","-803511.0"
"1_60_1_100_8.csv","2004/1/2","2007/12/31","903285.438","2342398.25","1439112.812","0.75612032923","26","13659623.941","-12201313.504","1458310.437","-803511.0"
"3_60_1_100_10.csv","2004/1/2","2007/12/31","903285.438","2342398.25","1439112.812","0.75612032923","26","13659623.941","-12201313.504","1458310.437","-803511.0"
"3_60_1_100_12.csv","2004/1/2","2007/12/31","903285.438","2342398.25","1439112.812","0.75612032923","26","13659623.941","-12201313.504","1458310.437","-803511.0"
"3_60_1_100_14.csv","2004/1/2","2007/12/31","903285.438","2342398.25","1439112.812","0.75612032923","26","13659623.941","-12201313.504","1458310.437","-803511.0"
"3_60_1_100_16.csv","2004/1/2","2007/12/31","903285.438","2342398.25","1439112.812","0.75612032923","26","13659623.941","-12201313.504","1458310.437","-803511.0"
"3_60_1_100_18.csv","2004/1/2","2007/12/31","903285.438","2342398.25","1439112.812","0.75612032923","26","13659623.941","-12201313.504","1458310.437","-803511.0"
"3_60_1_100_20.csv","2004/1/2","2007/12/31","903285.438","2342398.25","1439112.812","0.75612032923","26","13659623.941","-12201313.504","1458310.437","-803511.0"
"3_60_1_100_4.csv","2004/1/2","2007/12/31","903285.438","2342398.25","1439112.812","0.75612032923","26","13659623.941","-12201313.504","1458310.437","-803511.0"
"3_60_1_100_6.csv","2004/1/2","2007/12/31","903285.438","2342398.25","1439112.812","0.75612032923","26","13659623.941","-12201313.504","1458310.437","-803511.0"
"3_60_1_100_8.csv","2004/1/2","2007/12/31","903285.438","2342398.25","1439112.812","0.75612032923","26","13659623.941","-12201313.504","1458310.437","-803511.0"
"2_40_1.5_100_6.csv","2004/1/2","2007/12/31","2247961.0","7255146.5","5007185.5","1.54163966255","10","24531039.5","-19495358.5","5035681.0","-1377925.125"
"2_40_1.5_50_6.csv","2004/1/2","2007/12/31","2440713.0","8490485.0","6049772.0","1.75829021485","12","26990776.5","-20910818.0","6079958.5","-1521967.0"
"2_40_1.5_75_6.csv","2004/1/2","2007/12/31","3154244.75","10399102.0","7244857.25","1.74396495296","11","33812507.0","-26531203.75","7281303.25","-1828048.0"
"2_100_1.5_225_10.csv","2004/1/2","2007/12/31","-59951.738","370027.188","429978.926","0.457400905231","6","7521869.11","-7083997.141","437871.969","-477285.617"
"2_60_1_150_4.csv","2004/1/2","2007/12/31","118648.063","1300723.875","1182075.812","1.056700361","11","9647695.67","-8456702.717","1190992.953","-590903.5"
"2_60_1_175_8.csv","2004/1/2","2007/12/31","51491.645","1427306.25","1375814.605","1.30844083407","6","10265842.651","-8883346.885","1382495.766","-623414.25"
"1_20_1.5_150_10.csv","2004/1/2","2007/12/31","966180.625","970986.375","4805.75","0.00244420575551","40","4627132.312","-4619579.0","7553.312","-491173.25"
"1_20_1.5_150_12.csv","2004/1/2","2007/12/31","966180.625","970986.375","4805.75","0.00244420575551","40","4627132.312","-4619579.0","7553.312","-491173.25"
"1_20_1.5_150_14.csv","2004/1/2","2007/12/31","966180.625","970986.375","4805.75","0.00244420575551","40","4627132.312","-4619579.0","7553.312","-491173.25"
"1_20_1.5_150_16.csv","2004/1/2","2007/12/31","966180.625","970986.375","4805.75","0.00244420575551","40","4627132.312","-4619579.0","7553.312","-491173.25"
"1_20_1.5_150_18.csv","2004/1/2","2007/12/31","966180.625","970986.375","4805.75","0.00244420575551","40","4627132.312","-4619579.0","7553.312","-491173.25"
"1_20_1.5_150_20.csv","2004/1/2","2007/12/31","966180.625","970986.375","4805.75","0.00244420575551","40","4627132.312","-4619579.0","7553.312","-491173.25"
"1_20_1.5_150_4.csv","2004/1/2","2007/12/31","966180.625","970986.375","4805.75","0.00244420575551","40","4627132.312","-4619579.0","7553.312","-491173.25"
"1_20_1.5_150_6.csv","2004/1/2","2007/12/31","966180.625","970986.375","4805.75","0.00244420575551","40","4627132.312","-4619579.0","7553.312","-491173.25"
"1_20_1.5_150_8.csv","2004/1/2","2007/12/31","966180.625","970986.375","4805.75","0.00244420575551","40","4627132.312","-4619579.0","7553.312","-491173.25"
"3_20_1.5_150_10.csv","2004/1/2","2007/12/31","966180.625","970986.375","4805.75","0.00244420575551","40","4627132.312","-4619579.0","7553.312","-491173.25"
"3_20_1.5_150_12.csv","2004/1/2","2007/12/31","966180.625","970986.375","4805.75","0.00244420575551","40","4627132.312","-4619579.0","7553.312","-491173.25"
"3_20_1.5_150_14.csv","2004/1/2","2007/12/31","966180.625","970986.375","4805.75","0.00244420575551","40","4627132.312","-4619579.0","7553.312","-491173.25"
"3_20_1.5_150_16.csv","2004/1/2","2007/12/31","966180.625","970986.375","4805.75","0.00244420575551","40","4627132.312","-4619579.0","7553.312","-491173.25"
"3_20_1.5_150_18.csv","2004/1/2","2007/12/31","966180.625","970986.375","4805.75","0.00244420575551","40","4627132.312","-4619579.0","7553.312","-491173.25"
"3_20_1.5_150_20.csv","2004/1/2","2007/12/31","966180.625","970986.375","4805.75","0.00244420575551","40","4627132.312","-4619579.0","7553.312","-491173.25"
"3_20_1.5_150_4.csv","2004/1/2","2007/12/31","966180.625","970986.375","4805.75","0.00244420575551","40","4627132.312","-4619579.0","7553.312","-491173.25"
"3_20_1.5_150_6.csv","2004/1/2","2007/12/31","966180.625","970986.375","4805.75","0.00244420575551","40","4627132.312","-4619579.0","7553.312","-491173.25"
"3_20_1.5_150_8.csv","2004/1/2","2007/12/31","966180.625","970986.375","4805.75","0.00244420575551","40","4627132.312","-4619579.0","7553.312","-491173.25"
"2_20_2_150_6.csv","2004/1/2","2007/12/31","1020586.5","2825522.75","1804936.25","0.893273438182","16","9415270.185","-7607662.31","1807607.875","-852630.0"
"2_20_2_175_6.csv","2004/1/2","2007/12/31","881024.813","2505338.75","1624313.937","0.863526055464","13","8453900.752","-6827099.752","1626801.0","-816668.562"
"2_80_1.5_175_12.csv","2004/1/2","2007/12/31","-240476.156","62540.219","303016.375","0.398955710731","6","6131886.045","-5827881.529","304004.516","-455212.562"
"2_20_1.75_75_10.csv","2004/1/2","2007/12/31","1112142.0","2263617.75","1151475.75","0.545169666623","16","12645919.124","-11492251.624","1153667.5","-1017018.125"
"2_20_1.75_75_12.csv","2004/1/2","2007/12/31","1112142.0","2263617.75","1151475.75","0.545169666623","16","12645919.124","-11492251.624","1153667.5","-1017018.125"
"2_20_1.75_75_14.csv","2004/1/2","2007/12/31","1112142.0","2263617.75","1151475.75","0.545169666623","16","12645919.124","-11492251.624","1153667.5","-1017018.125"
"2_20_1.75_75_16.csv","2004/1/2","2007/12/31","1112142.0","2263617.75","1151475.75","0.545169666623","16","12645919.124","-11492251.624","1153667.5","-1017018.125"
"2_20_1.75_75_18.csv","2004/1/2","2007/12/31","1112142.0","2263617.75","1151475.75","0.545169666623","16","12645919.124","-11492251.624","1153667.5","-1017018.125"
"2_20_1.75_75_20.csv","2004/1/2","2007/12/31","1112142.0","2263617.75","1151475.75","0.545169666623","16","12645919.124","-11492251.624","1153667.5","-1017018.125"
"2_20_2_50_6.csv","2004/1/2","2007/12/31","1571598.75","3708673.25","2137074.5","0.831029529782","18","13266984.31","-11129344.185","2137640.125","-1078835.875"
"2_60_2_175_4.csv","2004/1/2","2007/12/31","453698.344","1945834.5","1492136.156","1.02644139491","9","6855304.405","-5366237.405","1489067.0","-568305.0"
"2_60_2_150_4.csv","2004/1/2","2007/12/31","440281.313","2149065.0","1708783.687","1.18642356294","9","7234161.455","-5528418.674","1705742.781","-607511.75"
"1_60_2_50_10.csv","2004/1/2","2007/12/31","1414280.25","1189856.25","-224424.0","-0.0929568967811","23","4668505.999","-4900782.124","-232276.125","-1038545.125"
"1_60_2_50_12.csv","2004/1/2","2007/12/31","1414280.25","1189856.25","-224424.0","-0.0929568967811","23","4668505.999","-4900782.124","-232276.125","-1038545.125"
"1_60_2_50_14.csv","2004/1/2","2007/12/31","1414280.25","1189856.25","-224424.0","-0.0929568967811","23","4668505.999","-4900782.124","-232276.125","-1038545.125"
"1_60_2_50_16.csv","2004/1/2","2007/12/31","1414280.25","1189856.25","-224424.0","-0.0929568967811","23","4668505.999","-4900782.124","-232276.125","-1038545.125"
"1_60_2_50_18.csv","2004/1/2","2007/12/31","1414280.25","1189856.25","-224424.0","-0.0929568967811","23","4668505.999","-4900782.124","-232276.125","-1038545.125"
"1_60_2_50_20.csv","2004/1/2","2007/12/31","1414280.25","1189856.25","-224424.0","-0.0929568967811","23","4668505.999","-4900782.124","-232276.125","-1038545.125"
"1_60_2_50_4.csv","2004/1/2","2007/12/31","1414280.25","1189856.25","-224424.0","-0.0929568967811","23","4668505.999","-4900782.124","-232276.125","-1038545.125"
"1_60_2_50_6.csv","2004/1/2","2007/12/31","1414280.25","1189856.25","-224424.0","-0.0929568967811","23","4668505.999","-4900782.124","-232276.125","-1038545.125"
"1_60_2_50_8.csv","2004/1/2","2007/12/31","1414280.25","1189856.25","-224424.0","-0.0929568967811","23","4668505.999","-4900782.124","-232276.125","-1038545.125"
"1_60_2_75_10.csv","2004/1/2","2007/12/31","1414280.25","1189856.25","-224424.0","-0.0929568967811","23","4668505.999","-4900782.124","-232276.125","-1038545.125"
"1_60_2_75_12.csv","2004/1/2","2007/12/31","1414280.25","1189856.25","-224424.0","-0.0929568967811","23","4668505.999","-4900782.124","-232276.125","-1038545.125"
"1_60_2_75_14.csv","2004/1/2","2007/12/31","1414280.25","1189856.25","-224424.0","-0.0929568967811","23","4668505.999","-4900782.124","-232276.125","-1038545.125"
"1_60_2_75_16.csv","2004/1/2","2007/12/31","1414280.25","1189856.25","-224424.0","-0.0929568967811","23","4668505.999","-4900782.124","-232276.125","-1038545.125"
"1_60_2_75_18.csv","2004/1/2","2007/12/31","1414280.25","1189856.25","-224424.0","-0.0929568967811","23","4668505.999","-4900782.124","-232276.125","-1038545.125"
"1_60_2_75_20.csv","2004/1/2","2007/12/31","1414280.25","1189856.25","-224424.0","-0.0929568967811","23","4668505.999","-4900782.124","-232276.125","-1038545.125"
"1_60_2_75_4.csv","2004/1/2","2007/12/31","1414280.25","1189856.25","-224424.0","-0.0929568967811","23","4668505.999","-4900782.124","-232276.125","-1038545.125"
"1_60_2_75_6.csv","2004/1/2","2007/12/31","1414280.25","1189856.25","-224424.0","-0.0929568967811","23","4668505.999","-4900782.124","-232276.125","-1038545.125"
"1_60_2_75_8.csv","2004/1/2","2007/12/31","1414280.25","1189856.25","-224424.0","-0.0929568967811","23","4668505.999","-4900782.124","-232276.125","-1038545.125"
"3_60_2_50_10.csv","2004/1/2","2007/12/31","1414280.25","1189856.25","-224424.0","-0.0929568967811","23","4668505.999","-4900782.124","-232276.125","-1038545.125"
"3_60_2_50_12.csv","2004/1/2","2007/12/31","1414280.25","1189856.25","-224424.0","-0.0929568967811","23","4668505.999","-4900782.124","-232276.125","-1038545.125"
"3_60_2_50_14.csv","2004/1/2","2007/12/31","1414280.25","1189856.25","-224424.0","-0.0929568967811","23","4668505.999","-4900782.124","-232276.125","-1038545.125"
"3_60_2_50_16.csv","2004/1/2","2007/12/31","1414280.25","1189856.25","-224424.0","-0.0929568967811","23","4668505.999","-4900782.124","-232276.125","-1038545.125"
"3_60_2_50_18.csv","2004/1/2","2007/12/31","1414280.25","1189856.25","-224424.0","-0.0929568967811","23","4668505.999","-4900782.124","-232276.125","-1038545.125"
"3_60_2_50_20.csv","2004/1/2","2007/12/31","1414280.25","1189856.25","-224424.0","-0.0929568967811","23","4668505.999","-4900782.124","-232276.125","-1038545.125"
"3_60_2_50_4.csv","2004/1/2","2007/12/31","1414280.25","1189856.25","-224424.0","-0.0929568967811","23","4668505.999","-4900782.124","-232276.125","-1038545.125"
"3_60_2_50_6.csv","2004/1/2","2007/12/31","1414280.25","1189856.25","-224424.0","-0.0929568967811","23","4668505.999","-4900782.124","-232276.125","-1038545.125"
"3_60_2_50_8.csv","2004/1/2","2007/12/31","1414280.25","1189856.25","-224424.0","-0.0929568967811","23","4668505.999","-4900782.124","-232276.125","-1038545.125"
"3_60_2_75_10.csv","2004/1/2","2007/12/31","1414280.25","1189856.25","-224424.0","-0.0929568967811","23","4668505.999","-4900782.124","-232276.125","-1038545.125"
"3_60_2_75_12.csv","2004/1/2","2007/12/31","1414280.25","1189856.25","-224424.0","-0.0929568967811","23","4668505.999","-4900782.124","-232276.125","-1038545.125"
"3_60_2_75_14.csv","2004/1/2","2007/12/31","1414280.25","1189856.25","-224424.0","-0.0929568967811","23","4668505.999","-4900782.124","-232276.125","-1038545.125"
"3_60_2_75_16.csv","2004/1/2","2007/12/31","1414280.25","1189856.25","-224424.0","-0.0929568967811","23","4668505.999","-4900782.124","-232276.125","-1038545.125"
"3_60_2_75_18.csv","2004/1/2","2007/12/31","1414280.25","1189856.25","-224424.0","-0.0929568967811","23","4668505.999","-4900782.124","-232276.125","-1038545.125"
"3_60_2_75_20.csv","2004/1/2","2007/12/31","1414280.25","1189856.25","-224424.0","-0.0929568967811","23","4668505.999","-4900782.124","-232276.125","-1038545.125"
"3_60_2_75_4.csv","2004/1/2","2007/12/31","1414280.25","1189856.25","-224424.0","-0.0929568967811","23","4668505.999","-4900782.124","-232276.125","-1038545.125"
"3_60_2_75_6.csv","2004/1/2","2007/12/31","1414280.25","1189856.25","-224424.0","-0.0929568967811","23","4668505.999","-4900782.124","-232276.125","-1038545.125"
"3_60_2_75_8.csv","2004/1/2","2007/12/31","1414280.25","1189856.25","-224424.0","-0.0929568967811","23","4668505.999","-4900782.124","-232276.125","-1038545.125"
"1_60_2_100_10.csv","2004/1/2","2007/12/31","1030190.313","841470.188","-188720.125","-0.0929568640888","23","3925789.44","-4121112.502","-195323.062","-873322.094"
"1_60_2_100_12.csv","2004/1/2","2007/12/31","1030190.313","841470.188","-188720.125","-0.0929568640888","23","3925789.44","-4121112.502","-195323.062","-873322.094"
"1_60_2_100_14.csv","2004/1/2","2007/12/31","1030190.313","841470.188","-188720.125","-0.0929568640888","23","3925789.44","-4121112.502","-195323.062","-873322.094"
"1_60_2_100_16.csv","2004/1/2","2007/12/31","1030190.313","841470.188","-188720.125","-0.0929568640888","23","3925789.44","-4121112.502","-195323.062","-873322.094"
"1_60_2_100_18.csv","2004/1/2","2007/12/31","1030190.313","841470.188","-188720.125","-0.0929568640888","23","3925789.44","-4121112.502","-195323.062","-873322.094"
"1_60_2_100_20.csv","2004/1/2","2007/12/31","1030190.313","841470.188","-188720.125","-0.0929568640888","23","3925789.44","-4121112.502","-195323.062","-873322.094"
"1_60_2_100_4.csv","2004/1/2","2007/12/31","1030190.313","841470.188","-188720.125","-0.0929568640888","23","3925789.44","-4121112.502","-195323.062","-873322.094"
"1_60_2_100_6.csv","2004/1/2","2007/12/31","1030190.313","841470.188","-188720.125","-0.0929568640888","23","3925789.44","-4121112.502","-195323.062","-873322.094"
"1_60_2_100_8.csv","2004/1/2","2007/12/31","1030190.313","841470.188","-188720.125","-0.0929568640888","23","3925789.44","-4121112.502","-195323.062","-873322.094"
"3_60_2_100_10.csv","2004/1/2","2007/12/31","1030190.313","841470.188","-188720.125","-0.0929568640888","23","3925789.44","-4121112.502","-195323.062","-873322.094"
"3_60_2_100_12.csv","2004/1/2","2007/12/31","1030190.313","841470.188","-188720.125","-0.0929568640888","23","3925789.44","-4121112.502","-195323.062","-873322.094"
"3_60_2_100_14.csv","2004/1/2","2007/12/31","1030190.313","841470.188","-188720.125","-0.0929568640888","23","3925789.44","-4121112.502","-195323.062","-873322.094"
"3_60_2_100_16.csv","2004/1/2","2007/12/31","1030190.313","841470.188","-188720.125","-0.0929568640888","23","3925789.44","-4121112.502","-195323.062","-873322.094"
"3_60_2_100_18.csv","2004/1/2","2007/12/31","1030190.313","841470.188","-188720.125","-0.0929568640888","23","3925789.44","-4121112.502","-195323.062","-873322.094"
"3_60_2_100_20.csv","2004/1/2","2007/12/31","1030190.313","841470.188","-188720.125","-0.0929568640888","23","3925789.44","-4121112.502","-195323.062","-873322.094"
"3_60_2_100_4.csv","2004/1/2","2007/12/31","1030190.313","841470.188","-188720.125","-0.0929568640888","23","3925789.44","-4121112.502","-195323.062","-873322.094"
"3_60_2_100_6.csv","2004/1/2","2007/12/31","1030190.313","841470.188","-188720.125","-0.0929568640888","23","3925789.44","-4121112.502","-195323.062","-873322.094"
"3_60_2_100_8.csv","2004/1/2","2007/12/31","1030190.313","841470.188","-188720.125","-0.0929568640888","23","3925789.44","-4121112.502","-195323.062","-873322.094"
"1_60_2_125_10.csv","2004/1/2","2007/12/31","881182.688","706313.75","-174868.938","-0.0929569143473","23","3637653.529","-3818640.779","-180987.25","-809223.969"
"1_60_2_125_12.csv","2004/1/2","2007/12/31","881182.688","706313.75","-174868.938","-0.0929569143473","23","3637653.529","-3818640.779","-180987.25","-809223.969"
"1_60_2_125_14.csv","2004/1/2","2007/12/31","881182.688","706313.75","-174868.938","-0.0929569143473","23","3637653.529","-3818640.779","-180987.25","-809223.969"
"1_60_2_125_16.csv","2004/1/2","2007/12/31","881182.688","706313.75","-174868.938","-0.0929569143473","23","3637653.529","-3818640.779","-180987.25","-809223.969"
"1_60_2_125_18.csv","2004/1/2","2007/12/31","881182.688","706313.75","-174868.938","-0.0929569143473","23","3637653.529","-3818640.779","-180987.25","-809223.969"
"1_60_2_125_20.csv","2004/1/2","2007/12/31","881182.688","706313.75","-174868.938","-0.0929569143473","23","3637653.529","-3818640.779","-180987.25","-809223.969"
"1_60_2_125_4.csv","2004/1/2","2007/12/31","881182.688","706313.75","-174868.938","-0.0929569143473","23","3637653.529","-3818640.779","-180987.25","-809223.969"
"1_60_2_125_6.csv","2004/1/2","2007/12/31","881182.688","706313.75","-174868.938","-0.0929569143473","23","3637653.529","-3818640.779","-180987.25","-809223.969"
"1_60_2_125_8.csv","2004/1/2","2007/12/31","881182.688","706313.75","-174868.938","-0.0929569143473","23","3637653.529","-3818640.779","-180987.25","-809223.969"
"3_60_2_125_10.csv","2004/1/2","2007/12/31","881182.688","706313.75","-174868.938","-0.0929569143473","23","3637653.529","-3818640.779","-180987.25","-809223.969"
"3_60_2_125_12.csv","2004/1/2","2007/12/31","881182.688","706313.75","-174868.938","-0.0929569143473","23","3637653.529","-3818640.779","-180987.25","-809223.969"
"3_60_2_125_14.csv","2004/1/2","2007/12/31","881182.688","706313.75","-174868.938","-0.0929569143473","23","3637653.529","-3818640.779","-180987.25","-809223.969"
"3_60_2_125_16.csv","2004/1/2","2007/12/31","881182.688","706313.75","-174868.938","-0.0929569143473","23","3637653.529","-3818640.779","-180987.25","-809223.969"
"3_60_2_125_18.csv","2004/1/2","2007/12/31","881182.688","706313.75","-174868.938","-0.0929569143473","23","3637653.529","-3818640.779","-180987.25","-809223.969"
"3_60_2_125_20.csv","2004/1/2","2007/12/31","881182.688","706313.75","-174868.938","-0.0929569143473","23","3637653.529","-3818640.779","-180987.25","-809223.969"
"3_60_2_125_4.csv","2004/1/2","2007/12/31","881182.688","706313.75","-174868.938","-0.0929569143473","23","3637653.529","-3818640.779","-180987.25","-809223.969"
"3_60_2_125_6.csv","2004/1/2","2007/12/31","881182.688","706313.75","-174868.938","-0.0929569143473","23","3637653.529","-3818640.779","-180987.25","-809223.969"
"3_60_2_125_8.csv","2004/1/2","2007/12/31","881182.688","706313.75","-174868.938","-0.0929569143473","23","3637653.529","-3818640.779","-180987.25","-809223.969"
"2_80_1.25_150_4.csv","2004/1/2","2007/12/31","258917.406","1160830.25","901912.844","0.716419393124","13","8989904.555","-8092668.211","897236.344","-878953.281"
"2_80_1.25_175_4.csv","2004/1/2","2007/12/31","48926.672","887909.938","838983.266","0.799849301573","11","7633086.463","-6797999.666","835086.797","-699781.469"
"2_120_1.75_150_10.csv","2004/1/2","2007/12/31","161047.0","734361.063","573314.063","0.493790572647","5","9666151.203","-9098323.078","567828.125","-731544.687"
"2_120_1.75_175_10.csv","2004/1/2","2007/12/31","111815.313","660819.25","549003.937","0.493790587862","5","9256279.072","-8712528.51","543750.562","-700525.125"
"2_120_1.75_225_10.csv","2004/1/2","2007/12/31","104536.008","649945.5","545409.492","0.493790594467","5","9195676.329","-8655485.829","540190.5","-695938.625"
"2_120_1.75_200_10.csv","2004/1/2","2007/12/31","-20358.551","463379.188","483737.739","0.493790600116","5","8155882.431","-7676773.555","479108.876","-617245.937"
"2_120_1.75_100_10.csv","2004/1/2","2007/12/31","430198.625","1136417.375","706218.75","0.4937906789","5","11906941.328","-11207480.359","699460.969","-901130.125"
"2_120_1.75_125_10.csv","2004/1/2","2007/12/31","430198.625","1136417.375","706218.75","0.4937906789","5","11906941.328","-11207480.359","699460.969","-901130.125"
"2_120_1.75_50_10.csv","2004/1/2","2007/12/31","430198.625","1136417.375","706218.75","0.4937906789","5","11906941.328","-11207480.359","699460.969","-901130.125"
"2_120_1.75_75_10.csv","2004/1/2","2007/12/31","430198.625","1136417.375","706218.75","0.4937906789","5","11906941.328","-11207480.359","699460.969","-901130.125"
"2_100_1.5_225_6.csv","2004/1/2","2007/12/31","148913.125","1258588.625","1109675.5","0.965848048781","9","8292059.905","-7190095.702","1101964.203","-747231.625"
"2_60_1.25_225_14.csv","2004/1/2","2007/12/31","112726.656","1493042.5","1380315.844","1.2404806127","5","10160948.637","-8788896.793","1372051.844","-640297.5"
"2_60_1.25_225_16.csv","2004/1/2","2007/12/31","112726.656","1493042.5","1380315.844","1.2404806127","5","10160948.637","-8788896.793","1372051.844","-640297.5"
"2_60_1.25_225_18.csv","2004/1/2","2007/12/31","112726.656","1493042.5","1380315.844","1.2404806127","5","10160948.637","-8788896.793","1372051.844","-640297.5"
"2_60_1.25_225_20.csv","2004/1/2","2007/12/31","112726.656","1493042.5","1380315.844","1.2404806127","5","10160948.637","-8788896.793","1372051.844","-640297.5"
"2_60_1.25_200_14.csv","2004/1/2","2007/12/31","-101579.523","857096.875","958676.398","1.06706873067","5","7685856.095","-6733852.111","952003.984","-476965.125"
"2_60_1.25_200_16.csv","2004/1/2","2007/12/31","-101579.523","857096.875","958676.398","1.06706873067","5","7685856.095","-6733852.111","952003.984","-476965.125"
"2_60_1.25_200_18.csv","2004/1/2","2007/12/31","-101579.523","857096.875","958676.398","1.06706873067","5","7685856.095","-6733852.111","952003.984","-476965.125"
"2_60_1.25_200_20.csv","2004/1/2","2007/12/31","-101579.523","857096.875","958676.398","1.06706873067","5","7685856.095","-6733852.111","952003.984","-476965.125"
"2_60_1_125_14.csv","2004/1/2","2007/12/31","610547.313","2268489.0","1657941.687","1.02942749562","8","16091522.824","-14445913.324","1645609.5","-839458.0"
"2_60_1_125_16.csv","2004/1/2","2007/12/31","610547.313","2268489.0","1657941.687","1.02942749562","8","16091522.824","-14445913.324","1645609.5","-839458.0"
"2_60_1_125_18.csv","2004/1/2","2007/12/31","610547.313","2268489.0","1657941.687","1.02942749562","8","16091522.824","-14445913.324","1645609.5","-839458.0"
"2_60_1_125_20.csv","2004/1/2","2007/12/31","610547.313","2268489.0","1657941.687","1.02942749562","8","16091522.824","-14445913.324","1645609.5","-839458.0"
"2_60_1_100_14.csv","2004/1/2","2007/12/31","646421.688","2106362.5","1459940.812","0.886735653837","10","15937178.908","-14489845.033","1447333.875","-810285.617"
"2_60_1_100_16.csv","2004/1/2","2007/12/31","646421.688","2106362.5","1459940.812","0.886735653837","10","15937178.908","-14489845.033","1447333.875","-810285.617"
"2_60_1_100_18.csv","2004/1/2","2007/12/31","646421.688","2106362.5","1459940.812","0.886735653837","10","15937178.908","-14489845.033","1447333.875","-810285.617"
"2_60_1_100_20.csv","2004/1/2","2007/12/31","646421.688","2106362.5","1459940.812","0.886735653837","10","15937178.908","-14489845.033","1447333.875","-810285.617"
"2_60_1.25_175_8.csv","2004/1/2","2007/12/31","-19011.555","1413167.875","1432179.43","1.4599350658","5","9040639.89","-7617334.077","1423305.813","-393015.875"
"2_120_1.75_175_12.csv","2004/1/2","2007/12/31","-9217.99","364646.563","373864.553","0.377342896042","5","8299960.713","-7936198.869","363761.844","-575601.0"
"2_120_1.75_225_12.csv","2004/1/2","2007/12/31","16699.785","400344.313","383644.528","0.37734298134","5","8517080.055","-8143802.523","373277.532","-590658.25"
"2_120_1.75_150_12.csv","2004/1/2","2007/12/31","34654.176","425073.594","390419.418","0.377342910372","5","8667486.99","-8287617.646","379869.344","-601088.906"
"2_120_1.75_100_12.csv","2004/1/2","2007/12/31","274505.688","755431.5","480925.812","0.377343009551","5","10676767.566","-10208837.566","467930.0","-740432.125"
"2_120_1.75_125_12.csv","2004/1/2","2007/12/31","274505.688","755431.5","480925.812","0.377343009551","5","10676767.566","-10208837.566","467930.0","-740432.125"
"2_120_1.75_50_12.csv","2004/1/2","2007/12/31","274505.688","755431.5","480925.812","0.377343009551","5","10676767.566","-10208837.566","467930.0","-740432.125"
"2_120_1.75_75_12.csv","2004/1/2","2007/12/31","274505.688","755431.5","480925.812","0.377343009551","5","10676767.566","-10208837.566","467930.0","-740432.125"
"2_120_1.75_200_12.csv","2004/1/2","2007/12/31","-127003.313","202415.813","329419.126","0.377342927992","5","7313251.709","-6992734.318","320517.391","-507172.812"
"1_60_0.75_125_4.csv","2004/1/2","2007/12/31","73630.141","1211858.125","1138227.984","1.06016768767","19","8466090.986","-7338822.127","1127268.859","-479310.687"
"3_60_0.75_125_4.csv","2004/1/2","2007/12/31","73630.141","1211858.125","1138227.984","1.06016768767","19","8466090.986","-7338822.127","1127268.859","-479310.687"
"1_60_0.75_125_10.csv","2004/1/2","2007/12/31","19588.291","1100522.875","1080934.584","1.06016771038","19","8039945.191","-6969418.14","1070527.051","-455184.376"
"1_60_0.75_125_12.csv","2004/1/2","2007/12/31","19588.291","1100522.875","1080934.584","1.06016771038","19","8039945.191","-6969418.14","1070527.051","-455184.376"
"1_60_0.75_125_14.csv","2004/1/2","2007/12/31","19588.291","1100522.875","1080934.584","1.06016771038","19","8039945.191","-6969418.14","1070527.051","-455184.376"
"1_60_0.75_125_16.csv","2004/1/2","2007/12/31","19588.291","1100522.875","1080934.584","1.06016771038","19","8039945.191","-6969418.14","1070527.051","-455184.376"
"1_60_0.75_125_18.csv","2004/1/2","2007/12/31","19588.291","1100522.875","1080934.584","1.06016771038","19","8039945.191","-6969418.14","1070527.051","-455184.376"
"1_60_0.75_125_20.csv","2004/1/2","2007/12/31","19588.291","1100522.875","1080934.584","1.06016771038","19","8039945.191","-6969418.14","1070527.051","-455184.376"
"1_60_0.75_125_6.csv","2004/1/2","2007/12/31","19588.291","1100522.875","1080934.584","1.06016771038","19","8039945.191","-6969418.14","1070527.051","-455184.376"
"1_60_0.75_125_8.csv","2004/1/2","2007/12/31","19588.291","1100522.875","1080934.584","1.06016771038","19","8039945.191","-6969418.14","1070527.051","-455184.376"
"3_60_0.75_125_10.csv","2004/1/2","2007/12/31","19588.291","1100522.875","1080934.584","1.06016771038","19","8039945.191","-6969418.14","1070527.051","-455184.376"
"3_60_0.75_125_12.csv","2004/1/2","2007/12/31","19588.291","1100522.875","1080934.584","1.06016771038","19","8039945.191","-6969418.14","1070527.051","-455184.376"
"3_60_0.75_125_14.csv","2004/1/2","2007/12/31","19588.291","1100522.875","1080934.584","1.06016771038","19","8039945.191","-6969418.14","1070527.051","-455184.376"
"3_60_0.75_125_16.csv","2004/1/2","2007/12/31","19588.291","1100522.875","1080934.584","1.06016771038","19","8039945.191","-6969418.14","1070527.051","-455184.376"
"3_60_0.75_125_18.csv","2004/1/2","2007/12/31","19588.291","1100522.875","1080934.584","1.06016771038","19","8039945.191","-6969418.14","1070527.051","-455184.376"
"3_60_0.75_125_20.csv","2004/1/2","2007/12/31","19588.291","1100522.875","1080934.584","1.06016771038","19","8039945.191","-6969418.14","1070527.051","-455184.376"
"3_60_0.75_125_6.csv","2004/1/2","2007/12/31","19588.291","1100522.875","1080934.584","1.06016771038","19","8039945.191","-6969418.14","1070527.051","-455184.376"
"3_60_0.75_125_8.csv","2004/1/2","2007/12/31","19588.291","1100522.875","1080934.584","1.06016771038","19","8039945.191","-6969418.14","1070527.051","-455184.376"
"2_100_2_100_4.csv","2004/1/2","2007/12/31","685791.438","1625580.25","939788.812","0.557476322881","7","7442745.488","-6521042.863","921702.625","-980597.734"
"2_100_2_50_4.csv","2004/1/2","2007/12/31","685791.438","1625580.25","939788.812","0.557476322881","7","7442745.488","-6521042.863","921702.625","-980597.734"
"2_100_2_75_4.csv","2004/1/2","2007/12/31","685791.438","1625580.25","939788.812","0.557476322881","7","7442745.488","-6521042.863","921702.625","-980597.734"
"2_100_2_150_4.csv","2004/1/2","2007/12/31","227764.969","912214.875","684449.906","0.55747632754","7","5420565.235","-4749287.532","671277.703","-714171.203"
"2_100_2_200_4.csv","2004/1/2","2007/12/31","198403.063","866484.375","668081.312","0.557476305449","7","5290932.467","-4635708.373","655224.094","-697091.782"
"2_100_2_125_4.csv","2004/1/2","2007/12/31","439636.031","1242199.0","802562.969","0.557476300758","7","6355972.569","-5568854.944","787117.625","-837413.133"
"2_100_2_225_4.csv","2004/1/2","2007/12/31","356763.438","1113126.875","756363.437","0.557476282022","7","5990091.233","-5248284.046","741807.187","-789207.555"
"2_100_2_175_4.csv","2004/1/2","2007/12/31","185376.828","846196.438","660819.61","0.55747640277","7","5233422.182","-4585320.135","648102.047","-689514.719"
"2_60_2_225_4.csv","2004/1/2","2007/12/31","498576.25","2307240.0","1808663.75","1.2069214029","8","6815021.9","-5023331.15","1791690.75","-638026.5"
"2_60_2_200_4.csv","2004/1/2","2007/12/31","240974.594","1738733.5","1497758.906","1.20692148997","8","5643536.41","-4159833.004","1483703.406","-528351.375"
"1_100_0.75_50_10.csv","2004/1/2","2007/12/31","54494.867","458722.563","404227.696","0.383337755972","21","7737423.657","-7345298.328","392125.329","-789557.219"
"1_100_0.75_50_12.csv","2004/1/2","2007/12/31","54494.867","458722.563","404227.696","0.383337755972","21","7737423.657","-7345298.328","392125.329","-789557.219"
"1_100_0.75_50_14.csv","2004/1/2","2007/12/31","54494.867","458722.563","404227.696","0.383337755972","21","7737423.657","-7345298.328","392125.329","-789557.219"
"1_100_0.75_50_16.csv","2004/1/2","2007/12/31","54494.867","458722.563","404227.696","0.383337755972","21","7737423.657","-7345298.328","392125.329","-789557.219"
"1_100_0.75_50_18.csv","2004/1/2","2007/12/31","54494.867","458722.563","404227.696","0.383337755972","21","7737423.657","-7345298.328","392125.329","-789557.219"
"1_100_0.75_50_20.csv","2004/1/2","2007/12/31","54494.867","458722.563","404227.696","0.383337755972","21","7737423.657","-7345298.328","392125.329","-789557.219"
"1_100_0.75_50_6.csv","2004/1/2","2007/12/31","54494.867","458722.563","404227.696","0.383337755972","21","7737423.657","-7345298.328","392125.329","-789557.219"
"1_100_0.75_50_8.csv","2004/1/2","2007/12/31","54494.867","458722.563","404227.696","0.383337755972","21","7737423.657","-7345298.328","392125.329","-789557.219"
"3_100_0.75_50_10.csv","2004/1/2","2007/12/31","54494.867","458722.563","404227.696","0.383337755972","21","7737423.657","-7345298.328","392125.329","-789557.219"
"3_100_0.75_50_12.csv","2004/1/2","2007/12/31","54494.867","458722.563","404227.696","0.383337755972","21","7737423.657","-7345298.328","392125.329","-789557.219"
"3_100_0.75_50_14.csv","2004/1/2","2007/12/31","54494.867","458722.563","404227.696","0.383337755972","21","7737423.657","-7345298.328","392125.329","-789557.219"
"3_100_0.75_50_16.csv","2004/1/2","2007/12/31","54494.867","458722.563","404227.696","0.383337755972","21","7737423.657","-7345298.328","392125.329","-789557.219"
"3_100_0.75_50_18.csv","2004/1/2","2007/12/31","54494.867","458722.563","404227.696","0.383337755972","21","7737423.657","-7345298.328","392125.329","-789557.219"
"3_100_0.75_50_20.csv","2004/1/2","2007/12/31","54494.867","458722.563","404227.696","0.383337755972","21","7737423.657","-7345298.328","392125.329","-789557.219"
"3_100_0.75_50_6.csv","2004/1/2","2007/12/31","54494.867","458722.563","404227.696","0.383337755972","21","7737423.657","-7345298.328","392125.329","-789557.219"
"3_100_0.75_50_8.csv","2004/1/2","2007/12/31","54494.867","458722.563","404227.696","0.383337755972","21","7737423.657","-7345298.328","392125.329","-789557.219"
"1_100_0.75_50_4.csv","2004/1/2","2007/12/31","50164.258","452731.938","402567.68","0.383337822568","21","7705647.395","-7315132.402","390514.993","-786314.625"
"3_100_0.75_50_4.csv","2004/1/2","2007/12/31","50164.258","452731.938","402567.68","0.383337822568","21","7705647.395","-7315132.402","390514.993","-786314.625"
"2_80_1.5_200_10.csv","2004/1/2","2007/12/31","-442365.625","-72540.969","369824.656","0.663202758976","5","4467557.78","-4104234.811","363322.969","-272366.313"
"2_80_1.5_225_10.csv","2004/1/2","2007/12/31","-312803.375","142947.375","455750.75","0.663202835142","5","5505562.282","-5057823.876","447738.406","-335648.625"
"2_40_0.75_175_4.csv","2004/1/2","2007/12/31","-391771.938","332286.125","724058.063","1.19043843623","14","4612258.989","-3895554.958","716704.031","-270106.078"
"2_40_0.75_225_4.csv","2004/1/2","2007/12/31","-396089.688","378502.344","774592.032","1.28262759653","12","4640078.857","-3872788.763","767290.094","-247001.25"
"2_20_1.75_75_8.csv","2004/1/2","2007/12/31","1237458.5","2457252.75","1219794.25","0.545169552865","16","13199552.874","-12013390.749","1186162.125","-1121805.5"
"2_60_1_125_8.csv","2004/1/2","2007/12/31","523878.281","2092600.625","1568722.344","1.02942758851","8","15335863.467","-13795419.342","1540444.125","-794284.125"
"2_60_1_100_8.csv","2004/1/2","2007/12/31","557822.5","1939199.0","1381376.5","0.886735491367","10","15192281.942","-13839813.63","1352468.312","-754885.5"
"2_20_0.75_150_10.csv","2004/1/2","2007/12/31","171493.328","1068915.0","897421.672","0.766049324013","22","7523750.884","-6648948.603","874802.281","-479250.0"
"2_20_0.75_150_12.csv","2004/1/2","2007/12/31","171493.328","1068915.0","897421.672","0.766049324013","22","7523750.884","-6648948.603","874802.281","-479250.0"
"2_20_0.75_150_14.csv","2004/1/2","2007/12/31","171493.328","1068915.0","897421.672","0.766049324013","22","7523750.884","-6648948.603","874802.281","-479250.0"
"2_20_0.75_150_16.csv","2004/1/2","2007/12/31","171493.328","1068915.0","897421.672","0.766049324013","22","7523750.884","-6648948.603","874802.281","-479250.0"
"2_20_0.75_150_18.csv","2004/1/2","2007/12/31","171493.328","1068915.0","897421.672","0.766049324013","22","7523750.884","-6648948.603","874802.281","-479250.0"
"2_20_0.75_150_20.csv","2004/1/2","2007/12/31","171493.328","1068915.0","897421.672","0.766049324013","22","7523750.884","-6648948.603","874802.281","-479250.0"
"2_20_0.75_150_6.csv","2004/1/2","2007/12/31","171493.328","1068915.0","897421.672","0.766049324013","22","7523750.884","-6648948.603","874802.281","-479250.0"
"2_20_0.75_150_8.csv","2004/1/2","2007/12/31","171493.328","1068915.0","897421.672","0.766049324013","22","7523750.884","-6648948.603","874802.281","-479250.0"
"2_60_1.25_100_8.csv","2004/1/2","2007/12/31","609943.625","2244559.25","1634615.625","1.01532476021","8","14925599.373","-13322760.748","1602838.625","-736621.125"
"2_60_1.25_125_8.csv","2004/1/2","2007/12/31","-45569.992","1040438.25","1086008.242","1.1378605376","7","9066008.936","-7998839.202","1067169.734","-394086.063"
"2_60_1.25_50_8.csv","2004/1/2","2007/12/31","1477414.5","3992795.25","2515380.75","1.01532494865","8","22967823.371","-20501341.871","2466481.5","-1133527.937"
"2_60_1.25_75_8.csv","2004/1/2","2007/12/31","1477414.5","3992795.25","2515380.75","1.01532494865","8","22967823.371","-20501341.871","2466481.5","-1133527.937"
"2_120_1_225_4.csv","2004/1/2","2007/12/31","-525667.375","-262687.094","262980.281","0.554421659273","12","3628838.574","-3375636.605","253201.969","-235542.75"
"2_60_1.5_200_12.csv","2004/1/2","2007/12/31","-176631.375","766487.5","943118.875","1.1454394136","3","7161511.112","-6235979.815","925531.297","-453693.75"
"2_60_1_175_4.csv","2004/1/2","2007/12/31","-343461.969","467911.531","811373.5","1.23583625272","9","5613107.972","-4816790.878","796317.094","-377009.219"
"2_60_1.5_175_12.csv","2004/1/2","2007/12/31","-185886.828","512338.063","698224.891","0.857650895495","5","7028629.039","-6349276.523","679352.516","-388419.5"
"2_60_1.5_150_12.csv","2004/1/2","2007/12/31","-347831.406","153180.438","501011.844","0.768224426336","7","5717512.719","-5231619.156","485893.563","-319685.063"
"2_60_1.5_225_10.csv","2004/1/2","2007/12/31","-133209.969","914340.813","1047550.782","1.20854041294","4","7485070.155","-6457965.404","1027104.751","-491667.312"
"2_20_1_225_10.csv","2004/1/2","2007/12/31","1613848.875","3568143.0","1954294.125","0.747669134085","18","15417535.248","-13528772.123","1888763.125","-1058179.25"
"2_20_1_225_12.csv","2004/1/2","2007/12/31","1613848.875","3568143.0","1954294.125","0.747669134085","18","15417535.248","-13528772.123","1888763.125","-1058179.25"
"2_20_1_225_14.csv","2004/1/2","2007/12/31","1613848.875","3568143.0","1954294.125","0.747669134085","18","15417535.248","-13528772.123","1888763.125","-1058179.25"
"2_20_1_225_16.csv","2004/1/2","2007/12/31","1613848.875","3568143.0","1954294.125","0.747669134085","18","15417535.248","-13528772.123","1888763.125","-1058179.25"
"2_20_1_225_18.csv","2004/1/2","2007/12/31","1613848.875","3568143.0","1954294.125","0.747669134085","18","15417535.248","-13528772.123","1888763.125","-1058179.25"
"2_20_1_225_20.csv","2004/1/2","2007/12/31","1613848.875","3568143.0","1954294.125","0.747669134085","18","15417535.248","-13528772.123","1888763.125","-1058179.25"
"2_20_1_225_8.csv","2004/1/2","2007/12/31","1521538.125","3406814.25","1885276.125","0.747669093839","18","14873051.186","-13050991.936","1822059.25","-1020808.5"
"1_20_1.5_125_10.csv","2004/1/2","2007/12/31","1095170.125","1143405.25","48235.125","0.0230220565025","37","4926590.061","-4932836.311","-6246.25","-521189.625"
"1_20_1.5_125_12.csv","2004/1/2","2007/12/31","1095170.125","1143405.25","48235.125","0.0230220565025","37","4926590.061","-4932836.311","-6246.25","-521189.625"
"1_20_1.5_125_14.csv","2004/1/2","2007/12/31","1095170.125","1143405.25","48235.125","0.0230220565025","37","4926590.061","-4932836.311","-6246.25","-521189.625"
"1_20_1.5_125_16.csv","2004/1/2","2007/12/31","1095170.125","1143405.25","48235.125","0.0230220565025","37","4926590.061","-4932836.311","-6246.25","-521189.625"
"1_20_1.5_125_18.csv","2004/1/2","2007/12/31","1095170.125","1143405.25","48235.125","0.0230220565025","37","4926590.061","-4932836.311","-6246.25","-521189.625"
"1_20_1.5_125_20.csv","2004/1/2","2007/12/31","1095170.125","1143405.25","48235.125","0.0230220565025","37","4926590.061","-4932836.311","-6246.25","-521189.625"
"1_20_1.5_125_4.csv","2004/1/2","2007/12/31","1095170.125","1143405.25","48235.125","0.0230220565025","37","4926590.061","-4932836.311","-6246.25","-521189.625"
"1_20_1.5_125_6.csv","2004/1/2","2007/12/31","1095170.125","1143405.25","48235.125","0.0230220565025","37","4926590.061","-4932836.311","-6246.25","-521189.625"
"1_20_1.5_125_8.csv","2004/1/2","2007/12/31","1095170.125","1143405.25","48235.125","0.0230220565025","37","4926590.061","-4932836.311","-6246.25","-521189.625"
"3_20_1.5_125_10.csv","2004/1/2","2007/12/31","1095170.125","1143405.25","48235.125","0.0230220565025","37","4926590.061","-4932836.311","-6246.25","-521189.625"
"3_20_1.5_125_12.csv","2004/1/2","2007/12/31","1095170.125","1143405.25","48235.125","0.0230220565025","37","4926590.061","-4932836.311","-6246.25","-521189.625"
"3_20_1.5_125_14.csv","2004/1/2","2007/12/31","1095170.125","1143405.25","48235.125","0.0230220565025","37","4926590.061","-4932836.311","-6246.25","-521189.625"
"3_20_1.5_125_16.csv","2004/1/2","2007/12/31","1095170.125","1143405.25","48235.125","0.0230220565025","37","4926590.061","-4932836.311","-6246.25","-521189.625"
"3_20_1.5_125_18.csv","2004/1/2","2007/12/31","1095170.125","1143405.25","48235.125","0.0230220565025","37","4926590.061","-4932836.311","-6246.25","-521189.625"
"3_20_1.5_125_20.csv","2004/1/2","2007/12/31","1095170.125","1143405.25","48235.125","0.0230220565025","37","4926590.061","-4932836.311","-6246.25","-521189.625"
"3_20_1.5_125_4.csv","2004/1/2","2007/12/31","1095170.125","1143405.25","48235.125","0.0230220565025","37","4926590.061","-4932836.311","-6246.25","-521189.625"
"3_20_1.5_125_6.csv","2004/1/2","2007/12/31","1095170.125","1143405.25","48235.125","0.0230220565025","37","4926590.061","-4932836.311","-6246.25","-521189.625"
"3_20_1.5_125_8.csv","2004/1/2","2007/12/31","1095170.125","1143405.25","48235.125","0.0230220565025","37","4926590.061","-4932836.311","-6246.25","-521189.625"
"2_60_1.25_125_4.csv","2004/1/2","2007/12/31","-251077.969","721076.125","972154.094","1.29807116597","10","6046675.285","-5094203.722","952471.563","-287612.718"
"2_60_1.25_100_4.csv","2004/1/2","2007/12/31","180274.359","1556890.625","1376616.266","1.16635276832","11","9294430.358","-7948833.061","1345597.297","-510934.406"
"2_60_1.25_50_4.csv","2004/1/2","2007/12/31","1093980.625","3536301.0","2442320.375","1.16635290023","11","16489693.682","-14102405.557","2387288.125","-906473.0"
"2_60_1.25_75_4.csv","2004/1/2","2007/12/31","1093980.625","3536301.0","2442320.375","1.16635290023","11","16489693.682","-14102405.557","2387288.125","-906473.0"
"2_60_1.5_225_6.csv","2004/1/2","2007/12/31","158361.906","1803969.875","1645607.969","1.42063370737","5","9582688.838","-7968658.619","1614030.219","-720154.375"
"2_20_0.75_225_4.csv","2004/1/2","2007/12/31","930742.563","2829116.0","1898373.437","0.983234882464","21","12642872.243","-10800491.243","1842381.0","-886989.0"
"2_80_1.5_225_14.csv","2004/1/2","2007/12/31","-150528.078","412844.188","563372.266","0.663202928089","5","7050425.262","-6511740.472","538684.79","-414909.062"
"2_80_1.5_200_14.csv","2004/1/2","2007/12/31","-310685.406","146470.063","457155.469","0.66320294533","5","5721156.176","-5284033.675","437122.501","-336683.187"
"2_20_1_175_8.csv","2004/1/2","2007/12/31","1408115.75","2756826.25","1348710.5","0.56006880068","19","13723563.059","-12444933.809","1278629.25","-1088202.625"
"2_20_1_175_10.csv","2004/1/2","2007/12/31","1496274.25","2894359.75","1398085.5","0.560068870638","19","14225968.248","-12900529.623","1325438.625","-1128040.625"
"2_20_1_175_12.csv","2004/1/2","2007/12/31","1496274.25","2894359.75","1398085.5","0.560068870638","19","14225968.248","-12900529.623","1325438.625","-1128040.625"
"2_20_1_175_14.csv","2004/1/2","2007/12/31","1496274.25","2894359.75","1398085.5","0.560068870638","19","14225968.248","-12900529.623","1325438.625","-1128040.625"
"2_20_1_175_16.csv","2004/1/2","2007/12/31","1496274.25","2894359.75","1398085.5","0.560068870638","19","14225968.248","-12900529.623","1325438.625","-1128040.625"
"2_20_1_175_18.csv","2004/1/2","2007/12/31","1496274.25","2894359.75","1398085.5","0.560068870638","19","14225968.248","-12900529.623","1325438.625","-1128040.625"
"2_20_1_175_20.csv","2004/1/2","2007/12/31","1496274.25","2894359.75","1398085.5","0.560068870638","19","14225968.248","-12900529.623","1325438.625","-1128040.625"
"2_60_1.5_225_14.csv","2004/1/2","2007/12/31","-72410.867","1048618.0","1121028.867","1.20854031933","4","8236759.406","-7143009.906","1093749.5","-526154.25"
"2_60_1.5_225_16.csv","2004/1/2","2007/12/31","151392.844","1542897.5","1391504.656","1.20854030251","4","10224080.428","-8866437.022","1357643.406","-653102.0"
"2_60_1.5_225_18.csv","2004/1/2","2007/12/31","151392.844","1542897.5","1391504.656","1.20854030251","4","10224080.428","-8866437.022","1357643.406","-653102.0"
"2_60_1.5_225_20.csv","2004/1/2","2007/12/31","151392.844","1542897.5","1391504.656","1.20854030251","4","10224080.428","-8866437.022","1357643.406","-653102.0"
"2_100_1.5_225_12.csv","2004/1/2","2007/12/31","-168292.984","212130.563","380423.547","0.457400911236","6","6785353.884","-6429814.227","355539.657","-422278.203"
"2_40_0.75_200_6.csv","2004/1/2","2007/12/31","-175454.25","978966.188","1154420.438","1.40006838675","12","6719247.116","-5590076.928","1129170.188","-428171.32"
"2_60_1_125_10.csv","2004/1/2","2007/12/31","560466.688","2166854.0","1606387.312","1.02942749394","8","15653402.93","-14097517.43","1555885.5","-813354.75"
"2_60_1_125_12.csv","2004/1/2","2007/12/31","560466.688","2166854.0","1606387.312","1.02942749394","8","15653402.93","-14097517.43","1555885.5","-813354.75"
"2_60_1_100_10.csv","2004/1/2","2007/12/31","595225.75","2009769.0","1414543.25","0.886735466751","10","15505244.922","-14142328.422","1362916.5","-804338.551"
"2_60_1_100_12.csv","2004/1/2","2007/12/31","595225.75","2009769.0","1414543.25","0.886735466751","10","15505244.922","-14142328.422","1362916.5","-804338.551"
"1_40_0.75_200_10.csv","2004/1/2","2007/12/31","321268.313","1759325.75","1438057.437","1.08839167855","26","9412873.528","-8023252.903","1389620.625","-708926.875"
"1_40_0.75_200_12.csv","2004/1/2","2007/12/31","321268.313","1759325.75","1438057.437","1.08839167855","26","9412873.528","-8023252.903","1389620.625","-708926.875"
"1_40_0.75_200_14.csv","2004/1/2","2007/12/31","321268.313","1759325.75","1438057.437","1.08839167855","26","9412873.528","-8023252.903","1389620.625","-708926.875"
"1_40_0.75_200_16.csv","2004/1/2","2007/12/31","321268.313","1759325.75","1438057.437","1.08839167855","26","9412873.528","-8023252.903","1389620.625","-708926.875"
"1_40_0.75_200_18.csv","2004/1/2","2007/12/31","321268.313","1759325.75","1438057.437","1.08839167855","26","9412873.528","-8023252.903","1389620.625","-708926.875"
"1_40_0.75_200_20.csv","2004/1/2","2007/12/31","321268.313","1759325.75","1438057.437","1.08839167855","26","9412873.528","-8023252.903","1389620.625","-708926.875"
"1_40_0.75_200_4.csv","2004/1/2","2007/12/31","321268.313","1759325.75","1438057.437","1.08839167855","26","9412873.528","-8023252.903","1389620.625","-708926.875"
"1_40_0.75_200_6.csv","2004/1/2","2007/12/31","321268.313","1759325.75","1438057.437","1.08839167855","26","9412873.528","-8023252.903","1389620.625","-708926.875"
"1_40_0.75_200_8.csv","2004/1/2","2007/12/31","321268.313","1759325.75","1438057.437","1.08839167855","26","9412873.528","-8023252.903","1389620.625","-708926.875"
"3_40_0.75_200_10.csv","2004/1/2","2007/12/31","321268.313","1759325.75","1438057.437","1.08839167855","26","9412873.528","-8023252.903","1389620.625","-708926.875"
"3_40_0.75_200_12.csv","2004/1/2","2007/12/31","321268.313","1759325.75","1438057.437","1.08839167855","26","9412873.528","-8023252.903","1389620.625","-708926.875"
"3_40_0.75_200_14.csv","2004/1/2","2007/12/31","321268.313","1759325.75","1438057.437","1.08839167855","26","9412873.528","-8023252.903","1389620.625","-708926.875"
"3_40_0.75_200_16.csv","2004/1/2","2007/12/31","321268.313","1759325.75","1438057.437","1.08839167855","26","9412873.528","-8023252.903","1389620.625","-708926.875"
"3_40_0.75_200_18.csv","2004/1/2","2007/12/31","321268.313","1759325.75","1438057.437","1.08839167855","26","9412873.528","-8023252.903","1389620.625","-708926.875"
"3_40_0.75_200_20.csv","2004/1/2","2007/12/31","321268.313","1759325.75","1438057.437","1.08839167855","26","9412873.528","-8023252.903","1389620.625","-708926.875"
"3_40_0.75_200_4.csv","2004/1/2","2007/12/31","321268.313","1759325.75","1438057.437","1.08839167855","26","9412873.528","-8023252.903","1389620.625","-708926.875"
"3_40_0.75_200_6.csv","2004/1/2","2007/12/31","321268.313","1759325.75","1438057.437","1.08839167855","26","9412873.528","-8023252.903","1389620.625","-708926.875"
"3_40_0.75_200_8.csv","2004/1/2","2007/12/31","321268.313","1759325.75","1438057.437","1.08839167855","26","9412873.528","-8023252.903","1389620.625","-708926.875"
"2_20_2_125_6.csv","2004/1/2","2007/12/31","1071203.0","2400463.25","1329260.25","0.641781732645","17","8864168.843","-7615496.843","1248672.0","-923306.844"
"2_20_1.75_100_10.csv","2004/1/2","2007/12/31","1536923.125","2879815.0","1342891.875","0.52933881274","15","14814720.874","-13576784.499","1237936.375","-1168462.25"
"2_20_1.75_100_12.csv","2004/1/2","2007/12/31","1536923.125","2879815.0","1342891.875","0.52933881274","15","14814720.874","-13576784.499","1237936.375","-1168462.25"
"2_20_1.75_100_14.csv","2004/1/2","2007/12/31","1536923.125","2879815.0","1342891.875","0.52933881274","15","14814720.874","-13576784.499","1237936.375","-1168462.25"
"2_20_1.75_100_16.csv","2004/1/2","2007/12/31","1536923.125","2879815.0","1342891.875","0.52933881274","15","14814720.874","-13576784.499","1237936.375","-1168462.25"
"2_20_1.75_100_18.csv","2004/1/2","2007/12/31","1536923.125","2879815.0","1342891.875","0.52933881274","15","14814720.874","-13576784.499","1237936.375","-1168462.25"
"2_20_1.75_100_20.csv","2004/1/2","2007/12/31","1536923.125","2879815.0","1342891.875","0.52933881274","15","14814720.874","-13576784.499","1237936.375","-1168462.25"
"2_20_1.5_175_4.csv","2004/1/2","2007/12/31","441303.969","789909.625","348605.656","0.241868241188","22","5909844.08","-5623774.611","286069.469","-642316.168"
"2_60_2_100_4.csv","2004/1/2","2007/12/31","998714.0","2918367.0","1919653.0","0.960444065534","10","9752188.875","-7921037.625","1831151.25","-755924.25"
"2_60_2_125_4.csv","2004/1/2","2007/12/31","542087.25","2023176.25","1481089.0","0.960444358774","10","7524203.345","-6111397.095","1412806.25","-583225.75"
"2_60_2_50_4.csv","2004/1/2","2007/12/31","1741479.5","4374517.5","2633038.0","0.960444168924","10","13376313.625","-10864666.875","2511646.75","-1036841.75"
"2_60_2_75_4.csv","2004/1/2","2007/12/31","1741479.5","4374517.5","2633038.0","0.960444168924","10","13376313.625","-10864666.875","2511646.75","-1036841.75"
"2_20_0.75_100_10.csv","2004/1/2","2007/12/31","1694413.5","3383198.25","1688784.75","0.62677267242","21","16711092.437","-15144832.937","1566259.5","-1015338.0"
"2_20_0.75_100_12.csv","2004/1/2","2007/12/31","1694413.5","3383198.25","1688784.75","0.62677267242","21","16711092.437","-15144832.937","1566259.5","-1015338.0"
"2_20_0.75_100_14.csv","2004/1/2","2007/12/31","1694413.5","3383198.25","1688784.75","0.62677267242","21","16711092.437","-15144832.937","1566259.5","-1015338.0"
"2_20_0.75_100_16.csv","2004/1/2","2007/12/31","1694413.5","3383198.25","1688784.75","0.62677267242","21","16711092.437","-15144832.937","1566259.5","-1015338.0"
"2_20_0.75_100_18.csv","2004/1/2","2007/12/31","1694413.5","3383198.25","1688784.75","0.62677267242","21","16711092.437","-15144832.937","1566259.5","-1015338.0"
"2_20_0.75_100_20.csv","2004/1/2","2007/12/31","1694413.5","3383198.25","1688784.75","0.62677267242","21","16711092.437","-15144832.937","1566259.5","-1015338.0"
"2_20_0.75_100_8.csv","2004/1/2","2007/12/31","1694413.5","3383198.25","1688784.75","0.62677267242","21","16711092.437","-15144832.937","1566259.5","-1015338.0"
"2_20_0.75_100_6.csv","2004/1/2","2007/12/31","1840412.625","3620705.75","1780293.125","0.626772712292","21","17616597.0","-15965468.5","1651128.5","-1070355.0"
"2_60_1_50_14.csv","2004/1/2","2007/12/31","850552.938","2491504.0","1640951.062","0.886735541742","10","18002527.982","-16445893.17","1556634.812","-945107.937"
"2_60_1_50_16.csv","2004/1/2","2007/12/31","850552.938","2491504.0","1640951.062","0.886735541742","10","18002527.982","-16445893.17","1556634.812","-945107.937"
"2_60_1_50_18.csv","2004/1/2","2007/12/31","850552.938","2491504.0","1640951.062","0.886735541742","10","18002527.982","-16445893.17","1556634.812","-945107.937"
"2_60_1_50_20.csv","2004/1/2","2007/12/31","850552.938","2491504.0","1640951.062","0.886735541742","10","18002527.982","-16445893.17","1556634.812","-945107.937"
"2_60_1_75_14.csv","2004/1/2","2007/12/31","850552.938","2491504.0","1640951.062","0.886735541742","10","18002527.982","-16445893.17","1556634.812","-945107.937"
"2_60_1_75_16.csv","2004/1/2","2007/12/31","850552.938","2491504.0","1640951.062","0.886735541742","10","18002527.982","-16445893.17","1556634.812","-945107.937"
"2_60_1_75_18.csv","2004/1/2","2007/12/31","850552.938","2491504.0","1640951.062","0.886735541742","10","18002527.982","-16445893.17","1556634.812","-945107.937"
"2_60_1_75_20.csv","2004/1/2","2007/12/31","850552.938","2491504.0","1640951.062","0.886735541742","10","18002527.982","-16445893.17","1556634.812","-945107.937"
"2_20_1_225_6.csv","2004/1/2","2007/12/31","2086429.5","4394057.0","2307627.5","0.747668948861","18","17620822.687","-15456891.687","2163931.0","-1251244.812"
"2_20_0.75_75_6.csv","2004/1/2","2007/12/31","2027984.75","3988685.5","1960700.75","0.647526626414","21","20140291.0","-18320618.0","1819673.0","-1336737.875"
"2_20_0.75_75_10.csv","2004/1/2","2007/12/31","1872343.375","3732262.5","1859919.125","0.64752673416","21","19105067.625","-17378927.625","1726140.0","-1268029.125"
"2_20_0.75_75_12.csv","2004/1/2","2007/12/31","1872343.375","3732262.5","1859919.125","0.64752673416","21","19105067.625","-17378927.625","1726140.0","-1268029.125"
"2_20_0.75_75_14.csv","2004/1/2","2007/12/31","1872343.375","3732262.5","1859919.125","0.64752673416","21","19105067.625","-17378927.625","1726140.0","-1268029.125"
"2_20_0.75_75_16.csv","2004/1/2","2007/12/31","1872343.375","3732262.5","1859919.125","0.64752673416","21","19105067.625","-17378927.625","1726140.0","-1268029.125"
"2_20_0.75_75_18.csv","2004/1/2","2007/12/31","1872343.375","3732262.5","1859919.125","0.64752673416","21","19105067.625","-17378927.625","1726140.0","-1268029.125"
"2_20_0.75_75_20.csv","2004/1/2","2007/12/31","1872343.375","3732262.5","1859919.125","0.64752673416","21","19105067.625","-17378927.625","1726140.0","-1268029.125"
"2_20_0.75_75_8.csv","2004/1/2","2007/12/31","1872343.375","3732262.5","1859919.125","0.64752673416","21","19105067.625","-17378927.625","1726140.0","-1268029.125"
"1_80_1.25_225_4.csv","2004/1/2","2007/12/31","411111.094","972955.375","561844.281","0.398157369316","26","7852527.677","-7357271.427","495256.25","-877263.141"
"3_80_1.25_225_4.csv","2004/1/2","2007/12/31","411111.094","972955.375","561844.281","0.398157369316","26","7852527.677","-7357271.427","495256.25","-877263.141"
"1_80_1.25_200_10.csv","2004/1/2","2007/12/31","310287.281","831987.938","521700.657","0.398157461013","26","7291464.567","-6831594.254","459870.313","-814582.586"
"1_80_1.25_200_12.csv","2004/1/2","2007/12/31","310287.281","831987.938","521700.657","0.398157461013","26","7291464.567","-6831594.254","459870.313","-814582.586"
"1_80_1.25_200_14.csv","2004/1/2","2007/12/31","310287.281","831987.938","521700.657","0.398157461013","26","7291464.567","-6831594.254","459870.313","-814582.586"
"1_80_1.25_200_16.csv","2004/1/2","2007/12/31","310287.281","831987.938","521700.657","0.398157461013","26","7291464.567","-6831594.254","459870.313","-814582.586"
"1_80_1.25_200_18.csv","2004/1/2","2007/12/31","310287.281","831987.938","521700.657","0.398157461013","26","7291464.567","-6831594.254","459870.313","-814582.586"
"1_80_1.25_200_20.csv","2004/1/2","2007/12/31","310287.281","831987.938","521700.657","0.398157461013","26","7291464.567","-6831594.254","459870.313","-814582.586"
"1_80_1.25_200_6.csv","2004/1/2","2007/12/31","310287.281","831987.938","521700.657","0.398157461013","26","7291464.567","-6831594.254","459870.313","-814582.586"
"1_80_1.25_200_8.csv","2004/1/2","2007/12/31","310287.281","831987.938","521700.657","0.398157461013","26","7291464.567","-6831594.254","459870.313","-814582.586"
"3_80_1.25_200_10.csv","2004/1/2","2007/12/31","310287.281","831987.938","521700.657","0.398157461013","26","7291464.567","-6831594.254","459870.313","-814582.586"
"3_80_1.25_200_12.csv","2004/1/2","2007/12/31","310287.281","831987.938","521700.657","0.398157461013","26","7291464.567","-6831594.254","459870.313","-814582.586"
"3_80_1.25_200_14.csv","2004/1/2","2007/12/31","310287.281","831987.938","521700.657","0.398157461013","26","7291464.567","-6831594.254","459870.313","-814582.586"
"3_80_1.25_200_16.csv","2004/1/2","2007/12/31","310287.281","831987.938","521700.657","0.398157461013","26","7291464.567","-6831594.254","459870.313","-814582.586"
"3_80_1.25_200_18.csv","2004/1/2","2007/12/31","310287.281","831987.938","521700.657","0.398157461013","26","7291464.567","-6831594.254","459870.313","-814582.586"
"3_80_1.25_200_20.csv","2004/1/2","2007/12/31","310287.281","831987.938","521700.657","0.398157461013","26","7291464.567","-6831594.254","459870.313","-814582.586"
"3_80_1.25_200_6.csv","2004/1/2","2007/12/31","310287.281","831987.938","521700.657","0.398157461013","26","7291464.567","-6831594.254","459870.313","-814582.586"
"3_80_1.25_200_8.csv","2004/1/2","2007/12/31","310287.281","831987.938","521700.657","0.398157461013","26","7291464.567","-6831594.254","459870.313","-814582.586"
"1_80_1.25_200_4.csv","2004/1/2","2007/12/31","333274.875","864128.125","530853.25","0.398157394213","26","7419385.443","-6951447.318","467938.125","-828873.485"
"3_80_1.25_200_4.csv","2004/1/2","2007/12/31","333274.875","864128.125","530853.25","0.398157394213","26","7419385.443","-6951447.318","467938.125","-828873.485"
"1_80_1.25_225_10.csv","2004/1/2","2007/12/31","386781.375","938938.75","552157.375","0.398157478139","26","7717139.42","-7230422.139","486717.281","-862137.891"
"1_80_1.25_225_12.csv","2004/1/2","2007/12/31","386781.375","938938.75","552157.375","0.398157478139","26","7717139.42","-7230422.139","486717.281","-862137.891"
"1_80_1.25_225_14.csv","2004/1/2","2007/12/31","386781.375","938938.75","552157.375","0.398157478139","26","7717139.42","-7230422.139","486717.281","-862137.891"
"1_80_1.25_225_16.csv","2004/1/2","2007/12/31","386781.375","938938.75","552157.375","0.398157478139","26","7717139.42","-7230422.139","486717.281","-862137.891"
"1_80_1.25_225_18.csv","2004/1/2","2007/12/31","386781.375","938938.75","552157.375","0.398157478139","26","7717139.42","-7230422.139","486717.281","-862137.891"
"1_80_1.25_225_20.csv","2004/1/2","2007/12/31","386781.375","938938.75","552157.375","0.398157478139","26","7717139.42","-7230422.139","486717.281","-862137.891"
"1_80_1.25_225_6.csv","2004/1/2","2007/12/31","386781.375","938938.75","552157.375","0.398157478139","26","7717139.42","-7230422.139","486717.281","-862137.891"
"1_80_1.25_225_8.csv","2004/1/2","2007/12/31","386781.375","938938.75","552157.375","0.398157478139","26","7717139.42","-7230422.139","486717.281","-862137.891"
"3_80_1.25_225_10.csv","2004/1/2","2007/12/31","386781.375","938938.75","552157.375","0.398157478139","26","7717139.42","-7230422.139","486717.281","-862137.891"
"3_80_1.25_225_12.csv","2004/1/2","2007/12/31","386781.375","938938.75","552157.375","0.398157478139","26","7717139.42","-7230422.139","486717.281","-862137.891"
"3_80_1.25_225_14.csv","2004/1/2","2007/12/31","386781.375","938938.75","552157.375","0.398157478139","26","7717139.42","-7230422.139","486717.281","-862137.891"
"3_80_1.25_225_16.csv","2004/1/2","2007/12/31","386781.375","938938.75","552157.375","0.398157478139","26","7717139.42","-7230422.139","486717.281","-862137.891"
"3_80_1.25_225_18.csv","2004/1/2","2007/12/31","386781.375","938938.75","552157.375","0.398157478139","26","7717139.42","-7230422.139","486717.281","-862137.891"
"3_80_1.25_225_20.csv","2004/1/2","2007/12/31","386781.375","938938.75","552157.375","0.398157478139","26","7717139.42","-7230422.139","486717.281","-862137.891"
"3_80_1.25_225_6.csv","2004/1/2","2007/12/31","386781.375","938938.75","552157.375","0.398157478139","26","7717139.42","-7230422.139","486717.281","-862137.891"
"3_80_1.25_225_8.csv","2004/1/2","2007/12/31","386781.375","938938.75","552157.375","0.398157478139","26","7717139.42","-7230422.139","486717.281","-862137.891"
"1_40_1.75_225_10.csv","2004/1/2","2007/12/31","562164.25","700934.75","138770.5","0.0888322082649","17","3314856.94","-3250254.628","64602.312","-448512.937"
"1_40_1.75_225_12.csv","2004/1/2","2007/12/31","562164.25","700934.75","138770.5","0.0888322082649","17","3314856.94","-3250254.628","64602.312","-448512.937"
"1_40_1.75_225_14.csv","2004/1/2","2007/12/31","562164.25","700934.75","138770.5","0.0888322082649","17","3314856.94","-3250254.628","64602.312","-448512.937"
"1_40_1.75_225_16.csv","2004/1/2","2007/12/31","562164.25","700934.75","138770.5","0.0888322082649","17","3314856.94","-3250254.628","64602.312","-448512.937"
"1_40_1.75_225_18.csv","2004/1/2","2007/12/31","562164.25","700934.75","138770.5","0.0888322082649","17","3314856.94","-3250254.628","64602.312","-448512.937"
"1_40_1.75_225_20.csv","2004/1/2","2007/12/31","562164.25","700934.75","138770.5","0.0888322082649","17","3314856.94","-3250254.628","64602.312","-448512.937"
"1_40_1.75_225_4.csv","2004/1/2","2007/12/31","562164.25","700934.75","138770.5","0.0888322082649","17","3314856.94","-3250254.628","64602.312","-448512.937"
"1_40_1.75_225_6.csv","2004/1/2","2007/12/31","562164.25","700934.75","138770.5","0.0888322082649","17","3314856.94","-3250254.628","64602.312","-448512.937"
"1_40_1.75_225_8.csv","2004/1/2","2007/12/31","562164.25","700934.75","138770.5","0.0888322082649","17","3314856.94","-3250254.628","64602.312","-448512.937"
"3_40_1.75_225_10.csv","2004/1/2","2007/12/31","562164.25","700934.75","138770.5","0.0888322082649","17","3314856.94","-3250254.628","64602.312","-448512.937"
"3_40_1.75_225_12.csv","2004/1/2","2007/12/31","562164.25","700934.75","138770.5","0.0888322082649","17","3314856.94","-3250254.628","64602.312","-448512.937"
"3_40_1.75_225_14.csv","2004/1/2","2007/12/31","562164.25","700934.75","138770.5","0.0888322082649","17","3314856.94","-3250254.628","64602.312","-448512.937"
"3_40_1.75_225_16.csv","2004/1/2","2007/12/31","562164.25","700934.75","138770.5","0.0888322082649","17","3314856.94","-3250254.628","64602.312","-448512.937"
"3_40_1.75_225_18.csv","2004/1/2","2007/12/31","562164.25","700934.75","138770.5","0.0888322082649","17","3314856.94","-3250254.628","64602.312","-448512.937"
"3_40_1.75_225_20.csv","2004/1/2","2007/12/31","562164.25","700934.75","138770.5","0.0888322082649","17","3314856.94","-3250254.628","64602.312","-448512.937"
"3_40_1.75_225_4.csv","2004/1/2","2007/12/31","562164.25","700934.75","138770.5","0.0888322082649","17","3314856.94","-3250254.628","64602.312","-448512.937"
"3_40_1.75_225_6.csv","2004/1/2","2007/12/31","562164.25","700934.75","138770.5","0.0888322082649","17","3314856.94","-3250254.628","64602.312","-448512.937"
"3_40_1.75_225_8.csv","2004/1/2","2007/12/31","562164.25","700934.75","138770.5","0.0888322082649","17","3314856.94","-3250254.628","64602.312","-448512.937"
"1_40_1.75_200_10.csv","2004/1/2","2007/12/31","684490.313","834127.313","149637.0","0.088832211646","17","3574428.127","-3504767.189","69660.938","-483634.0"
"1_40_1.75_200_12.csv","2004/1/2","2007/12/31","684490.313","834127.313","149637.0","0.088832211646","17","3574428.127","-3504767.189","69660.938","-483634.0"
"1_40_1.75_200_14.csv","2004/1/2","2007/12/31","684490.313","834127.313","149637.0","0.088832211646","17","3574428.127","-3504767.189","69660.938","-483634.0"
"1_40_1.75_200_16.csv","2004/1/2","2007/12/31","684490.313","834127.313","149637.0","0.088832211646","17","3574428.127","-3504767.189","69660.938","-483634.0"
"1_40_1.75_200_18.csv","2004/1/2","2007/12/31","684490.313","834127.313","149637.0","0.088832211646","17","3574428.127","-3504767.189","69660.938","-483634.0"
"1_40_1.75_200_20.csv","2004/1/2","2007/12/31","684490.313","834127.313","149637.0","0.088832211646","17","3574428.127","-3504767.189","69660.938","-483634.0"
"1_40_1.75_200_4.csv","2004/1/2","2007/12/31","684490.313","834127.313","149637.0","0.088832211646","17","3574428.127","-3504767.189","69660.938","-483634.0"
"1_40_1.75_200_6.csv","2004/1/2","2007/12/31","684490.313","834127.313","149637.0","0.088832211646","17","3574428.127","-3504767.189","69660.938","-483634.0"
"1_40_1.75_200_8.csv","2004/1/2","2007/12/31","684490.313","834127.313","149637.0","0.088832211646","17","3574428.127","-3504767.189","69660.938","-483634.0"
"3_40_1.75_200_10.csv","2004/1/2","2007/12/31","684490.313","834127.313","149637.0","0.088832211646","17","3574428.127","-3504767.189","69660.938","-483634.0"
"3_40_1.75_200_12.csv","2004/1/2","2007/12/31","684490.313","834127.313","149637.0","0.088832211646","17","3574428.127","-3504767.189","69660.938","-483634.0"
"3_40_1.75_200_14.csv","2004/1/2","2007/12/31","684490.313","834127.313","149637.0","0.088832211646","17","3574428.127","-3504767.189","69660.938","-483634.0"
"3_40_1.75_200_16.csv","2004/1/2","2007/12/31","684490.313","834127.313","149637.0","0.088832211646","17","3574428.127","-3504767.189","69660.938","-483634.0"
"3_40_1.75_200_18.csv","2004/1/2","2007/12/31","684490.313","834127.313","149637.0","0.088832211646","17","3574428.127","-3504767.189","69660.938","-483634.0"
"3_40_1.75_200_20.csv","2004/1/2","2007/12/31","684490.313","834127.313","149637.0","0.088832211646","17","3574428.127","-3504767.189","69660.938","-483634.0"
"3_40_1.75_200_4.csv","2004/1/2","2007/12/31","684490.313","834127.313","149637.0","0.088832211646","17","3574428.127","-3504767.189","69660.938","-483634.0"
"3_40_1.75_200_6.csv","2004/1/2","2007/12/31","684490.313","834127.313","149637.0","0.088832211646","17","3574428.127","-3504767.189","69660.938","-483634.0"
"3_40_1.75_200_8.csv","2004/1/2","2007/12/31","684490.313","834127.313","149637.0","0.088832211646","17","3574428.127","-3504767.189","69660.938","-483634.0"
"2_20_1_50_4.csv","2004/1/2","2007/12/31","2737195.25","6881808.0","4144612.75","1.10901691583","23","24500943.5","-20537141.75","3963801.75","-2228171.0"
"2_60_1_100_4.csv","2004/1/2","2007/12/31","74797.672","842703.313","767905.641","0.714465299847","14","9003812.916","-8288118.744","715694.172","-675764.594"
"2_60_1_125_4.csv","2004/1/2","2007/12/31","29921.689","899308.063","869386.374","0.844128619958","12","8567614.948","-7748260.088","819354.86","-596445.969"
"2_40_0.75_150_4.csv","2004/1/2","2007/12/31","-205399.766","736559.375","941959.141","1.1854503695","15","6342181.947","-5439469.697","902712.25","-328991.188"
"2_20_1_175_6.csv","2004/1/2","2007/12/31","1947597.0","3598454.75","1650857.75","0.56006901554","19","16247831.873","-14746339.373","1501492.5","-1417996.312"
"1_20_2_50_10.csv","2004/1/2","2007/12/31","1079688.625","630804.875","-448883.75","-0.215841806607","30","2417253.813","-2973183.688","-555929.875","-745827.781"
"1_20_2_50_12.csv","2004/1/2","2007/12/31","1079688.625","630804.875","-448883.75","-0.215841806607","30","2417253.813","-2973183.688","-555929.875","-745827.781"
"1_20_2_50_14.csv","2004/1/2","2007/12/31","1079688.625","630804.875","-448883.75","-0.215841806607","30","2417253.813","-2973183.688","-555929.875","-745827.781"
"1_20_2_50_16.csv","2004/1/2","2007/12/31","1079688.625","630804.875","-448883.75","-0.215841806607","30","2417253.813","-2973183.688","-555929.875","-745827.781"
"1_20_2_50_18.csv","2004/1/2","2007/12/31","1079688.625","630804.875","-448883.75","-0.215841806607","30","2417253.813","-2973183.688","-555929.875","-745827.781"
"1_20_2_50_20.csv","2004/1/2","2007/12/31","1079688.625","630804.875","-448883.75","-0.215841806607","30","2417253.813","-2973183.688","-555929.875","-745827.781"
"1_20_2_50_4.csv","2004/1/2","2007/12/31","1079688.625","630804.875","-448883.75","-0.215841806607","30","2417253.813","-2973183.688","-555929.875","-745827.781"
"1_20_2_50_6.csv","2004/1/2","2007/12/31","1079688.625","630804.875","-448883.75","-0.215841806607","30","2417253.813","-2973183.688","-555929.875","-745827.781"
"1_20_2_50_8.csv","2004/1/2","2007/12/31","1079688.625","630804.875","-448883.75","-0.215841806607","30","2417253.813","-2973183.688","-555929.875","-745827.781"
"3_20_2_50_10.csv","2004/1/2","2007/12/31","1079688.625","630804.875","-448883.75","-0.215841806607","30","2417253.813","-2973183.688","-555929.875","-745827.781"
"3_20_2_50_12.csv","2004/1/2","2007/12/31","1079688.625","630804.875","-448883.75","-0.215841806607","30","2417253.813","-2973183.688","-555929.875","-745827.781"
"3_20_2_50_14.csv","2004/1/2","2007/12/31","1079688.625","630804.875","-448883.75","-0.215841806607","30","2417253.813","-2973183.688","-555929.875","-745827.781"
"3_20_2_50_16.csv","2004/1/2","2007/12/31","1079688.625","630804.875","-448883.75","-0.215841806607","30","2417253.813","-2973183.688","-555929.875","-745827.781"
"3_20_2_50_18.csv","2004/1/2","2007/12/31","1079688.625","630804.875","-448883.75","-0.215841806607","30","2417253.813","-2973183.688","-555929.875","-745827.781"
"3_20_2_50_20.csv","2004/1/2","2007/12/31","1079688.625","630804.875","-448883.75","-0.215841806607","30","2417253.813","-2973183.688","-555929.875","-745827.781"
"3_20_2_50_4.csv","2004/1/2","2007/12/31","1079688.625","630804.875","-448883.75","-0.215841806607","30","2417253.813","-2973183.688","-555929.875","-745827.781"
"3_20_2_50_6.csv","2004/1/2","2007/12/31","1079688.625","630804.875","-448883.75","-0.215841806607","30","2417253.813","-2973183.688","-555929.875","-745827.781"
"3_20_2_50_8.csv","2004/1/2","2007/12/31","1079688.625","630804.875","-448883.75","-0.215841806607","30","2417253.813","-2973183.688","-555929.875","-745827.781"
"2_20_0.75_50_6.csv","2004/1/2","2007/12/31","3214691.75","7953548.5","4738856.75","1.12436615323","22","32099900.75","-27578771.25","4521129.5","-2074028.0"
"2_20_0.75_50_10.csv","2004/1/2","2007/12/31","3136713.5","7978344.0","4841630.5","1.17040508123","22","33022752.0","-28394820.5","4627931.5","-2079772.5"
"2_20_0.75_50_12.csv","2004/1/2","2007/12/31","3136713.5","7978344.0","4841630.5","1.17040508123","22","33022752.0","-28394820.5","4627931.5","-2079772.5"
"2_20_0.75_50_14.csv","2004/1/2","2007/12/31","3136713.5","7978344.0","4841630.5","1.17040508123","22","33022752.0","-28394820.5","4627931.5","-2079772.5"
"2_20_0.75_50_16.csv","2004/1/2","2007/12/31","3136713.5","7978344.0","4841630.5","1.17040508123","22","33022752.0","-28394820.5","4627931.5","-2079772.5"
"2_20_0.75_50_18.csv","2004/1/2","2007/12/31","3136713.5","7978344.0","4841630.5","1.17040508123","22","33022752.0","-28394820.5","4627931.5","-2079772.5"
"2_20_0.75_50_20.csv","2004/1/2","2007/12/31","3136713.5","7978344.0","4841630.5","1.17040508123","22","33022752.0","-28394820.5","4627931.5","-2079772.5"
"2_20_0.75_50_8.csv","2004/1/2","2007/12/31","3136713.5","7978344.0","4841630.5","1.17040508123","22","33022752.0","-28394820.5","4627931.5","-2079772.5"
"1_80_1_175_10.csv","2004/1/2","2007/12/31","53937.43","747104.813","693167.383","0.657693107076","23","7301225.155","-6663932.092","637293.063","-750762.157"
"1_80_1_175_12.csv","2004/1/2","2007/12/31","53937.43","747104.813","693167.383","0.657693107076","23","7301225.155","-6663932.092","637293.063","-750762.157"
"1_80_1_175_14.csv","2004/1/2","2007/12/31","53937.43","747104.813","693167.383","0.657693107076","23","7301225.155","-6663932.092","637293.063","-750762.157"
"1_80_1_175_16.csv","2004/1/2","2007/12/31","53937.43","747104.813","693167.383","0.657693107076","23","7301225.155","-6663932.092","637293.063","-750762.157"
"1_80_1_175_18.csv","2004/1/2","2007/12/31","53937.43","747104.813","693167.383","0.657693107076","23","7301225.155","-6663932.092","637293.063","-750762.157"
"1_80_1_175_20.csv","2004/1/2","2007/12/31","53937.43","747104.813","693167.383","0.657693107076","23","7301225.155","-6663932.092","637293.063","-750762.157"
"1_80_1_175_4.csv","2004/1/2","2007/12/31","53937.43","868755.0","814817.57","0.773117593897","23","7495024.942","-6736081.692","758943.25","-705528.844"
"1_80_1_175_6.csv","2004/1/2","2007/12/31","53937.43","747104.813","693167.383","0.657693107076","23","7301225.155","-6663932.092","637293.063","-750762.157"
"1_80_1_175_8.csv","2004/1/2","2007/12/31","53937.43","747104.813","693167.383","0.657693107076","23","7301225.155","-6663932.092","637293.063","-750762.157"
"3_80_1_175_10.csv","2004/1/2","2007/12/31","53937.43","747104.813","693167.383","0.657693107076","23","7301225.155","-6663932.092","637293.063","-750762.157"
"3_80_1_175_12.csv","2004/1/2","2007/12/31","53937.43","747104.813","693167.383","0.657693107076","23","7301225.155","-6663932.092","637293.063","-750762.157"
"3_80_1_175_14.csv","2004/1/2","2007/12/31","53937.43","747104.813","693167.383","0.657693107076","23","7301225.155","-6663932.092","637293.063","-750762.157"
"3_80_1_175_16.csv","2004/1/2","2007/12/31","53937.43","747104.813","693167.383","0.657693107076","23","7301225.155","-6663932.092","637293.063","-750762.157"
"3_80_1_175_18.csv","2004/1/2","2007/12/31","53937.43","747104.813","693167.383","0.657693107076","23","7301225.155","-6663932.092","637293.063","-750762.157"
"3_80_1_175_20.csv","2004/1/2","2007/12/31","53937.43","747104.813","693167.383","0.657693107076","23","7301225.155","-6663932.092","637293.063","-750762.157"
"3_80_1_175_4.csv","2004/1/2","2007/12/31","53937.43","868755.0","814817.57","0.773117593897","23","7495024.942","-6736081.692","758943.25","-705528.844"
"3_80_1_175_6.csv","2004/1/2","2007/12/31","53937.43","747104.813","693167.383","0.657693107076","23","7301225.155","-6663932.092","637293.063","-750762.157"
"3_80_1_175_8.csv","2004/1/2","2007/12/31","53937.43","747104.813","693167.383","0.657693107076","23","7301225.155","-6663932.092","637293.063","-750762.157"
"1_80_1_150_10.csv","2004/1/2","2007/12/31","37394.344","605831.625","568437.281","0.547947156535","25","7001776.365","-6488336.396","513439.969","-781310.813"
"1_80_1_150_12.csv","2004/1/2","2007/12/31","37394.344","605831.625","568437.281","0.547947156535","25","7001776.365","-6488336.396","513439.969","-781310.813"
"1_80_1_150_14.csv","2004/1/2","2007/12/31","37394.344","605831.625","568437.281","0.547947156535","25","7001776.365","-6488336.396","513439.969","-781310.813"
"1_80_1_150_16.csv","2004/1/2","2007/12/31","37394.344","605831.625","568437.281","0.547947156535","25","7001776.365","-6488336.396","513439.969","-781310.813"
"1_80_1_150_18.csv","2004/1/2","2007/12/31","37394.344","605831.625","568437.281","0.547947156535","25","7001776.365","-6488336.396","513439.969","-781310.813"
"1_80_1_150_20.csv","2004/1/2","2007/12/31","37394.344","605831.625","568437.281","0.547947156535","25","7001776.365","-6488336.396","513439.969","-781310.813"
"1_80_1_150_4.csv","2004/1/2","2007/12/31","37394.344","717645.188","680250.844","0.655730241768","25","7179840.015","-6554586.483","625253.532","-739735.032"
"1_80_1_150_6.csv","2004/1/2","2007/12/31","37394.344","605831.625","568437.281","0.547947156535","25","7001776.365","-6488336.396","513439.969","-781310.813"
"1_80_1_150_8.csv","2004/1/2","2007/12/31","37394.344","605831.625","568437.281","0.547947156535","25","7001776.365","-6488336.396","513439.969","-781310.813"
"3_80_1_150_10.csv","2004/1/2","2007/12/31","37394.344","605831.625","568437.281","0.547947156535","25","7001776.365","-6488336.396","513439.969","-781310.813"
"3_80_1_150_12.csv","2004/1/2","2007/12/31","37394.344","605831.625","568437.281","0.547947156535","25","7001776.365","-6488336.396","513439.969","-781310.813"
"3_80_1_150_14.csv","2004/1/2","2007/12/31","37394.344","605831.625","568437.281","0.547947156535","25","7001776.365","-6488336.396","513439.969","-781310.813"
"3_80_1_150_16.csv","2004/1/2","2007/12/31","37394.344","605831.625","568437.281","0.547947156535","25","7001776.365","-6488336.396","513439.969","-781310.813"
"3_80_1_150_18.csv","2004/1/2","2007/12/31","37394.344","605831.625","568437.281","0.547947156535","25","7001776.365","-6488336.396","513439.969","-781310.813"
"3_80_1_150_20.csv","2004/1/2","2007/12/31","37394.344","605831.625","568437.281","0.547947156535","25","7001776.365","-6488336.396","513439.969","-781310.813"
"3_80_1_150_4.csv","2004/1/2","2007/12/31","37394.344","717645.188","680250.844","0.655730241768","25","7179840.015","-6554586.483","625253.532","-739735.032"
"3_80_1_150_6.csv","2004/1/2","2007/12/31","37394.344","605831.625","568437.281","0.547947156535","25","7001776.365","-6488336.396","513439.969","-781310.813"
"3_80_1_150_8.csv","2004/1/2","2007/12/31","37394.344","605831.625","568437.281","0.547947156535","25","7001776.365","-6488336.396","513439.969","-781310.813"
"1_20_1.5_75_10.csv","2004/1/2","2007/12/31","1840846.0","1853925.125","13079.125","0.00460395424462","42","7126409.25","-7265254.875","-138845.625","-778115.125"
"1_20_1.5_75_12.csv","2004/1/2","2007/12/31","1840846.0","1853925.125","13079.125","0.00460395424462","42","7126409.25","-7265254.875","-138845.625","-778115.125"
"1_20_1.5_75_14.csv","2004/1/2","2007/12/31","1840846.0","1853925.125","13079.125","0.00460395424462","42","7126409.25","-7265254.875","-138845.625","-778115.125"
"1_20_1.5_75_16.csv","2004/1/2","2007/12/31","1840846.0","1853925.125","13079.125","0.00460395424462","42","7126409.25","-7265254.875","-138845.625","-778115.125"
"1_20_1.5_75_18.csv","2004/1/2","2007/12/31","1840846.0","1853925.125","13079.125","0.00460395424462","42","7126409.25","-7265254.875","-138845.625","-778115.125"
"1_20_1.5_75_20.csv","2004/1/2","2007/12/31","1840846.0","1853925.125","13079.125","0.00460395424462","42","7126409.25","-7265254.875","-138845.625","-778115.125"
"1_20_1.5_75_4.csv","2004/1/2","2007/12/31","1840846.0","1853925.125","13079.125","0.00460395424462","42","7126409.25","-7265254.875","-138845.625","-778115.125"
"1_20_1.5_75_6.csv","2004/1/2","2007/12/31","1840846.0","1853925.125","13079.125","0.00460395424462","42","7126409.25","-7265254.875","-138845.625","-778115.125"
"1_20_1.5_75_8.csv","2004/1/2","2007/12/31","1840846.0","1853925.125","13079.125","0.00460395424462","42","7126409.25","-7265254.875","-138845.625","-778115.125"
"3_20_1.5_75_10.csv","2004/1/2","2007/12/31","1840846.0","1853925.125","13079.125","0.00460395424462","42","7126409.25","-7265254.875","-138845.625","-778115.125"
"3_20_1.5_75_12.csv","2004/1/2","2007/12/31","1840846.0","1853925.125","13079.125","0.00460395424462","42","7126409.25","-7265254.875","-138845.625","-778115.125"
"3_20_1.5_75_14.csv","2004/1/2","2007/12/31","1840846.0","1853925.125","13079.125","0.00460395424462","42","7126409.25","-7265254.875","-138845.625","-778115.125"
"3_20_1.5_75_16.csv","2004/1/2","2007/12/31","1840846.0","1853925.125","13079.125","0.00460395424462","42","7126409.25","-7265254.875","-138845.625","-778115.125"
"3_20_1.5_75_18.csv","2004/1/2","2007/12/31","1840846.0","1853925.125","13079.125","0.00460395424462","42","7126409.25","-7265254.875","-138845.625","-778115.125"
"3_20_1.5_75_20.csv","2004/1/2","2007/12/31","1840846.0","1853925.125","13079.125","0.00460395424462","42","7126409.25","-7265254.875","-138845.625","-778115.125"
"3_20_1.5_75_4.csv","2004/1/2","2007/12/31","1840846.0","1853925.125","13079.125","0.00460395424462","42","7126409.25","-7265254.875","-138845.625","-778115.125"
"3_20_1.5_75_6.csv","2004/1/2","2007/12/31","1840846.0","1853925.125","13079.125","0.00460395424462","42","7126409.25","-7265254.875","-138845.625","-778115.125"
"3_20_1.5_75_8.csv","2004/1/2","2007/12/31","1840846.0","1853925.125","13079.125","0.00460395424462","42","7126409.25","-7265254.875","-138845.625","-778115.125"
"2_60_1_50_8.csv","2004/1/2","2007/12/31","1242302.0","3230631.25","1988329.25","0.886735707322","10","21980246.813","-20119442.313","1860804.5","-1086568.75"
"2_60_1_75_8.csv","2004/1/2","2007/12/31","1242302.0","3230631.25","1988329.25","0.886735707322","10","21980246.813","-20119442.313","1860804.5","-1086568.75"
"2_20_2_75_10.csv","2004/1/2","2007/12/31","947845.125","1796087.0","848241.875","0.435477063404","15","10918207.587","-10181149.462","737058.125","-1129656.812"
"2_20_2_75_12.csv","2004/1/2","2007/12/31","947845.125","1796087.0","848241.875","0.435477063404","15","10918207.587","-10181149.462","737058.125","-1129656.812"
"2_20_2_75_14.csv","2004/1/2","2007/12/31","947845.125","1796087.0","848241.875","0.435477063404","15","10918207.587","-10181149.462","737058.125","-1129656.812"
"2_20_2_75_16.csv","2004/1/2","2007/12/31","947845.125","1796087.0","848241.875","0.435477063404","15","10918207.587","-10181149.462","737058.125","-1129656.812"
"2_20_2_75_18.csv","2004/1/2","2007/12/31","947845.125","1796087.0","848241.875","0.435477063404","15","10918207.587","-10181149.462","737058.125","-1129656.812"
"2_20_2_75_20.csv","2004/1/2","2007/12/31","947845.125","1796087.0","848241.875","0.435477063404","15","10918207.587","-10181149.462","737058.125","-1129656.812"
"2_80_1.5_175_8.csv","2004/1/2","2007/12/31","-447988.688","-224963.594","223025.094","0.404022687854","6","4294710.942","-4103197.942","191513.0","-349809.437"
"2_20_0.75_200_4.csv","2004/1/2","2007/12/31","643188.438","2258828.75","1615640.312","0.983234956282","21","10778751.934","-9257129.247","1521622.687","-754885.5"
"2_20_1.75_100_8.csv","2004/1/2","2007/12/31","1323044.125","2552721.5","1229677.375","0.529338793769","15","13357414.621","-12262758.121","1094656.5","-1116099.187"
"1_40_0.75_150_10.csv","2004/1/2","2007/12/31","591576.875","2137515.75","1545938.875","0.971325293351","28","11685202.498","-10232808.748","1452393.75","-806091.375"
"1_40_0.75_150_12.csv","2004/1/2","2007/12/31","591576.875","2137515.75","1545938.875","0.971325293351","28","11685202.498","-10232808.748","1452393.75","-806091.375"
"1_40_0.75_150_14.csv","2004/1/2","2007/12/31","591576.875","2137515.75","1545938.875","0.971325293351","28","11685202.498","-10232808.748","1452393.75","-806091.375"
"1_40_0.75_150_16.csv","2004/1/2","2007/12/31","591576.875","2137515.75","1545938.875","0.971325293351","28","11685202.498","-10232808.748","1452393.75","-806091.375"
"1_40_0.75_150_18.csv","2004/1/2","2007/12/31","591576.875","2137515.75","1545938.875","0.971325293351","28","11685202.498","-10232808.748","1452393.75","-806091.375"
"1_40_0.75_150_20.csv","2004/1/2","2007/12/31","591576.875","2137515.75","1545938.875","0.971325293351","28","11685202.498","-10232808.748","1452393.75","-806091.375"
"1_40_0.75_150_4.csv","2004/1/2","2007/12/31","591576.875","2137515.75","1545938.875","0.971325293351","28","11685202.498","-10232808.748","1452393.75","-806091.375"
"1_40_0.75_150_6.csv","2004/1/2","2007/12/31","591576.875","2137515.75","1545938.875","0.971325293351","28","11685202.498","-10232808.748","1452393.75","-806091.375"
"1_40_0.75_150_8.csv","2004/1/2","2007/12/31","591576.875","2137515.75","1545938.875","0.971325293351","28","11685202.498","-10232808.748","1452393.75","-806091.375"
"3_40_0.75_150_10.csv","2004/1/2","2007/12/31","591576.875","2137515.75","1545938.875","0.971325293351","28","11685202.498","-10232808.748","1452393.75","-806091.375"
"3_40_0.75_150_12.csv","2004/1/2","2007/12/31","591576.875","2137515.75","1545938.875","0.971325293351","28","11685202.498","-10232808.748","1452393.75","-806091.375"
"3_40_0.75_150_14.csv","2004/1/2","2007/12/31","591576.875","2137515.75","1545938.875","0.971325293351","28","11685202.498","-10232808.748","1452393.75","-806091.375"
"3_40_0.75_150_16.csv","2004/1/2","2007/12/31","591576.875","2137515.75","1545938.875","0.971325293351","28","11685202.498","-10232808.748","1452393.75","-806091.375"
"3_40_0.75_150_18.csv","2004/1/2","2007/12/31","591576.875","2137515.75","1545938.875","0.971325293351","28","11685202.498","-10232808.748","1452393.75","-806091.375"
"3_40_0.75_150_20.csv","2004/1/2","2007/12/31","591576.875","2137515.75","1545938.875","0.971325293351","28","11685202.498","-10232808.748","1452393.75","-806091.375"
"3_40_0.75_150_4.csv","2004/1/2","2007/12/31","591576.875","2137515.75","1545938.875","0.971325293351","28","11685202.498","-10232808.748","1452393.75","-806091.375"
"3_40_0.75_150_6.csv","2004/1/2","2007/12/31","591576.875","2137515.75","1545938.875","0.971325293351","28","11685202.498","-10232808.748","1452393.75","-806091.375"
"3_40_0.75_150_8.csv","2004/1/2","2007/12/31","591576.875","2137515.75","1545938.875","0.971325293351","28","11685202.498","-10232808.748","1452393.75","-806091.375"
"2_60_1.75_125_10.csv","2004/1/2","2007/12/31","-139435.781","462910.188","602345.969","0.699943078856","7","7199066.433","-6648947.182","550119.251","-403514.485"
"2_60_1.75_100_10.csv","2004/1/2","2007/12/31","38107.09","764723.063","726615.973","0.699943175419","7","8684305.452","-8020691.108","663614.344","-486763.484"
"2_60_1.75_75_10.csv","2004/1/2","2007/12/31","388818.875","1360913.25","972094.375","0.699943234138","7","11618192.464","-10730384.089","887808.375","-651210.68"
"2_60_1.75_50_10.csv","2004/1/2","2007/12/31","511361.844","1569229.125","1057867.281","0.699943091193","7","12643327.163","-11677182.913","966144.25","-708670.5"
"2_40_0.75_225_6.csv","2004/1/2","2007/12/31","-254923.125","840771.125","1095694.25","1.47057879095","11","6167599.899","-5118794.243","1048805.656","-368422.063"
"2_40_0.75_175_6.csv","2004/1/2","2007/12/31","-219975.156","849282.313","1069257.469","1.37079924726","13","6366766.103","-5346596.571","1020169.532","-413084.563"
"2_60_1.5_225_8.csv","2004/1/2","2007/12/31","-178992.844","647873.5","826866.344","1.00713658579","5","6814437.123","-6039328.732","775108.391","-423229.625"
"1_60_1.25_50_10.csv","2004/1/2","2007/12/31","1107058.0","1986125.875","879067.875","0.417201555439","27","11698355.033","-10957044.408","741310.625","-967030.156"
"1_60_1.25_50_12.csv","2004/1/2","2007/12/31","1107058.0","1986125.875","879067.875","0.417201555439","27","11698355.033","-10957044.408","741310.625","-967030.156"
"1_60_1.25_50_14.csv","2004/1/2","2007/12/31","1107058.0","1986125.875","879067.875","0.417201555439","27","11698355.033","-10957044.408","741310.625","-967030.156"
"1_60_1.25_50_16.csv","2004/1/2","2007/12/31","1107058.0","1986125.875","879067.875","0.417201555439","27","11698355.033","-10957044.408","741310.625","-967030.156"
"1_60_1.25_50_18.csv","2004/1/2","2007/12/31","1107058.0","1986125.875","879067.875","0.417201555439","27","11698355.033","-10957044.408","741310.625","-967030.156"
"1_60_1.25_50_20.csv","2004/1/2","2007/12/31","1107058.0","1986125.875","879067.875","0.417201555439","27","11698355.033","-10957044.408","741310.625","-967030.156"
"1_60_1.25_50_4.csv","2004/1/2","2007/12/31","1107058.0","1986125.875","879067.875","0.417201555439","27","11698355.033","-10957044.408","741310.625","-967030.156"
"1_60_1.25_50_6.csv","2004/1/2","2007/12/31","1107058.0","1986125.875","879067.875","0.417201555439","27","11698355.033","-10957044.408","741310.625","-967030.156"
"1_60_1.25_50_8.csv","2004/1/2","2007/12/31","1107058.0","1986125.875","879067.875","0.417201555439","27","11698355.033","-10957044.408","741310.625","-967030.156"
"1_60_1.25_75_10.csv","2004/1/2","2007/12/31","1107058.0","1986125.875","879067.875","0.417201555439","27","11698355.033","-10957044.408","741310.625","-967030.156"
"1_60_1.25_75_12.csv","2004/1/2","2007/12/31","1107058.0","1986125.875","879067.875","0.417201555439","27","11698355.033","-10957044.408","741310.625","-967030.156"
"1_60_1.25_75_14.csv","2004/1/2","2007/12/31","1107058.0","1986125.875","879067.875","0.417201555439","27","11698355.033","-10957044.408","741310.625","-967030.156"
"1_60_1.25_75_16.csv","2004/1/2","2007/12/31","1107058.0","1986125.875","879067.875","0.417201555439","27","11698355.033","-10957044.408","741310.625","-967030.156"
"1_60_1.25_75_18.csv","2004/1/2","2007/12/31","1107058.0","1986125.875","879067.875","0.417201555439","27","11698355.033","-10957044.408","741310.625","-967030.156"
"1_60_1.25_75_20.csv","2004/1/2","2007/12/31","1107058.0","1986125.875","879067.875","0.417201555439","27","11698355.033","-10957044.408","741310.625","-967030.156"
"1_60_1.25_75_4.csv","2004/1/2","2007/12/31","1107058.0","1986125.875","879067.875","0.417201555439","27","11698355.033","-10957044.408","741310.625","-967030.156"
"1_60_1.25_75_6.csv","2004/1/2","2007/12/31","1107058.0","1986125.875","879067.875","0.417201555439","27","11698355.033","-10957044.408","741310.625","-967030.156"
"1_60_1.25_75_8.csv","2004/1/2","2007/12/31","1107058.0","1986125.875","879067.875","0.417201555439","27","11698355.033","-10957044.408","741310.625","-967030.156"
"3_60_1.25_50_10.csv","2004/1/2","2007/12/31","1107058.0","1986125.875","879067.875","0.417201555439","27","11698355.033","-10957044.408","741310.625","-967030.156"
"3_60_1.25_50_12.csv","2004/1/2","2007/12/31","1107058.0","1986125.875","879067.875","0.417201555439","27","11698355.033","-10957044.408","741310.625","-967030.156"
"3_60_1.25_50_14.csv","2004/1/2","2007/12/31","1107058.0","1986125.875","879067.875","0.417201555439","27","11698355.033","-10957044.408","741310.625","-967030.156"
"3_60_1.25_50_16.csv","2004/1/2","2007/12/31","1107058.0","1986125.875","879067.875","0.417201555439","27","11698355.033","-10957044.408","741310.625","-967030.156"
"3_60_1.25_50_18.csv","2004/1/2","2007/12/31","1107058.0","1986125.875","879067.875","0.417201555439","27","11698355.033","-10957044.408","741310.625","-967030.156"
"3_60_1.25_50_20.csv","2004/1/2","2007/12/31","1107058.0","1986125.875","879067.875","0.417201555439","27","11698355.033","-10957044.408","741310.625","-967030.156"
"3_60_1.25_50_4.csv","2004/1/2","2007/12/31","1107058.0","1986125.875","879067.875","0.417201555439","27","11698355.033","-10957044.408","741310.625","-967030.156"
"3_60_1.25_50_6.csv","2004/1/2","2007/12/31","1107058.0","1986125.875","879067.875","0.417201555439","27","11698355.033","-10957044.408","741310.625","-967030.156"
"3_60_1.25_50_8.csv","2004/1/2","2007/12/31","1107058.0","1986125.875","879067.875","0.417201555439","27","11698355.033","-10957044.408","741310.625","-967030.156"
"3_60_1.25_75_10.csv","2004/1/2","2007/12/31","1107058.0","1986125.875","879067.875","0.417201555439","27","11698355.033","-10957044.408","741310.625","-967030.156"
"3_60_1.25_75_12.csv","2004/1/2","2007/12/31","1107058.0","1986125.875","879067.875","0.417201555439","27","11698355.033","-10957044.408","741310.625","-967030.156"
"3_60_1.25_75_14.csv","2004/1/2","2007/12/31","1107058.0","1986125.875","879067.875","0.417201555439","27","11698355.033","-10957044.408","741310.625","-967030.156"
"3_60_1.25_75_16.csv","2004/1/2","2007/12/31","1107058.0","1986125.875","879067.875","0.417201555439","27","11698355.033","-10957044.408","741310.625","-967030.156"
"3_60_1.25_75_18.csv","2004/1/2","2007/12/31","1107058.0","1986125.875","879067.875","0.417201555439","27","11698355.033","-10957044.408","741310.625","-967030.156"
"3_60_1.25_75_20.csv","2004/1/2","2007/12/31","1107058.0","1986125.875","879067.875","0.417201555439","27","11698355.033","-10957044.408","741310.625","-967030.156"
"3_60_1.25_75_4.csv","2004/1/2","2007/12/31","1107058.0","1986125.875","879067.875","0.417201555439","27","11698355.033","-10957044.408","741310.625","-967030.156"
"3_60_1.25_75_6.csv","2004/1/2","2007/12/31","1107058.0","1986125.875","879067.875","0.417201555439","27","11698355.033","-10957044.408","741310.625","-967030.156"
"3_60_1.25_75_8.csv","2004/1/2","2007/12/31","1107058.0","1986125.875","879067.875","0.417201555439","27","11698355.033","-10957044.408","741310.625","-967030.156"
"1_60_1.25_100_10.csv","2004/1/2","2007/12/31","659351.75","1351635.75","692284.0","0.41720147642","27","9212695.3","-8628897.988","583797.312","-761556.062"
"1_60_1.25_100_12.csv","2004/1/2","2007/12/31","659351.75","1351635.75","692284.0","0.41720147642","27","9212695.3","-8628897.988","583797.312","-761556.062"
"1_60_1.25_100_14.csv","2004/1/2","2007/12/31","659351.75","1351635.75","692284.0","0.41720147642","27","9212695.3","-8628897.988","583797.312","-761556.062"
"1_60_1.25_100_16.csv","2004/1/2","2007/12/31","659351.75","1351635.75","692284.0","0.41720147642","27","9212695.3","-8628897.988","583797.312","-761556.062"
"1_60_1.25_100_18.csv","2004/1/2","2007/12/31","659351.75","1351635.75","692284.0","0.41720147642","27","9212695.3","-8628897.988","583797.312","-761556.062"
"1_60_1.25_100_20.csv","2004/1/2","2007/12/31","659351.75","1351635.75","692284.0","0.41720147642","27","9212695.3","-8628897.988","583797.312","-761556.062"
"1_60_1.25_100_4.csv","2004/1/2","2007/12/31","659351.75","1351635.75","692284.0","0.41720147642","27","9212695.3","-8628897.988","583797.312","-761556.062"
"1_60_1.25_100_6.csv","2004/1/2","2007/12/31","659351.75","1351635.75","692284.0","0.41720147642","27","9212695.3","-8628897.988","583797.312","-761556.062"
"1_60_1.25_100_8.csv","2004/1/2","2007/12/31","659351.75","1351635.75","692284.0","0.41720147642","27","9212695.3","-8628897.988","583797.312","-761556.062"
"3_60_1.25_100_10.csv","2004/1/2","2007/12/31","659351.75","1351635.75","692284.0","0.41720147642","27","9212695.3","-8628897.988","583797.312","-761556.062"
"3_60_1.25_100_12.csv","2004/1/2","2007/12/31","659351.75","1351635.75","692284.0","0.41720147642","27","9212695.3","-8628897.988","583797.312","-761556.062"
"3_60_1.25_100_14.csv","2004/1/2","2007/12/31","659351.75","1351635.75","692284.0","0.41720147642","27","9212695.3","-8628897.988","583797.312","-761556.062"
"3_60_1.25_100_16.csv","2004/1/2","2007/12/31","659351.75","1351635.75","692284.0","0.41720147642","27","9212695.3","-8628897.988","583797.312","-761556.062"
"3_60_1.25_100_18.csv","2004/1/2","2007/12/31","659351.75","1351635.75","692284.0","0.41720147642","27","9212695.3","-8628897.988","583797.312","-761556.062"
"3_60_1.25_100_20.csv","2004/1/2","2007/12/31","659351.75","1351635.75","692284.0","0.41720147642","27","9212695.3","-8628897.988","583797.312","-761556.062"
"3_60_1.25_100_4.csv","2004/1/2","2007/12/31","659351.75","1351635.75","692284.0","0.41720147642","27","9212695.3","-8628897.988","583797.312","-761556.062"
"3_60_1.25_100_6.csv","2004/1/2","2007/12/31","659351.75","1351635.75","692284.0","0.41720147642","27","9212695.3","-8628897.988","583797.312","-761556.062"
"3_60_1.25_100_8.csv","2004/1/2","2007/12/31","659351.75","1351635.75","692284.0","0.41720147642","27","9212695.3","-8628897.988","583797.312","-761556.062"
"1_60_1.25_125_10.csv","2004/1/2","2007/12/31","335474.656","962025.188","626550.532","0.469159432704","26","7530285.126","-6991046.563","539238.563","-577786.725"
"1_60_1.25_125_12.csv","2004/1/2","2007/12/31","335474.656","962025.188","626550.532","0.469159432704","26","7530285.126","-6991046.563","539238.563","-577786.725"
"1_60_1.25_125_14.csv","2004/1/2","2007/12/31","335474.656","962025.188","626550.532","0.469159432704","26","7530285.126","-6991046.563","539238.563","-577786.725"
"1_60_1.25_125_16.csv","2004/1/2","2007/12/31","335474.656","962025.188","626550.532","0.469159432704","26","7530285.126","-6991046.563","539238.563","-577786.725"
"1_60_1.25_125_18.csv","2004/1/2","2007/12/31","335474.656","962025.188","626550.532","0.469159432704","26","7530285.126","-6991046.563","539238.563","-577786.725"
"1_60_1.25_125_20.csv","2004/1/2","2007/12/31","335474.656","962025.188","626550.532","0.469159432704","26","7530285.126","-6991046.563","539238.563","-577786.725"
"1_60_1.25_125_4.csv","2004/1/2","2007/12/31","335474.656","962025.188","626550.532","0.469159432704","26","7530285.126","-6991046.563","539238.563","-577786.725"
"1_60_1.25_125_6.csv","2004/1/2","2007/12/31","335474.656","962025.188","626550.532","0.469159432704","26","7530285.126","-6991046.563","539238.563","-577786.725"
"1_60_1.25_125_8.csv","2004/1/2","2007/12/31","335474.656","962025.188","626550.532","0.469159432704","26","7530285.126","-6991046.563","539238.563","-577786.725"
"3_60_1.25_125_10.csv","2004/1/2","2007/12/31","335474.656","962025.188","626550.532","0.469159432704","26","7530285.126","-6991046.563","539238.563","-577786.725"
"3_60_1.25_125_12.csv","2004/1/2","2007/12/31","335474.656","962025.188","626550.532","0.469159432704","26","7530285.126","-6991046.563","539238.563","-577786.725"
"3_60_1.25_125_14.csv","2004/1/2","2007/12/31","335474.656","962025.188","626550.532","0.469159432704","26","7530285.126","-6991046.563","539238.563","-577786.725"
"3_60_1.25_125_16.csv","2004/1/2","2007/12/31","335474.656","962025.188","626550.532","0.469159432704","26","7530285.126","-6991046.563","539238.563","-577786.725"
"3_60_1.25_125_18.csv","2004/1/2","2007/12/31","335474.656","962025.188","626550.532","0.469159432704","26","7530285.126","-6991046.563","539238.563","-577786.725"
"3_60_1.25_125_20.csv","2004/1/2","2007/12/31","335474.656","962025.188","626550.532","0.469159432704","26","7530285.126","-6991046.563","539238.563","-577786.725"
"3_60_1.25_125_4.csv","2004/1/2","2007/12/31","335474.656","962025.188","626550.532","0.469159432704","26","7530285.126","-6991046.563","539238.563","-577786.725"
"3_60_1.25_125_6.csv","2004/1/2","2007/12/31","335474.656","962025.188","626550.532","0.469159432704","26","7530285.126","-6991046.563","539238.563","-577786.725"
"3_60_1.25_125_8.csv","2004/1/2","2007/12/31","335474.656","962025.188","626550.532","0.469159432704","26","7530285.126","-6991046.563","539238.563","-577786.725"
"2_20_1_125_8.csv","2004/1/2","2007/12/31","1401851.875","2534323.25","1132471.375","0.471499257214","20","14548643.87","-13576196.62","972447.25","-1311904.75"
"2_20_1_125_10.csv","2004/1/2","2007/12/31","1489781.125","2663710.5","1173929.375","0.471499025843","20","15081251.56","-14073204.685","1008046.875","-1359932.125"
"2_20_1_125_12.csv","2004/1/2","2007/12/31","1489781.125","2663710.5","1173929.375","0.471499025843","20","15081251.56","-14073204.685","1008046.875","-1359932.125"
"2_20_1_125_14.csv","2004/1/2","2007/12/31","1489781.125","2663710.5","1173929.375","0.471499025843","20","15081251.56","-14073204.685","1008046.875","-1359932.125"
"2_20_1_125_16.csv","2004/1/2","2007/12/31","1489781.125","2663710.5","1173929.375","0.471499025843","20","15081251.56","-14073204.685","1008046.875","-1359932.125"
"2_20_1_125_18.csv","2004/1/2","2007/12/31","1489781.125","2663710.5","1173929.375","0.471499025843","20","15081251.56","-14073204.685","1008046.875","-1359932.125"
"2_20_1_125_20.csv","2004/1/2","2007/12/31","1489781.125","2663710.5","1173929.375","0.471499025843","20","15081251.56","-14073204.685","1008046.875","-1359932.125"
"1_20_0.75_225_10.csv","2004/1/2","2007/12/31","692979.25","2082720.375","1389741.125","0.820884913386","31","8980333.501","-7703606.189","1276727.312","-541257.5"
"1_20_0.75_225_12.csv","2004/1/2","2007/12/31","692979.25","2082720.375","1389741.125","0.820884913386","31","8980333.501","-7703606.189","1276727.312","-541257.5"
"1_20_0.75_225_14.csv","2004/1/2","2007/12/31","692979.25","2082720.375","1389741.125","0.820884913386","31","8980333.501","-7703606.189","1276727.312","-541257.5"
"1_20_0.75_225_16.csv","2004/1/2","2007/12/31","692979.25","2082720.375","1389741.125","0.820884913386","31","8980333.501","-7703606.189","1276727.312","-541257.5"
"1_20_0.75_225_18.csv","2004/1/2","2007/12/31","692979.25","2082720.375","1389741.125","0.820884913386","31","8980333.501","-7703606.189","1276727.312","-541257.5"
"1_20_0.75_225_20.csv","2004/1/2","2007/12/31","692979.25","2082720.375","1389741.125","0.820884913386","31","8980333.501","-7703606.189","1276727.312","-541257.5"
"1_20_0.75_225_4.csv","2004/1/2","2007/12/31","692979.25","2082720.375","1389741.125","0.820884913386","31","8980333.501","-7703606.189","1276727.312","-541257.5"
"1_20_0.75_225_6.csv","2004/1/2","2007/12/31","692979.25","2082720.375","1389741.125","0.820884913386","31","8980333.501","-7703606.189","1276727.312","-541257.5"
"1_20_0.75_225_8.csv","2004/1/2","2007/12/31","692979.25","2082720.375","1389741.125","0.820884913386","31","8980333.501","-7703606.189","1276727.312","-541257.5"
"3_20_0.75_225_10.csv","2004/1/2","2007/12/31","692979.25","2082720.375","1389741.125","0.820884913386","31","8980333.501","-7703606.189","1276727.312","-541257.5"
"3_20_0.75_225_12.csv","2004/1/2","2007/12/31","692979.25","2082720.375","1389741.125","0.820884913386","31","8980333.501","-7703606.189","1276727.312","-541257.5"
"3_20_0.75_225_14.csv","2004/1/2","2007/12/31","692979.25","2082720.375","1389741.125","0.820884913386","31","8980333.501","-7703606.189","1276727.312","-541257.5"
"3_20_0.75_225_16.csv","2004/1/2","2007/12/31","692979.25","2082720.375","1389741.125","0.820884913386","31","8980333.501","-7703606.189","1276727.312","-541257.5"
"3_20_0.75_225_18.csv","2004/1/2","2007/12/31","692979.25","2082720.375","1389741.125","0.820884913386","31","8980333.501","-7703606.189","1276727.312","-541257.5"
"3_20_0.75_225_20.csv","2004/1/2","2007/12/31","692979.25","2082720.375","1389741.125","0.820884913386","31","8980333.501","-7703606.189","1276727.312","-541257.5"
"3_20_0.75_225_4.csv","2004/1/2","2007/12/31","692979.25","2082720.375","1389741.125","0.820884913386","31","8980333.501","-7703606.189","1276727.312","-541257.5"
"3_20_0.75_225_6.csv","2004/1/2","2007/12/31","692979.25","2082720.375","1389741.125","0.820884913386","31","8980333.501","-7703606.189","1276727.312","-541257.5"
"3_20_0.75_225_8.csv","2004/1/2","2007/12/31","692979.25","2082720.375","1389741.125","0.820884913386","31","8980333.501","-7703606.189","1276727.312","-541257.5"
"2_120_1.75_225_6.csv","2004/1/2","2007/12/31","211778.781","1370350.25","1158571.469","0.956091563217","6","8295917.309","-7218821.09","1077096.219","-816138.5"
"2_120_1.75_200_6.csv","2004/1/2","2007/12/31","134704.625","1219586.0","1084881.375","0.956091436571","6","7768262.123","-6759673.842","1008588.281","-764228.75"
"2_120_1.75_150_6.csv","2004/1/2","2007/12/31","344823.719","1630598.375","1285774.656","0.956091596121","6","9206752.263","-8011398.357","1195353.906","-905745.0"
"2_120_1.75_100_6.csv","2004/1/2","2007/12/31","656578.313","2240419.0","1583840.687","0.956091646601","6","11341045.453","-9868586.703","1472458.75","-1115713.25"
"2_120_1.75_125_6.csv","2004/1/2","2007/12/31","656578.313","2240419.0","1583840.687","0.956091646601","6","11341045.453","-9868586.703","1472458.75","-1115713.25"
"2_120_1.75_50_6.csv","2004/1/2","2007/12/31","656578.313","2240419.0","1583840.687","0.956091646601","6","11341045.453","-9868586.703","1472458.75","-1115713.25"
"2_120_1.75_75_6.csv","2004/1/2","2007/12/31","656578.313","2240419.0","1583840.687","0.956091646601","6","11341045.453","-9868586.703","1472458.75","-1115713.25"
"2_120_1.75_175_6.csv","2004/1/2","2007/12/31","287799.5","1519053.75","1231254.25","0.956091573261","6","8816360.332","-7671692.801","1144667.531","-867338.875"
"2_60_1.75_200_10.csv","2004/1/2","2007/12/31","-314287.781","448167.0","762454.781","1.11191657356","4","5801951.415","-5085876.79","716074.625","-371938.188"
"1_20_1.5_225_10.csv","2004/1/2","2007/12/31","463646.875","535263.5","71616.625","0.0489302619527","39","3243385.122","-3272148.622","-28763.5","-403598.328"
"1_20_1.5_225_12.csv","2004/1/2","2007/12/31","463646.875","535263.5","71616.625","0.0489302619527","39","3243385.122","-3272148.622","-28763.5","-403598.328"
"1_20_1.5_225_14.csv","2004/1/2","2007/12/31","463646.875","535263.5","71616.625","0.0489302619527","39","3243385.122","-3272148.622","-28763.5","-403598.328"
"1_20_1.5_225_16.csv","2004/1/2","2007/12/31","463646.875","535263.5","71616.625","0.0489302619527","39","3243385.122","-3272148.622","-28763.5","-403598.328"
"1_20_1.5_225_18.csv","2004/1/2","2007/12/31","463646.875","535263.5","71616.625","0.0489302619527","39","3243385.122","-3272148.622","-28763.5","-403598.328"
"1_20_1.5_225_20.csv","2004/1/2","2007/12/31","463646.875","535263.5","71616.625","0.0489302619527","39","3243385.122","-3272148.622","-28763.5","-403598.328"
"1_20_1.5_225_4.csv","2004/1/2","2007/12/31","463646.875","535263.5","71616.625","0.0489302619527","39","3243385.122","-3272148.622","-28763.5","-403598.328"
"1_20_1.5_225_6.csv","2004/1/2","2007/12/31","463646.875","535263.5","71616.625","0.0489302619527","39","3243385.122","-3272148.622","-28763.5","-403598.328"
"1_20_1.5_225_8.csv","2004/1/2","2007/12/31","463646.875","535263.5","71616.625","0.0489302619527","39","3243385.122","-3272148.622","-28763.5","-403598.328"
"3_20_1.5_225_10.csv","2004/1/2","2007/12/31","463646.875","535263.5","71616.625","0.0489302619527","39","3243385.122","-3272148.622","-28763.5","-403598.328"
"3_20_1.5_225_12.csv","2004/1/2","2007/12/31","463646.875","535263.5","71616.625","0.0489302619527","39","3243385.122","-3272148.622","-28763.5","-403598.328"
"3_20_1.5_225_14.csv","2004/1/2","2007/12/31","463646.875","535263.5","71616.625","0.0489302619527","39","3243385.122","-3272148.622","-28763.5","-403598.328"
"3_20_1.5_225_16.csv","2004/1/2","2007/12/31","463646.875","535263.5","71616.625","0.0489302619527","39","3243385.122","-3272148.622","-28763.5","-403598.328"
"3_20_1.5_225_18.csv","2004/1/2","2007/12/31","463646.875","535263.5","71616.625","0.0489302619527","39","3243385.122","-3272148.622","-28763.5","-403598.328"
"3_20_1.5_225_20.csv","2004/1/2","2007/12/31","463646.875","535263.5","71616.625","0.0489302619527","39","3243385.122","-3272148.622","-28763.5","-403598.328"
"3_20_1.5_225_4.csv","2004/1/2","2007/12/31","463646.875","535263.5","71616.625","0.0489302619527","39","3243385.122","-3272148.622","-28763.5","-403598.328"
"3_20_1.5_225_6.csv","2004/1/2","2007/12/31","463646.875","535263.5","71616.625","0.0489302619527","39","3243385.122","-3272148.622","-28763.5","-403598.328"
"3_20_1.5_225_8.csv","2004/1/2","2007/12/31","463646.875","535263.5","71616.625","0.0489302619527","39","3243385.122","-3272148.622","-28763.5","-403598.328"
"1_20_1.5_200_10.csv","2004/1/2","2007/12/31","732299.0","817060.938","84761.938","0.0489303163022","38","3838708.657","-3872751.782","-34043.125","-477679.032"
"1_20_1.5_200_12.csv","2004/1/2","2007/12/31","732299.0","817060.938","84761.938","0.0489303163022","38","3838708.657","-3872751.782","-34043.125","-477679.032"
"1_20_1.5_200_14.csv","2004/1/2","2007/12/31","732299.0","817060.938","84761.938","0.0489303163022","38","3838708.657","-3872751.782","-34043.125","-477679.032"
"1_20_1.5_200_16.csv","2004/1/2","2007/12/31","732299.0","817060.938","84761.938","0.0489303163022","38","3838708.657","-3872751.782","-34043.125","-477679.032"
"1_20_1.5_200_18.csv","2004/1/2","2007/12/31","732299.0","817060.938","84761.938","0.0489303163022","38","3838708.657","-3872751.782","-34043.125","-477679.032"
"1_20_1.5_200_20.csv","2004/1/2","2007/12/31","732299.0","817060.938","84761.938","0.0489303163022","38","3838708.657","-3872751.782","-34043.125","-477679.032"
"1_20_1.5_200_4.csv","2004/1/2","2007/12/31","732299.0","817060.938","84761.938","0.0489303163022","38","3838708.657","-3872751.782","-34043.125","-477679.032"
"1_20_1.5_200_6.csv","2004/1/2","2007/12/31","732299.0","817060.938","84761.938","0.0489303163022","38","3838708.657","-3872751.782","-34043.125","-477679.032"
"1_20_1.5_200_8.csv","2004/1/2","2007/12/31","732299.0","817060.938","84761.938","0.0489303163022","38","3838708.657","-3872751.782","-34043.125","-477679.032"
"3_20_1.5_200_10.csv","2004/1/2","2007/12/31","732299.0","817060.938","84761.938","0.0489303163022","38","3838708.657","-3872751.782","-34043.125","-477679.032"
"3_20_1.5_200_12.csv","2004/1/2","2007/12/31","732299.0","817060.938","84761.938","0.0489303163022","38","3838708.657","-3872751.782","-34043.125","-477679.032"
"3_20_1.5_200_14.csv","2004/1/2","2007/12/31","732299.0","817060.938","84761.938","0.0489303163022","38","3838708.657","-3872751.782","-34043.125","-477679.032"
"3_20_1.5_200_16.csv","2004/1/2","2007/12/31","732299.0","817060.938","84761.938","0.0489303163022","38","3838708.657","-3872751.782","-34043.125","-477679.032"
"3_20_1.5_200_18.csv","2004/1/2","2007/12/31","732299.0","817060.938","84761.938","0.0489303163022","38","3838708.657","-3872751.782","-34043.125","-477679.032"
"3_20_1.5_200_20.csv","2004/1/2","2007/12/31","732299.0","817060.938","84761.938","0.0489303163022","38","3838708.657","-3872751.782","-34043.125","-477679.032"
"3_20_1.5_200_4.csv","2004/1/2","2007/12/31","732299.0","817060.938","84761.938","0.0489303163022","38","3838708.657","-3872751.782","-34043.125","-477679.032"
"3_20_1.5_200_6.csv","2004/1/2","2007/12/31","732299.0","817060.938","84761.938","0.0489303163022","38","3838708.657","-3872751.782","-34043.125","-477679.032"
"3_20_1.5_200_8.csv","2004/1/2","2007/12/31","732299.0","817060.938","84761.938","0.0489303163022","38","3838708.657","-3872751.782","-34043.125","-477679.032"
"1_60_1.25_225_10.csv","2004/1/2","2007/12/31","821913.688","1851542.875","1029629.187","0.565136094965","22","9260807.866","-8357031.366","903776.5","-796869.5"
"1_60_1.25_225_12.csv","2004/1/2","2007/12/31","821913.688","1851542.875","1029629.187","0.565136094965","22","9260807.866","-8357031.366","903776.5","-796869.5"
"1_60_1.25_225_14.csv","2004/1/2","2007/12/31","821913.688","1851542.875","1029629.187","0.565136094965","22","9260807.866","-8357031.366","903776.5","-796869.5"
"1_60_1.25_225_16.csv","2004/1/2","2007/12/31","821913.688","1851542.875","1029629.187","0.565136094965","22","9260807.866","-8357031.366","903776.5","-796869.5"
"1_60_1.25_225_18.csv","2004/1/2","2007/12/31","821913.688","1851542.875","1029629.187","0.565136094965","22","9260807.866","-8357031.366","903776.5","-796869.5"
"1_60_1.25_225_20.csv","2004/1/2","2007/12/31","821913.688","1851542.875","1029629.187","0.565136094965","22","9260807.866","-8357031.366","903776.5","-796869.5"
"1_60_1.25_225_4.csv","2004/1/2","2007/12/31","821913.688","1851542.875","1029629.187","0.565136094965","22","9260807.866","-8357031.366","903776.5","-796869.5"
"1_60_1.25_225_6.csv","2004/1/2","2007/12/31","821913.688","1851542.875","1029629.187","0.565136094965","22","9260807.866","-8357031.366","903776.5","-796869.5"
"1_60_1.25_225_8.csv","2004/1/2","2007/12/31","821913.688","1851542.875","1029629.187","0.565136094965","22","9260807.866","-8357031.366","903776.5","-796869.5"
"3_60_1.25_225_10.csv","2004/1/2","2007/12/31","821913.688","1851542.875","1029629.187","0.565136094965","22","9260807.866","-8357031.366","903776.5","-796869.5"
"3_60_1.25_225_12.csv","2004/1/2","2007/12/31","821913.688","1851542.875","1029629.187","0.565136094965","22","9260807.866","-8357031.366","903776.5","-796869.5"
"3_60_1.25_225_14.csv","2004/1/2","2007/12/31","821913.688","1851542.875","1029629.187","0.565136094965","22","9260807.866","-8357031.366","903776.5","-796869.5"
"3_60_1.25_225_16.csv","2004/1/2","2007/12/31","821913.688","1851542.875","1029629.187","0.565136094965","22","9260807.866","-8357031.366","903776.5","-796869.5"
"3_60_1.25_225_18.csv","2004/1/2","2007/12/31","821913.688","1851542.875","1029629.187","0.565136094965","22","9260807.866","-8357031.366","903776.5","-796869.5"
"3_60_1.25_225_20.csv","2004/1/2","2007/12/31","821913.688","1851542.875","1029629.187","0.565136094965","22","9260807.866","-8357031.366","903776.5","-796869.5"
"3_60_1.25_225_4.csv","2004/1/2","2007/12/31","821913.688","1851542.875","1029629.187","0.565136094965","22","9260807.866","-8357031.366","903776.5","-796869.5"
"3_60_1.25_225_6.csv","2004/1/2","2007/12/31","821913.688","1851542.875","1029629.187","0.565136094965","22","9260807.866","-8357031.366","903776.5","-796869.5"
"3_60_1.25_225_8.csv","2004/1/2","2007/12/31","821913.688","1851542.875","1029629.187","0.565136094965","22","9260807.866","-8357031.366","903776.5","-796869.5"
"1_60_1.25_200_10.csv","2004/1/2","2007/12/31","620667.125","1404760.125","784093.0","0.483808789544","21","7801143.451","-7129002.076","672141.375","-672015.375"
"1_60_1.25_200_12.csv","2004/1/2","2007/12/31","620667.125","1404760.125","784093.0","0.483808789544","21","7801143.451","-7129002.076","672141.375","-672015.375"
"1_60_1.25_200_14.csv","2004/1/2","2007/12/31","620667.125","1404760.125","784093.0","0.483808789544","21","7801143.451","-7129002.076","672141.375","-672015.375"
"1_60_1.25_200_16.csv","2004/1/2","2007/12/31","620667.125","1404760.125","784093.0","0.483808789544","21","7801143.451","-7129002.076","672141.375","-672015.375"
"1_60_1.25_200_18.csv","2004/1/2","2007/12/31","620667.125","1404760.125","784093.0","0.483808789544","21","7801143.451","-7129002.076","672141.375","-672015.375"
"1_60_1.25_200_20.csv","2004/1/2","2007/12/31","620667.125","1404760.125","784093.0","0.483808789544","21","7801143.451","-7129002.076","672141.375","-672015.375"
"1_60_1.25_200_4.csv","2004/1/2","2007/12/31","620667.125","1404760.125","784093.0","0.483808789544","21","7801143.451","-7129002.076","672141.375","-672015.375"
"1_60_1.25_200_6.csv","2004/1/2","2007/12/31","620667.125","1404760.125","784093.0","0.483808789544","21","7801143.451","-7129002.076","672141.375","-672015.375"
"1_60_1.25_200_8.csv","2004/1/2","2007/12/31","620667.125","1404760.125","784093.0","0.483808789544","21","7801143.451","-7129002.076","672141.375","-672015.375"
"3_60_1.25_200_10.csv","2004/1/2","2007/12/31","620667.125","1404760.125","784093.0","0.483808789544","21","7801143.451","-7129002.076","672141.375","-672015.375"
"3_60_1.25_200_12.csv","2004/1/2","2007/12/31","620667.125","1404760.125","784093.0","0.483808789544","21","7801143.451","-7129002.076","672141.375","-672015.375"
"3_60_1.25_200_14.csv","2004/1/2","2007/12/31","620667.125","1404760.125","784093.0","0.483808789544","21","7801143.451","-7129002.076","672141.375","-672015.375"
"3_60_1.25_200_16.csv","2004/1/2","2007/12/31","620667.125","1404760.125","784093.0","0.483808789544","21","7801143.451","-7129002.076","672141.375","-672015.375"
"3_60_1.25_200_18.csv","2004/1/2","2007/12/31","620667.125","1404760.125","784093.0","0.483808789544","21","7801143.451","-7129002.076","672141.375","-672015.375"
"3_60_1.25_200_20.csv","2004/1/2","2007/12/31","620667.125","1404760.125","784093.0","0.483808789544","21","7801143.451","-7129002.076","672141.375","-672015.375"
"3_60_1.25_200_4.csv","2004/1/2","2007/12/31","620667.125","1404760.125","784093.0","0.483808789544","21","7801143.451","-7129002.076","672141.375","-672015.375"
"3_60_1.25_200_6.csv","2004/1/2","2007/12/31","620667.125","1404760.125","784093.0","0.483808789544","21","7801143.451","-7129002.076","672141.375","-672015.375"
"3_60_1.25_200_8.csv","2004/1/2","2007/12/31","620667.125","1404760.125","784093.0","0.483808789544","21","7801143.451","-7129002.076","672141.375","-672015.375"
"1_20_1.5_175_10.csv","2004/1/2","2007/12/31","815201.25","937646.063","122444.813","0.0674552273474","39","4303800.375","-4307109.312","-3308.937","-471157.187"
"1_20_1.5_175_12.csv","2004/1/2","2007/12/31","815201.25","937646.063","122444.813","0.0674552273474","39","4303800.375","-4307109.312","-3308.937","-471157.187"
"1_20_1.5_175_14.csv","2004/1/2","2007/12/31","815201.25","937646.063","122444.813","0.0674552273474","39","4303800.375","-4307109.312","-3308.937","-471157.187"
"1_20_1.5_175_16.csv","2004/1/2","2007/12/31","815201.25","937646.063","122444.813","0.0674552273474","39","4303800.375","-4307109.312","-3308.937","-471157.187"
"1_20_1.5_175_18.csv","2004/1/2","2007/12/31","815201.25","937646.063","122444.813","0.0674552273474","39","4303800.375","-4307109.312","-3308.937","-471157.187"
"1_20_1.5_175_20.csv","2004/1/2","2007/12/31","815201.25","937646.063","122444.813","0.0674552273474","39","4303800.375","-4307109.312","-3308.937","-471157.187"
"1_20_1.5_175_4.csv","2004/1/2","2007/12/31","815201.25","937646.063","122444.813","0.0674552273474","39","4303800.375","-4307109.312","-3308.937","-471157.187"
"1_20_1.5_175_6.csv","2004/1/2","2007/12/31","815201.25","937646.063","122444.813","0.0674552273474","39","4303800.375","-4307109.312","-3308.937","-471157.187"
"1_20_1.5_175_8.csv","2004/1/2","2007/12/31","815201.25","937646.063","122444.813","0.0674552273474","39","4303800.375","-4307109.312","-3308.937","-471157.187"
"3_20_1.5_175_10.csv","2004/1/2","2007/12/31","815201.25","937646.063","122444.813","0.0674552273474","39","4303800.375","-4307109.312","-3308.937","-471157.187"
"3_20_1.5_175_12.csv","2004/1/2","2007/12/31","815201.25","937646.063","122444.813","0.0674552273474","39","4303800.375","-4307109.312","-3308.937","-471157.187"
"3_20_1.5_175_14.csv","2004/1/2","2007/12/31","815201.25","937646.063","122444.813","0.0674552273474","39","4303800.375","-4307109.312","-3308.937","-471157.187"
"3_20_1.5_175_16.csv","2004/1/2","2007/12/31","815201.25","937646.063","122444.813","0.0674552273474","39","4303800.375","-4307109.312","-3308.937","-471157.187"
"3_20_1.5_175_18.csv","2004/1/2","2007/12/31","815201.25","937646.063","122444.813","0.0674552273474","39","4303800.375","-4307109.312","-3308.937","-471157.187"
"3_20_1.5_175_20.csv","2004/1/2","2007/12/31","815201.25","937646.063","122444.813","0.0674552273474","39","4303800.375","-4307109.312","-3308.937","-471157.187"
"3_20_1.5_175_4.csv","2004/1/2","2007/12/31","815201.25","937646.063","122444.813","0.0674552273474","39","4303800.375","-4307109.312","-3308.937","-471157.187"
"3_20_1.5_175_6.csv","2004/1/2","2007/12/31","815201.25","937646.063","122444.813","0.0674552273474","39","4303800.375","-4307109.312","-3308.937","-471157.187"
"3_20_1.5_175_8.csv","2004/1/2","2007/12/31","815201.25","937646.063","122444.813","0.0674552273474","39","4303800.375","-4307109.312","-3308.937","-471157.187"
"2_60_1_50_12.csv","2004/1/2","2007/12/31","793008.625","2382933.5","1589924.875","0.886735765144","10","17516383.26","-16054117.448","1462265.812","-938171.375"
"2_60_1_75_12.csv","2004/1/2","2007/12/31","793008.625","2382933.5","1589924.875","0.886735765144","10","17516383.26","-16054117.448","1462265.812","-938171.375"
"2_60_1_50_10.csv","2004/1/2","2007/12/31","984798.063","2744789.5","1759991.437","0.886735769149","10","19390025.216","-17771347.966","1618677.25","-1038523.031"
"2_60_1_75_10.csv","2004/1/2","2007/12/31","984798.063","2744789.5","1759991.437","0.886735769149","10","19390025.216","-17771347.966","1618677.25","-1038523.031"
"2_80_2_225_6.csv","2004/1/2","2007/12/31","404876.75","1382179.25","977302.5","0.695649992072","6","7954567.301","-7077470.895","877096.406","-877014.7"
"2_20_0.75_175_4.csv","2004/1/2","2007/12/31","775840.938","2099152.25","1323311.312","0.745174459989","21","10721604.405","-9528006.468","1193597.937","-726260.937"
"2_20_2_75_8.csv","2004/1/2","2007/12/31","1201468.0","2160156.75","958688.75","0.43547703169","15","12125459.56","-11329865.31","795594.25","-1323021.437"
"2_60_1.75_100_12.csv","2004/1/2","2007/12/31","-26232.242","655349.875","681582.117","0.699943196312","7","8232060.703","-7622741.078","609319.625","-471418.109"
"2_60_1.75_75_12.csv","2004/1/2","2007/12/31","302743.406","1214589.875","911846.469","0.699943261889","7","11013162.503","-10197991.566","815170.937","-630681.063"
"2_60_1.75_50_12.csv","2004/1/2","2007/12/31","417691.063","1409994.5","992303.437","0.699943353596","7","11984912.18","-11097814.493","887097.687","-686329.418"
"2_60_1.75_125_12.csv","2004/1/2","2007/12/31","-192771.484","372242.594","565014.078","0.69994315959","7","6824166.955","-6319056.689","505110.266","-390793.562"
"2_80_1.25_50_4.csv","2004/1/2","2007/12/31","669313.063","1865241.5","1195928.437","0.716419504231","13","12398038.492","-11326355.492","1071683.0","-1165484.195"
"2_80_1.25_75_4.csv","2004/1/2","2007/12/31","669313.063","1865241.5","1195928.437","0.716419504231","13","12398038.492","-11326355.492","1071683.0","-1165484.195"
"2_80_1.25_100_4.csv","2004/1/2","2007/12/31","41474.129","787606.5","746132.371","0.716419496389","13","7735059.838","-7066443.479","668616.359","-727138.406"
"2_80_1.25_125_4.csv","2004/1/2","2007/12/31","-4765.336","708240.125","713005.461","0.71641944035","13","7391637.119","-6752706.135","638930.984","-694854.781"
"2_40_1_200_6.csv","2004/1/2","2007/12/31","-253981.172","1139621.5","1393602.672","1.86805294946","9","6277948.477","-4940096.664","1337851.813","-343126.125"
"1_40_1.75_150_10.csv","2004/1/2","2007/12/31","895877.063","935574.875","39697.812","0.0209390222471","21","4405902.089","-4508438.152","-102536.063","-641463.937"
"1_40_1.75_150_12.csv","2004/1/2","2007/12/31","895877.063","935574.875","39697.812","0.0209390222471","21","4405902.089","-4508438.152","-102536.063","-641463.937"
"1_40_1.75_150_14.csv","2004/1/2","2007/12/31","895877.063","935574.875","39697.812","0.0209390222471","21","4405902.089","-4508438.152","-102536.063","-641463.937"
"1_40_1.75_150_16.csv","2004/1/2","2007/12/31","895877.063","935574.875","39697.812","0.0209390222471","21","4405902.089","-4508438.152","-102536.063","-641463.937"
"1_40_1.75_150_18.csv","2004/1/2","2007/12/31","895877.063","935574.875","39697.812","0.0209390222471","21","4405902.089","-4508438.152","-102536.063","-641463.937"
"1_40_1.75_150_20.csv","2004/1/2","2007/12/31","895877.063","935574.875","39697.812","0.0209390222471","21","4405902.089","-4508438.152","-102536.063","-641463.937"
"1_40_1.75_150_4.csv","2004/1/2","2007/12/31","895877.063","935574.875","39697.812","0.0209390222471","21","4405902.089","-4508438.152","-102536.063","-641463.937"
"1_40_1.75_150_6.csv","2004/1/2","2007/12/31","895877.063","935574.875","39697.812","0.0209390222471","21","4405902.089","-4508438.152","-102536.063","-641463.937"
"1_40_1.75_150_8.csv","2004/1/2","2007/12/31","895877.063","935574.875","39697.812","0.0209390222471","21","4405902.089","-4508438.152","-102536.063","-641463.937"
"3_40_1.75_150_10.csv","2004/1/2","2007/12/31","895877.063","935574.875","39697.812","0.0209390222471","21","4405902.089","-4508438.152","-102536.063","-641463.937"
"3_40_1.75_150_12.csv","2004/1/2","2007/12/31","895877.063","935574.875","39697.812","0.0209390222471","21","4405902.089","-4508438.152","-102536.063","-641463.937"
"3_40_1.75_150_14.csv","2004/1/2","2007/12/31","895877.063","935574.875","39697.812","0.0209390222471","21","4405902.089","-4508438.152","-102536.063","-641463.937"
"3_40_1.75_150_16.csv","2004/1/2","2007/12/31","895877.063","935574.875","39697.812","0.0209390222471","21","4405902.089","-4508438.152","-102536.063","-641463.937"
"3_40_1.75_150_18.csv","2004/1/2","2007/12/31","895877.063","935574.875","39697.812","0.0209390222471","21","4405902.089","-4508438.152","-102536.063","-641463.937"
"3_40_1.75_150_20.csv","2004/1/2","2007/12/31","895877.063","935574.875","39697.812","0.0209390222471","21","4405902.089","-4508438.152","-102536.063","-641463.937"
"3_40_1.75_150_4.csv","2004/1/2","2007/12/31","895877.063","935574.875","39697.812","0.0209390222471","21","4405902.089","-4508438.152","-102536.063","-641463.937"
"3_40_1.75_150_6.csv","2004/1/2","2007/12/31","895877.063","935574.875","39697.812","0.0209390222471","21","4405902.089","-4508438.152","-102536.063","-641463.937"
"3_40_1.75_150_8.csv","2004/1/2","2007/12/31","895877.063","935574.875","39697.812","0.0209390222471","21","4405902.089","-4508438.152","-102536.063","-641463.937"
"1_40_1.75_175_10.csv","2004/1/2","2007/12/31","643683.125","730521.375","86838.25","0.0528315030307","19","3828440.782","-3864916.282","-36475.5","-516574.313"
"1_40_1.75_175_12.csv","2004/1/2","2007/12/31","643683.125","730521.375","86838.25","0.0528315030307","19","3828440.782","-3864916.282","-36475.5","-516574.313"
"1_40_1.75_175_14.csv","2004/1/2","2007/12/31","643683.125","730521.375","86838.25","0.0528315030307","19","3828440.782","-3864916.282","-36475.5","-516574.313"
"1_40_1.75_175_16.csv","2004/1/2","2007/12/31","643683.125","730521.375","86838.25","0.0528315030307","19","3828440.782","-3864916.282","-36475.5","-516574.313"
"1_40_1.75_175_18.csv","2004/1/2","2007/12/31","643683.125","730521.375","86838.25","0.0528315030307","19","3828440.782","-3864916.282","-36475.5","-516574.313"
"1_40_1.75_175_20.csv","2004/1/2","2007/12/31","643683.125","730521.375","86838.25","0.0528315030307","19","3828440.782","-3864916.282","-36475.5","-516574.313"
"1_40_1.75_175_4.csv","2004/1/2","2007/12/31","643683.125","730521.375","86838.25","0.0528315030307","19","3828440.782","-3864916.282","-36475.5","-516574.313"
"1_40_1.75_175_6.csv","2004/1/2","2007/12/31","643683.125","730521.375","86838.25","0.0528315030307","19","3828440.782","-3864916.282","-36475.5","-516574.313"
"1_40_1.75_175_8.csv","2004/1/2","2007/12/31","643683.125","730521.375","86838.25","0.0528315030307","19","3828440.782","-3864916.282","-36475.5","-516574.313"
"3_40_1.75_175_10.csv","2004/1/2","2007/12/31","643683.125","730521.375","86838.25","0.0528315030307","19","3828440.782","-3864916.282","-36475.5","-516574.313"
"3_40_1.75_175_12.csv","2004/1/2","2007/12/31","643683.125","730521.375","86838.25","0.0528315030307","19","3828440.782","-3864916.282","-36475.5","-516574.313"
"3_40_1.75_175_14.csv","2004/1/2","2007/12/31","643683.125","730521.375","86838.25","0.0528315030307","19","3828440.782","-3864916.282","-36475.5","-516574.313"
"3_40_1.75_175_16.csv","2004/1/2","2007/12/31","643683.125","730521.375","86838.25","0.0528315030307","19","3828440.782","-3864916.282","-36475.5","-516574.313"
"3_40_1.75_175_18.csv","2004/1/2","2007/12/31","643683.125","730521.375","86838.25","0.0528315030307","19","3828440.782","-3864916.282","-36475.5","-516574.313"
"3_40_1.75_175_20.csv","2004/1/2","2007/12/31","643683.125","730521.375","86838.25","0.0528315030307","19","3828440.782","-3864916.282","-36475.5","-516574.313"
"3_40_1.75_175_4.csv","2004/1/2","2007/12/31","643683.125","730521.375","86838.25","0.0528315030307","19","3828440.782","-3864916.282","-36475.5","-516574.313"
"3_40_1.75_175_6.csv","2004/1/2","2007/12/31","643683.125","730521.375","86838.25","0.0528315030307","19","3828440.782","-3864916.282","-36475.5","-516574.313"
"3_40_1.75_175_8.csv","2004/1/2","2007/12/31","643683.125","730521.375","86838.25","0.0528315030307","19","3828440.782","-3864916.282","-36475.5","-516574.313"
"2_40_1.75_225_4.csv","2004/1/2","2007/12/31","566841.125","1739222.875","1172381.75","0.748245454688","8","6961926.938","-5907532.188","1054394.75","-596281.437"
"2_40_1.75_200_4.csv","2004/1/2","2007/12/31","461929.0","1555810.125","1093881.125","0.748245041312","8","6495770.11","-5511975.923","983794.187","-556355.656"
"2_20_1.25_150_4.csv","2004/1/2","2007/12/31","437498.969","1135626.125","698127.156","0.485654022059","20","6916796.85","-6327948.288","588848.562","-718314.821"
"1_60_1.25_150_10.csv","2004/1/2","2007/12/31","418208.75","1301009.25","882800.5","0.622475710998","24","7897578.504","-7124129.192","773449.312","-643021.5"
"1_60_1.25_150_12.csv","2004/1/2","2007/12/31","418208.75","1301009.25","882800.5","0.622475710998","24","7897578.504","-7124129.192","773449.312","-643021.5"
"1_60_1.25_150_14.csv","2004/1/2","2007/12/31","418208.75","1301009.25","882800.5","0.622475710998","24","7897578.504","-7124129.192","773449.312","-643021.5"
"1_60_1.25_150_16.csv","2004/1/2","2007/12/31","418208.75","1301009.25","882800.5","0.622475710998","24","7897578.504","-7124129.192","773449.312","-643021.5"
"1_60_1.25_150_18.csv","2004/1/2","2007/12/31","418208.75","1301009.25","882800.5","0.622475710998","24","7897578.504","-7124129.192","773449.312","-643021.5"
"1_60_1.25_150_20.csv","2004/1/2","2007/12/31","418208.75","1301009.25","882800.5","0.622475710998","24","7897578.504","-7124129.192","773449.312","-643021.5"
"1_60_1.25_150_4.csv","2004/1/2","2007/12/31","418208.75","1301009.25","882800.5","0.622475710998","24","7897578.504","-7124129.192","773449.312","-643021.5"
"1_60_1.25_150_6.csv","2004/1/2","2007/12/31","418208.75","1301009.25","882800.5","0.622475710998","24","7897578.504","-7124129.192","773449.312","-643021.5"
"1_60_1.25_150_8.csv","2004/1/2","2007/12/31","418208.75","1301009.25","882800.5","0.622475710998","24","7897578.504","-7124129.192","773449.312","-643021.5"
"3_60_1.25_150_10.csv","2004/1/2","2007/12/31","418208.75","1301009.25","882800.5","0.622475710998","24","7897578.504","-7124129.192","773449.312","-643021.5"
"3_60_1.25_150_12.csv","2004/1/2","2007/12/31","418208.75","1301009.25","882800.5","0.622475710998","24","7897578.504","-7124129.192","773449.312","-643021.5"
"3_60_1.25_150_14.csv","2004/1/2","2007/12/31","418208.75","1301009.25","882800.5","0.622475710998","24","7897578.504","-7124129.192","773449.312","-643021.5"
"3_60_1.25_150_16.csv","2004/1/2","2007/12/31","418208.75","1301009.25","882800.5","0.622475710998","24","7897578.504","-7124129.192","773449.312","-643021.5"
"3_60_1.25_150_18.csv","2004/1/2","2007/12/31","418208.75","1301009.25","882800.5","0.622475710998","24","7897578.504","-7124129.192","773449.312","-643021.5"
"3_60_1.25_150_20.csv","2004/1/2","2007/12/31","418208.75","1301009.25","882800.5","0.622475710998","24","7897578.504","-7124129.192","773449.312","-643021.5"
"3_60_1.25_150_4.csv","2004/1/2","2007/12/31","418208.75","1301009.25","882800.5","0.622475710998","24","7897578.504","-7124129.192","773449.312","-643021.5"
"3_60_1.25_150_6.csv","2004/1/2","2007/12/31","418208.75","1301009.25","882800.5","0.622475710998","24","7897578.504","-7124129.192","773449.312","-643021.5"
"3_60_1.25_150_8.csv","2004/1/2","2007/12/31","418208.75","1301009.25","882800.5","0.622475710998","24","7897578.504","-7124129.192","773449.312","-643021.5"
"1_40_0.75_175_10.csv","2004/1/2","2007/12/31","156009.984","1379407.625","1223397.641","1.05829331747","27","8208011.715","-7074895.356","1133116.359","-611318.125"
"1_40_0.75_175_12.csv","2004/1/2","2007/12/31","156009.984","1379407.625","1223397.641","1.05829331747","27","8208011.715","-7074895.356","1133116.359","-611318.125"
"1_40_0.75_175_14.csv","2004/1/2","2007/12/31","156009.984","1379407.625","1223397.641","1.05829331747","27","8208011.715","-7074895.356","1133116.359","-611318.125"
"1_40_0.75_175_16.csv","2004/1/2","2007/12/31","156009.984","1379407.625","1223397.641","1.05829331747","27","8208011.715","-7074895.356","1133116.359","-611318.125"
"1_40_0.75_175_18.csv","2004/1/2","2007/12/31","156009.984","1379407.625","1223397.641","1.05829331747","27","8208011.715","-7074895.356","1133116.359","-611318.125"
"1_40_0.75_175_20.csv","2004/1/2","2007/12/31","156009.984","1379407.625","1223397.641","1.05829331747","27","8208011.715","-7074895.356","1133116.359","-611318.125"
"1_40_0.75_175_4.csv","2004/1/2","2007/12/31","156009.984","1379407.625","1223397.641","1.05829331747","27","8208011.715","-7074895.356","1133116.359","-611318.125"
"1_40_0.75_175_6.csv","2004/1/2","2007/12/31","156009.984","1379407.625","1223397.641","1.05829331747","27","8208011.715","-7074895.356","1133116.359","-611318.125"
"1_40_0.75_175_8.csv","2004/1/2","2007/12/31","156009.984","1379407.625","1223397.641","1.05829331747","27","8208011.715","-7074895.356","1133116.359","-611318.125"
"3_40_0.75_175_10.csv","2004/1/2","2007/12/31","156009.984","1379407.625","1223397.641","1.05829331747","27","8208011.715","-7074895.356","1133116.359","-611318.125"
"3_40_0.75_175_12.csv","2004/1/2","2007/12/31","156009.984","1379407.625","1223397.641","1.05829331747","27","8208011.715","-7074895.356","1133116.359","-611318.125"
"3_40_0.75_175_14.csv","2004/1/2","2007/12/31","156009.984","1379407.625","1223397.641","1.05829331747","27","8208011.715","-7074895.356","1133116.359","-611318.125"
"3_40_0.75_175_16.csv","2004/1/2","2007/12/31","156009.984","1379407.625","1223397.641","1.05829331747","27","8208011.715","-7074895.356","1133116.359","-611318.125"
"3_40_0.75_175_18.csv","2004/1/2","2007/12/31","156009.984","1379407.625","1223397.641","1.05829331747","27","8208011.715","-7074895.356","1133116.359","-611318.125"
"3_40_0.75_175_20.csv","2004/1/2","2007/12/31","156009.984","1379407.625","1223397.641","1.05829331747","27","8208011.715","-7074895.356","1133116.359","-611318.125"
"3_40_0.75_175_4.csv","2004/1/2","2007/12/31","156009.984","1379407.625","1223397.641","1.05829331747","27","8208011.715","-7074895.356","1133116.359","-611318.125"
"3_40_0.75_175_6.csv","2004/1/2","2007/12/31","156009.984","1379407.625","1223397.641","1.05829331747","27","8208011.715","-7074895.356","1133116.359","-611318.125"
"3_40_0.75_175_8.csv","2004/1/2","2007/12/31","156009.984","1379407.625","1223397.641","1.05829331747","27","8208011.715","-7074895.356","1133116.359","-611318.125"
"1_40_0.75_225_10.csv","2004/1/2","2007/12/31","210109.313","1563767.625","1353658.312","1.11862481964","25","8698097.182","-7438945.182","1259152.0","-658683.875"
"1_40_0.75_225_12.csv","2004/1/2","2007/12/31","210109.313","1563767.625","1353658.312","1.11862481964","25","8698097.182","-7438945.182","1259152.0","-658683.875"
"1_40_0.75_225_14.csv","2004/1/2","2007/12/31","210109.313","1563767.625","1353658.312","1.11862481964","25","8698097.182","-7438945.182","1259152.0","-658683.875"
"1_40_0.75_225_16.csv","2004/1/2","2007/12/31","210109.313","1563767.625","1353658.312","1.11862481964","25","8698097.182","-7438945.182","1259152.0","-658683.875"
"1_40_0.75_225_18.csv","2004/1/2","2007/12/31","210109.313","1563767.625","1353658.312","1.11862481964","25","8698097.182","-7438945.182","1259152.0","-658683.875"
"1_40_0.75_225_20.csv","2004/1/2","2007/12/31","210109.313","1563767.625","1353658.312","1.11862481964","25","8698097.182","-7438945.182","1259152.0","-658683.875"
"1_40_0.75_225_4.csv","2004/1/2","2007/12/31","210109.313","1563767.625","1353658.312","1.11862481964","25","8698097.182","-7438945.182","1259152.0","-658683.875"
"1_40_0.75_225_6.csv","2004/1/2","2007/12/31","210109.313","1563767.625","1353658.312","1.11862481964","25","8698097.182","-7438945.182","1259152.0","-658683.875"
"1_40_0.75_225_8.csv","2004/1/2","2007/12/31","210109.313","1563767.625","1353658.312","1.11862481964","25","8698097.182","-7438945.182","1259152.0","-658683.875"
"3_40_0.75_225_10.csv","2004/1/2","2007/12/31","210109.313","1563767.625","1353658.312","1.11862481964","25","8698097.182","-7438945.182","1259152.0","-658683.875"
"3_40_0.75_225_12.csv","2004/1/2","2007/12/31","210109.313","1563767.625","1353658.312","1.11862481964","25","8698097.182","-7438945.182","1259152.0","-658683.875"
"3_40_0.75_225_14.csv","2004/1/2","2007/12/31","210109.313","1563767.625","1353658.312","1.11862481964","25","8698097.182","-7438945.182","1259152.0","-658683.875"
"3_40_0.75_225_16.csv","2004/1/2","2007/12/31","210109.313","1563767.625","1353658.312","1.11862481964","25","8698097.182","-7438945.182","1259152.0","-658683.875"
"3_40_0.75_225_18.csv","2004/1/2","2007/12/31","210109.313","1563767.625","1353658.312","1.11862481964","25","8698097.182","-7438945.182","1259152.0","-658683.875"
"3_40_0.75_225_20.csv","2004/1/2","2007/12/31","210109.313","1563767.625","1353658.312","1.11862481964","25","8698097.182","-7438945.182","1259152.0","-658683.875"
"3_40_0.75_225_4.csv","2004/1/2","2007/12/31","210109.313","1563767.625","1353658.312","1.11862481964","25","8698097.182","-7438945.182","1259152.0","-658683.875"
"3_40_0.75_225_6.csv","2004/1/2","2007/12/31","210109.313","1563767.625","1353658.312","1.11862481964","25","8698097.182","-7438945.182","1259152.0","-658683.875"
"3_40_0.75_225_8.csv","2004/1/2","2007/12/31","210109.313","1563767.625","1353658.312","1.11862481964","25","8698097.182","-7438945.182","1259152.0","-658683.875"
"2_60_1.75_150_10.csv","2004/1/2","2007/12/31","-372137.313","61630.938","433768.251","0.690864833954","7","5136616.669","-4752025.856","384590.813","-296833.875"
"2_80_2_175_6.csv","2004/1/2","2007/12/31","238590.656","1100216.125","861625.469","0.695649902432","6","7076513.237","-6312300.956","764212.281","-773208.126"
"2_80_2_50_6.csv","2004/1/2","2007/12/31","558543.75","1539107.5","980563.75","0.629153817466","7","8741601.003","-7883614.253","857986.75","-1018011.383"
"2_80_2_75_6.csv","2004/1/2","2007/12/31","558543.75","1539107.5","980563.75","0.629153817466","7","8741601.003","-7883614.253","857986.75","-1018011.383"
"2_80_2_125_6.csv","2004/1/2","2007/12/31","43488.555","700003.313","656514.758","0.629153769684","7","5852745.322","-5278299.306","574446.016","-681587.047"
"2_80_2_100_6.csv","2004/1/2","2007/12/31","227943.531","1000508.938","772565.407","0.62915385561","7","6887321.497","-6211331.934","675989.563","-802069.618"
"2_80_2_200_6.csv","2004/1/2","2007/12/31","306591.688","1215522.25","908930.562","0.695650041515","6","7465027.782","-6658858.626","806169.156","-815658.766"
"2_80_2_150_6.csv","2004/1/2","2007/12/31","178263.531","919572.688","741309.157","0.629153951978","7","6608675.624","-5960035.124","648640.5","-769619.656"
"2_60_1.75_200_12.csv","2004/1/2","2007/12/31","-356786.563","358413.188","715199.751","1.11191668249","4","5497212.73","-4834271.917","662940.813","-348886.437"
"2_20_1_150_10.csv","2004/1/2","2007/12/31","1301291.125","2320962.75","1019671.625","0.443086758526","21","13404052.244","-12571439.744","832612.5","-1171084.625"
"2_20_1_150_12.csv","2004/1/2","2007/12/31","1301291.125","2320962.75","1019671.625","0.443086758526","21","13404052.244","-12571439.744","832612.5","-1171084.625"
"2_20_1_150_14.csv","2004/1/2","2007/12/31","1301291.125","2320962.75","1019671.625","0.443086758526","21","13404052.244","-12571439.744","832612.5","-1171084.625"
"2_20_1_150_16.csv","2004/1/2","2007/12/31","1301291.125","2320962.75","1019671.625","0.443086758526","21","13404052.244","-12571439.744","832612.5","-1171084.625"
"2_20_1_150_18.csv","2004/1/2","2007/12/31","1301291.125","2320962.75","1019671.625","0.443086758526","21","13404052.244","-12571439.744","832612.5","-1171084.625"
"2_20_1_150_20.csv","2004/1/2","2007/12/31","1301291.125","2320962.75","1019671.625","0.443086758526","21","13404052.244","-12571439.744","832612.5","-1171084.625"
"2_20_1_150_8.csv","2004/1/2","2007/12/31","1220018.75","2203679.5","983660.75","0.443086685642","21","12930673.531","-12127466.031","803207.5","-1129726.625"
"2_120_2_175_12.csv","2004/1/2","2007/12/31","-375214.875","42590.406","417805.281","0.66871835497","4","4745984.848","-4379017.286","366967.562","-374020.25"
"2_120_2_200_12.csv","2004/1/2","2007/12/31","-375214.875","42590.406","417805.281","0.66871835497","4","4745984.848","-4379017.286","366967.562","-374020.25"
"2_120_2_225_12.csv","2004/1/2","2007/12/31","-232337.594","281012.375","513349.969","0.668718391037","4","5831307.504","-5380420.941","450886.563","-459552.032"
"2_120_2_100_12.csv","2004/1/2","2007/12/31","-252615.609","247174.188","499789.797","0.668718537634","4","5677273.086","-5238296.773","438976.313","-447412.906"
"2_120_2_125_12.csv","2004/1/2","2007/12/31","-252615.609","247174.188","499789.797","0.668718537634","4","5677273.086","-5238296.773","438976.313","-447412.906"
"2_120_2_150_12.csv","2004/1/2","2007/12/31","-252615.609","247174.188","499789.797","0.668718537634","4","5677273.086","-5238296.773","438976.313","-447412.906"
"2_120_2_50_12.csv","2004/1/2","2007/12/31","-252615.609","247174.188","499789.797","0.668718537634","4","5677273.086","-5238296.773","438976.313","-447412.906"
"2_120_2_75_12.csv","2004/1/2","2007/12/31","-252615.609","247174.188","499789.797","0.668718537634","4","5677273.086","-5238296.773","438976.313","-447412.906"
"1_40_2_225_10.csv","2004/1/2","2007/12/31","278647.469","89587.273","-189060.196","-0.147859516077","21","1818281.535","-2112340.825","-294059.29","-407299.77"
"1_40_2_225_12.csv","2004/1/2","2007/12/31","278647.469","89587.273","-189060.196","-0.147859516077","21","1818281.535","-2112340.825","-294059.29","-407299.77"
"1_40_2_225_14.csv","2004/1/2","2007/12/31","278647.469","89587.273","-189060.196","-0.147859516077","21","1818281.535","-2112340.825","-294059.29","-407299.77"
"1_40_2_225_16.csv","2004/1/2","2007/12/31","278647.469","89587.273","-189060.196","-0.147859516077","21","1818281.535","-2112340.825","-294059.29","-407299.77"
"1_40_2_225_18.csv","2004/1/2","2007/12/31","278647.469","89587.273","-189060.196","-0.147859516077","21","1818281.535","-2112340.825","-294059.29","-407299.77"
"1_40_2_225_20.csv","2004/1/2","2007/12/31","278647.469","89587.273","-189060.196","-0.147859516077","21","1818281.535","-2112340.825","-294059.29","-407299.77"
"1_40_2_225_4.csv","2004/1/2","2007/12/31","278647.469","89587.273","-189060.196","-0.147859516077","21","1818281.535","-2112340.825","-294059.29","-407299.77"
"1_40_2_225_6.csv","2004/1/2","2007/12/31","278647.469","89587.273","-189060.196","-0.147859516077","21","1818281.535","-2112340.825","-294059.29","-407299.77"
"1_40_2_225_8.csv","2004/1/2","2007/12/31","278647.469","89587.273","-189060.196","-0.147859516077","21","1818281.535","-2112340.825","-294059.29","-407299.77"
"3_40_2_225_10.csv","2004/1/2","2007/12/31","278647.469","89587.273","-189060.196","-0.147859516077","21","1818281.535","-2112340.825","-294059.29","-407299.77"
"3_40_2_225_12.csv","2004/1/2","2007/12/31","278647.469","89587.273","-189060.196","-0.147859516077","21","1818281.535","-2112340.825","-294059.29","-407299.77"
"3_40_2_225_14.csv","2004/1/2","2007/12/31","278647.469","89587.273","-189060.196","-0.147859516077","21","1818281.535","-2112340.825","-294059.29","-407299.77"
"3_40_2_225_16.csv","2004/1/2","2007/12/31","278647.469","89587.273","-189060.196","-0.147859516077","21","1818281.535","-2112340.825","-294059.29","-407299.77"
"3_40_2_225_18.csv","2004/1/2","2007/12/31","278647.469","89587.273","-189060.196","-0.147859516077","21","1818281.535","-2112340.825","-294059.29","-407299.77"
"3_40_2_225_20.csv","2004/1/2","2007/12/31","278647.469","89587.273","-189060.196","-0.147859516077","21","1818281.535","-2112340.825","-294059.29","-407299.77"
"3_40_2_225_4.csv","2004/1/2","2007/12/31","278647.469","89587.273","-189060.196","-0.147859516077","21","1818281.535","-2112340.825","-294059.29","-407299.77"
"3_40_2_225_6.csv","2004/1/2","2007/12/31","278647.469","89587.273","-189060.196","-0.147859516077","21","1818281.535","-2112340.825","-294059.29","-407299.77"
"3_40_2_225_8.csv","2004/1/2","2007/12/31","278647.469","89587.273","-189060.196","-0.147859516077","21","1818281.535","-2112340.825","-294059.29","-407299.77"
"1_80_1.25_100_4.csv","2004/1/2","2007/12/31","389803.438","765008.938","375205.5","0.269970191281","29","8126130.31","-7865601.685","260528.625","-952561.376"
"3_80_1.25_100_4.csv","2004/1/2","2007/12/31","389803.438","765008.938","375205.5","0.269970191281","29","8126130.31","-7865601.685","260528.625","-952561.376"
"1_80_1.25_100_10.csv","2004/1/2","2007/12/31","365841.219","734577.688","368736.469","0.269970230705","29","7986024.685","-7729987.935","256036.75","-936137.969"
"1_80_1.25_100_12.csv","2004/1/2","2007/12/31","365841.219","734577.688","368736.469","0.269970230705","29","7986024.685","-7729987.935","256036.75","-936137.969"
"1_80_1.25_100_14.csv","2004/1/2","2007/12/31","365841.219","734577.688","368736.469","0.269970230705","29","7986024.685","-7729987.935","256036.75","-936137.969"
"1_80_1.25_100_16.csv","2004/1/2","2007/12/31","365841.219","734577.688","368736.469","0.269970230705","29","7986024.685","-7729987.935","256036.75","-936137.969"
"1_80_1.25_100_18.csv","2004/1/2","2007/12/31","365841.219","734577.688","368736.469","0.269970230705","29","7986024.685","-7729987.935","256036.75","-936137.969"
"1_80_1.25_100_20.csv","2004/1/2","2007/12/31","365841.219","734577.688","368736.469","0.269970230705","29","7986024.685","-7729987.935","256036.75","-936137.969"
"1_80_1.25_100_6.csv","2004/1/2","2007/12/31","365841.219","734577.688","368736.469","0.269970230705","29","7986024.685","-7729987.935","256036.75","-936137.969"
"1_80_1.25_100_8.csv","2004/1/2","2007/12/31","365841.219","734577.688","368736.469","0.269970230705","29","7986024.685","-7729987.935","256036.75","-936137.969"
"3_80_1.25_100_10.csv","2004/1/2","2007/12/31","365841.219","734577.688","368736.469","0.269970230705","29","7986024.685","-7729987.935","256036.75","-936137.969"
"3_80_1.25_100_12.csv","2004/1/2","2007/12/31","365841.219","734577.688","368736.469","0.269970230705","29","7986024.685","-7729987.935","256036.75","-936137.969"
"3_80_1.25_100_14.csv","2004/1/2","2007/12/31","365841.219","734577.688","368736.469","0.269970230705","29","7986024.685","-7729987.935","256036.75","-936137.969"
"3_80_1.25_100_16.csv","2004/1/2","2007/12/31","365841.219","734577.688","368736.469","0.269970230705","29","7986024.685","-7729987.935","256036.75","-936137.969"
"3_80_1.25_100_18.csv","2004/1/2","2007/12/31","365841.219","734577.688","368736.469","0.269970230705","29","7986024.685","-7729987.935","256036.75","-936137.969"
"3_80_1.25_100_20.csv","2004/1/2","2007/12/31","365841.219","734577.688","368736.469","0.269970230705","29","7986024.685","-7729987.935","256036.75","-936137.969"
"3_80_1.25_100_6.csv","2004/1/2","2007/12/31","365841.219","734577.688","368736.469","0.269970230705","29","7986024.685","-7729987.935","256036.75","-936137.969"
"3_80_1.25_100_8.csv","2004/1/2","2007/12/31","365841.219","734577.688","368736.469","0.269970230705","29","7986024.685","-7729987.935","256036.75","-936137.969"
"1_80_1.25_50_4.csv","2004/1/2","2007/12/31","1178344.0","1766432.375","588088.375","0.269970388056","29","12736700.845","-12328354.345","408346.5","-1493021.812"
"1_80_1.25_75_4.csv","2004/1/2","2007/12/31","1178344.0","1766432.375","588088.375","0.269970388056","29","12736700.845","-12328354.345","408346.5","-1493021.812"
"3_80_1.25_50_4.csv","2004/1/2","2007/12/31","1178344.0","1766432.375","588088.375","0.269970388056","29","12736700.845","-12328354.345","408346.5","-1493021.812"
"3_80_1.25_75_4.csv","2004/1/2","2007/12/31","1178344.0","1766432.375","588088.375","0.269970388056","29","12736700.845","-12328354.345","408346.5","-1493021.812"
"1_80_1.25_125_4.csv","2004/1/2","2007/12/31","395642.688","772424.75","376782.062","0.269970290562","29","8160274.09","-7898650.903","261623.187","-956563.876"
"3_80_1.25_125_4.csv","2004/1/2","2007/12/31","395642.688","772424.75","376782.062","0.269970290562","29","8160274.09","-7898650.903","261623.187","-956563.876"
"1_80_1.25_125_10.csv","2004/1/2","2007/12/31","371579.938","741865.75","370285.812","0.269970274237","29","8019579.551","-7762467.176","257112.375","-940071.375"
"1_80_1.25_125_12.csv","2004/1/2","2007/12/31","371579.938","741865.75","370285.812","0.269970274237","29","8019579.551","-7762467.176","257112.375","-940071.375"
"1_80_1.25_125_14.csv","2004/1/2","2007/12/31","371579.938","741865.75","370285.812","0.269970274237","29","8019579.551","-7762467.176","257112.375","-940071.375"
"1_80_1.25_125_16.csv","2004/1/2","2007/12/31","371579.938","741865.75","370285.812","0.269970274237","29","8019579.551","-7762467.176","257112.375","-940071.375"
"1_80_1.25_125_18.csv","2004/1/2","2007/12/31","371579.938","741865.75","370285.812","0.269970274237","29","8019579.551","-7762467.176","257112.375","-940071.375"
"1_80_1.25_125_20.csv","2004/1/2","2007/12/31","371579.938","741865.75","370285.812","0.269970274237","29","8019579.551","-7762467.176","257112.375","-940071.375"
"1_80_1.25_125_6.csv","2004/1/2","2007/12/31","371579.938","741865.75","370285.812","0.269970274237","29","8019579.551","-7762467.176","257112.375","-940071.375"
"1_80_1.25_125_8.csv","2004/1/2","2007/12/31","371579.938","741865.75","370285.812","0.269970274237","29","8019579.551","-7762467.176","257112.375","-940071.375"
"3_80_1.25_125_10.csv","2004/1/2","2007/12/31","371579.938","741865.75","370285.812","0.269970274237","29","8019579.551","-7762467.176","257112.375","-940071.375"
"3_80_1.25_125_12.csv","2004/1/2","2007/12/31","371579.938","741865.75","370285.812","0.269970274237","29","8019579.551","-7762467.176","257112.375","-940071.375"
"3_80_1.25_125_14.csv","2004/1/2","2007/12/31","371579.938","741865.75","370285.812","0.269970274237","29","8019579.551","-7762467.176","257112.375","-940071.375"
"3_80_1.25_125_16.csv","2004/1/2","2007/12/31","371579.938","741865.75","370285.812","0.269970274237","29","8019579.551","-7762467.176","257112.375","-940071.375"
"3_80_1.25_125_18.csv","2004/1/2","2007/12/31","371579.938","741865.75","370285.812","0.269970274237","29","8019579.551","-7762467.176","257112.375","-940071.375"
"3_80_1.25_125_20.csv","2004/1/2","2007/12/31","371579.938","741865.75","370285.812","0.269970274237","29","8019579.551","-7762467.176","257112.375","-940071.375"
"3_80_1.25_125_6.csv","2004/1/2","2007/12/31","371579.938","741865.75","370285.812","0.269970274237","29","8019579.551","-7762467.176","257112.375","-940071.375"
"3_80_1.25_125_8.csv","2004/1/2","2007/12/31","371579.938","741865.75","370285.812","0.269970274237","29","8019579.551","-7762467.176","257112.375","-940071.375"
"1_80_1.25_50_10.csv","2004/1/2","2007/12/31","1140786.25","1718734.875","577948.625","0.269970262094","29","12517103.309","-12115797.809","401305.5","-1467280.312"
"1_80_1.25_50_12.csv","2004/1/2","2007/12/31","1140786.25","1718734.875","577948.625","0.269970262094","29","12517103.309","-12115797.809","401305.5","-1467280.312"
"1_80_1.25_50_14.csv","2004/1/2","2007/12/31","1140786.25","1718734.875","577948.625","0.269970262094","29","12517103.309","-12115797.809","401305.5","-1467280.312"
"1_80_1.25_50_16.csv","2004/1/2","2007/12/31","1140786.25","1718734.875","577948.625","0.269970262094","29","12517103.309","-12115797.809","401305.5","-1467280.312"
"1_80_1.25_50_18.csv","2004/1/2","2007/12/31","1140786.25","1718734.875","577948.625","0.269970262094","29","12517103.309","-12115797.809","401305.5","-1467280.312"
"1_80_1.25_50_20.csv","2004/1/2","2007/12/31","1140786.25","1718734.875","577948.625","0.269970262094","29","12517103.309","-12115797.809","401305.5","-1467280.312"
"1_80_1.25_50_6.csv","2004/1/2","2007/12/31","1140786.25","1718734.875","577948.625","0.269970262094","29","12517103.309","-12115797.809","401305.5","-1467280.312"
"1_80_1.25_50_8.csv","2004/1/2","2007/12/31","1140786.25","1718734.875","577948.625","0.269970262094","29","12517103.309","-12115797.809","401305.5","-1467280.312"
"1_80_1.25_75_10.csv","2004/1/2","2007/12/31","1140786.25","1718734.875","577948.625","0.269970262094","29","12517103.309","-12115797.809","401305.5","-1467280.312"
"1_80_1.25_75_12.csv","2004/1/2","2007/12/31","1140786.25","1718734.875","577948.625","0.269970262094","29","12517103.309","-12115797.809","401305.5","-1467280.312"
"1_80_1.25_75_14.csv","2004/1/2","2007/12/31","1140786.25","1718734.875","577948.625","0.269970262094","29","12517103.309","-12115797.809","401305.5","-1467280.312"
"1_80_1.25_75_16.csv","2004/1/2","2007/12/31","1140786.25","1718734.875","577948.625","0.269970262094","29","12517103.309","-12115797.809","401305.5","-1467280.312"
"1_80_1.25_75_18.csv","2004/1/2","2007/12/31","1140786.25","1718734.875","577948.625","0.269970262094","29","12517103.309","-12115797.809","401305.5","-1467280.312"
"1_80_1.25_75_20.csv","2004/1/2","2007/12/31","1140786.25","1718734.875","577948.625","0.269970262094","29","12517103.309","-12115797.809","401305.5","-1467280.312"
"1_80_1.25_75_6.csv","2004/1/2","2007/12/31","1140786.25","1718734.875","577948.625","0.269970262094","29","12517103.309","-12115797.809","401305.5","-1467280.312"
"1_80_1.25_75_8.csv","2004/1/2","2007/12/31","1140786.25","1718734.875","577948.625","0.269970262094","29","12517103.309","-12115797.809","401305.5","-1467280.312"
"3_80_1.25_50_10.csv","2004/1/2","2007/12/31","1140786.25","1718734.875","577948.625","0.269970262094","29","12517103.309","-12115797.809","401305.5","-1467280.312"
"3_80_1.25_50_12.csv","2004/1/2","2007/12/31","1140786.25","1718734.875","577948.625","0.269970262094","29","12517103.309","-12115797.809","401305.5","-1467280.312"
"3_80_1.25_50_14.csv","2004/1/2","2007/12/31","1140786.25","1718734.875","577948.625","0.269970262094","29","12517103.309","-12115797.809","401305.5","-1467280.312"
"3_80_1.25_50_16.csv","2004/1/2","2007/12/31","1140786.25","1718734.875","577948.625","0.269970262094","29","12517103.309","-12115797.809","401305.5","-1467280.312"
"3_80_1.25_50_18.csv","2004/1/2","2007/12/31","1140786.25","1718734.875","577948.625","0.269970262094","29","12517103.309","-12115797.809","401305.5","-1467280.312"
"3_80_1.25_50_20.csv","2004/1/2","2007/12/31","1140786.25","1718734.875","577948.625","0.269970262094","29","12517103.309","-12115797.809","401305.5","-1467280.312"
"3_80_1.25_50_6.csv","2004/1/2","2007/12/31","1140786.25","1718734.875","577948.625","0.269970262094","29","12517103.309","-12115797.809","401305.5","-1467280.312"
"3_80_1.25_50_8.csv","2004/1/2","2007/12/31","1140786.25","1718734.875","577948.625","0.269970262094","29","12517103.309","-12115797.809","401305.5","-1467280.312"
"3_80_1.25_75_10.csv","2004/1/2","2007/12/31","1140786.25","1718734.875","577948.625","0.269970262094","29","12517103.309","-12115797.809","401305.5","-1467280.312"
"3_80_1.25_75_12.csv","2004/1/2","2007/12/31","1140786.25","1718734.875","577948.625","0.269970262094","29","12517103.309","-12115797.809","401305.5","-1467280.312"
"3_80_1.25_75_14.csv","2004/1/2","2007/12/31","1140786.25","1718734.875","577948.625","0.269970262094","29","12517103.309","-12115797.809","401305.5","-1467280.312"
"3_80_1.25_75_16.csv","2004/1/2","2007/12/31","1140786.25","1718734.875","577948.625","0.269970262094","29","12517103.309","-12115797.809","401305.5","-1467280.312"
"3_80_1.25_75_18.csv","2004/1/2","2007/12/31","1140786.25","1718734.875","577948.625","0.269970262094","29","12517103.309","-12115797.809","401305.5","-1467280.312"
"3_80_1.25_75_20.csv","2004/1/2","2007/12/31","1140786.25","1718734.875","577948.625","0.269970262094","29","12517103.309","-12115797.809","401305.5","-1467280.312"
"3_80_1.25_75_6.csv","2004/1/2","2007/12/31","1140786.25","1718734.875","577948.625","0.269970262094","29","12517103.309","-12115797.809","401305.5","-1467280.312"
"3_80_1.25_75_8.csv","2004/1/2","2007/12/31","1140786.25","1718734.875","577948.625","0.269970262094","29","12517103.309","-12115797.809","401305.5","-1467280.312"
"2_20_1_200_8.csv","2004/1/2","2007/12/31","980212.063","2460755.25","1480543.187","0.747669007105","18","11943933.153","-10627473.278","1316459.875","-1021147.781"
"2_20_1_200_10.csv","2004/1/2","2007/12/31","1052705.25","2587449.75","1534744.5","0.747669203847","18","12381187.403","-11016533.278","1364654.125","-1058530.969"
"2_20_1_200_12.csv","2004/1/2","2007/12/31","1052705.25","2587449.75","1534744.5","0.747669203847","18","12381187.403","-11016533.278","1364654.125","-1058530.969"
"2_20_1_200_14.csv","2004/1/2","2007/12/31","1052705.25","2587449.75","1534744.5","0.747669203847","18","12381187.403","-11016533.278","1364654.125","-1058530.969"
"2_20_1_200_16.csv","2004/1/2","2007/12/31","1052705.25","2587449.75","1534744.5","0.747669203847","18","12381187.403","-11016533.278","1364654.125","-1058530.969"
"2_20_1_200_18.csv","2004/1/2","2007/12/31","1052705.25","2587449.75","1534744.5","0.747669203847","18","12381187.403","-11016533.278","1364654.125","-1058530.969"
"2_20_1_200_20.csv","2004/1/2","2007/12/31","1052705.25","2587449.75","1534744.5","0.747669203847","18","12381187.403","-11016533.278","1364654.125","-1058530.969"
"2_20_1_100_10.csv","2004/1/2","2007/12/31","2673190.5","4371653.5","1698463.0","0.462394476954","20","22309798.875","-20921645.875","1388153.0","-2081223.375"
"2_20_1_100_12.csv","2004/1/2","2007/12/31","2673190.5","4371653.5","1698463.0","0.462394476954","20","22309798.875","-20921645.875","1388153.0","-2081223.375"
"2_20_1_100_14.csv","2004/1/2","2007/12/31","2673190.5","4371653.5","1698463.0","0.462394476954","20","22309798.875","-20921645.875","1388153.0","-2081223.375"
"2_20_1_100_16.csv","2004/1/2","2007/12/31","2673190.5","4371653.5","1698463.0","0.462394476954","20","22309798.875","-20921645.875","1388153.0","-2081223.375"
"2_20_1_100_18.csv","2004/1/2","2007/12/31","2673190.5","4371653.5","1698463.0","0.462394476954","20","22309798.875","-20921645.875","1388153.0","-2081223.375"
"2_20_1_100_20.csv","2004/1/2","2007/12/31","2673190.5","4371653.5","1698463.0","0.462394476954","20","22309798.875","-20921645.875","1388153.0","-2081223.375"
"2_20_1_100_8.csv","2004/1/2","2007/12/31","2543467.75","4181947.5","1638479.75","0.462394429863","20","21521908.75","-20182780.5","1339128.25","-2007723.375"
"1_80_1.25_150_10.csv","2004/1/2","2007/12/31","412890.625","794329.188","381438.563","0.269970340415","29","7882498.498","-7623483.435","259015.063","-968385.36"
"1_80_1.25_150_12.csv","2004/1/2","2007/12/31","412890.625","794329.188","381438.563","0.269970340415","29","7882498.498","-7623483.435","259015.063","-968385.36"
"1_80_1.25_150_14.csv","2004/1/2","2007/12/31","412890.625","794329.188","381438.563","0.269970340415","29","7882498.498","-7623483.435","259015.063","-968385.36"
"1_80_1.25_150_16.csv","2004/1/2","2007/12/31","412890.625","794329.188","381438.563","0.269970340415","29","7882498.498","-7623483.435","259015.063","-968385.36"
"1_80_1.25_150_18.csv","2004/1/2","2007/12/31","412890.625","794329.188","381438.563","0.269970340415","29","7882498.498","-7623483.435","259015.063","-968385.36"
"1_80_1.25_150_20.csv","2004/1/2","2007/12/31","412890.625","794329.188","381438.563","0.269970340415","29","7882498.498","-7623483.435","259015.063","-968385.36"
"1_80_1.25_150_6.csv","2004/1/2","2007/12/31","412890.625","794329.188","381438.563","0.269970340415","29","7882498.498","-7623483.435","259015.063","-968385.36"
"1_80_1.25_150_8.csv","2004/1/2","2007/12/31","412890.625","794329.188","381438.563","0.269970340415","29","7882498.498","-7623483.435","259015.063","-968385.36"
"3_80_1.25_150_10.csv","2004/1/2","2007/12/31","412890.625","794329.188","381438.563","0.269970340415","29","7882498.498","-7623483.435","259015.063","-968385.36"
"3_80_1.25_150_12.csv","2004/1/2","2007/12/31","412890.625","794329.188","381438.563","0.269970340415","29","7882498.498","-7623483.435","259015.063","-968385.36"
"3_80_1.25_150_14.csv","2004/1/2","2007/12/31","412890.625","794329.188","381438.563","0.269970340415","29","7882498.498","-7623483.435","259015.063","-968385.36"
"3_80_1.25_150_16.csv","2004/1/2","2007/12/31","412890.625","794329.188","381438.563","0.269970340415","29","7882498.498","-7623483.435","259015.063","-968385.36"
"3_80_1.25_150_18.csv","2004/1/2","2007/12/31","412890.625","794329.188","381438.563","0.269970340415","29","7882498.498","-7623483.435","259015.063","-968385.36"
"3_80_1.25_150_20.csv","2004/1/2","2007/12/31","412890.625","794329.188","381438.563","0.269970340415","29","7882498.498","-7623483.435","259015.063","-968385.36"
"3_80_1.25_150_6.csv","2004/1/2","2007/12/31","412890.625","794329.188","381438.563","0.269970340415","29","7882498.498","-7623483.435","259015.063","-968385.36"
"3_80_1.25_150_8.csv","2004/1/2","2007/12/31","412890.625","794329.188","381438.563","0.269970340415","29","7882498.498","-7623483.435","259015.063","-968385.36"
"1_80_1.25_175_10.csv","2004/1/2","2007/12/31","347460.813","775804.375","428343.562","0.31788943906","27","7616763.088","-7305173.838","311589.25","-891448.829"
"1_80_1.25_175_12.csv","2004/1/2","2007/12/31","347460.813","775804.375","428343.562","0.31788943906","27","7616763.088","-7305173.838","311589.25","-891448.829"
"1_80_1.25_175_14.csv","2004/1/2","2007/12/31","347460.813","775804.375","428343.562","0.31788943906","27","7616763.088","-7305173.838","311589.25","-891448.829"
"1_80_1.25_175_16.csv","2004/1/2","2007/12/31","347460.813","775804.375","428343.562","0.31788943906","27","7616763.088","-7305173.838","311589.25","-891448.829"
"1_80_1.25_175_18.csv","2004/1/2","2007/12/31","347460.813","775804.375","428343.562","0.31788943906","27","7616763.088","-7305173.838","311589.25","-891448.829"
"1_80_1.25_175_20.csv","2004/1/2","2007/12/31","347460.813","775804.375","428343.562","0.31788943906","27","7616763.088","-7305173.838","311589.25","-891448.829"
"1_80_1.25_175_6.csv","2004/1/2","2007/12/31","347460.813","775804.375","428343.562","0.31788943906","27","7616763.088","-7305173.838","311589.25","-891448.829"
"1_80_1.25_175_8.csv","2004/1/2","2007/12/31","347460.813","775804.375","428343.562","0.31788943906","27","7616763.088","-7305173.838","311589.25","-891448.829"
"3_80_1.25_175_10.csv","2004/1/2","2007/12/31","347460.813","775804.375","428343.562","0.31788943906","27","7616763.088","-7305173.838","311589.25","-891448.829"
"3_80_1.25_175_12.csv","2004/1/2","2007/12/31","347460.813","775804.375","428343.562","0.31788943906","27","7616763.088","-7305173.838","311589.25","-891448.829"
"3_80_1.25_175_14.csv","2004/1/2","2007/12/31","347460.813","775804.375","428343.562","0.31788943906","27","7616763.088","-7305173.838","311589.25","-891448.829"
"3_80_1.25_175_16.csv","2004/1/2","2007/12/31","347460.813","775804.375","428343.562","0.31788943906","27","7616763.088","-7305173.838","311589.25","-891448.829"
"3_80_1.25_175_18.csv","2004/1/2","2007/12/31","347460.813","775804.375","428343.562","0.31788943906","27","7616763.088","-7305173.838","311589.25","-891448.829"
"3_80_1.25_175_20.csv","2004/1/2","2007/12/31","347460.813","775804.375","428343.562","0.31788943906","27","7616763.088","-7305173.838","311589.25","-891448.829"
"3_80_1.25_175_6.csv","2004/1/2","2007/12/31","347460.813","775804.375","428343.562","0.31788943906","27","7616763.088","-7305173.838","311589.25","-891448.829"
"3_80_1.25_175_8.csv","2004/1/2","2007/12/31","347460.813","775804.375","428343.562","0.31788943906","27","7616763.088","-7305173.838","311589.25","-891448.829"
"1_80_1.25_175_4.csv","2004/1/2","2007/12/31","371100.719","806959.063","435858.344","0.317889370168","27","7750390.366","-7433334.678","317055.688","-907088.297"
"3_80_1.25_175_4.csv","2004/1/2","2007/12/31","371100.719","806959.063","435858.344","0.317889370168","27","7750390.366","-7433334.678","317055.688","-907088.297"
"1_80_1.25_150_4.csv","2004/1/2","2007/12/31","437677.906","825808.25","388130.344","0.269970305852","29","8020787.733","-7757228.983","263558.75","-985374.906"
"3_80_1.25_150_4.csv","2004/1/2","2007/12/31","437677.906","825808.25","388130.344","0.269970305852","29","8020787.733","-7757228.983","263558.75","-985374.906"
"1_60_1.25_175_10.csv","2004/1/2","2007/12/31","466933.219","1295950.25","829017.031","0.565136176796","22","7500614.006","-6799471.756","701142.25","-641607.75"
"1_60_1.25_175_12.csv","2004/1/2","2007/12/31","466933.219","1295950.25","829017.031","0.565136176796","22","7500614.006","-6799471.756","701142.25","-641607.75"
"1_60_1.25_175_14.csv","2004/1/2","2007/12/31","466933.219","1295950.25","829017.031","0.565136176796","22","7500614.006","-6799471.756","701142.25","-641607.75"
"1_60_1.25_175_16.csv","2004/1/2","2007/12/31","466933.219","1295950.25","829017.031","0.565136176796","22","7500614.006","-6799471.756","701142.25","-641607.75"
"1_60_1.25_175_18.csv","2004/1/2","2007/12/31","466933.219","1295950.25","829017.031","0.565136176796","22","7500614.006","-6799471.756","701142.25","-641607.75"
"1_60_1.25_175_20.csv","2004/1/2","2007/12/31","466933.219","1295950.25","829017.031","0.565136176796","22","7500614.006","-6799471.756","701142.25","-641607.75"
"1_60_1.25_175_4.csv","2004/1/2","2007/12/31","466933.219","1295950.25","829017.031","0.565136176796","22","7500614.006","-6799471.756","701142.25","-641607.75"
"1_60_1.25_175_6.csv","2004/1/2","2007/12/31","466933.219","1295950.25","829017.031","0.565136176796","22","7500614.006","-6799471.756","701142.25","-641607.75"
"1_60_1.25_175_8.csv","2004/1/2","2007/12/31","466933.219","1295950.25","829017.031","0.565136176796","22","7500614.006","-6799471.756","701142.25","-641607.75"
"3_60_1.25_175_10.csv","2004/1/2","2007/12/31","466933.219","1295950.25","829017.031","0.565136176796","22","7500614.006","-6799471.756","701142.25","-641607.75"
"3_60_1.25_175_12.csv","2004/1/2","2007/12/31","466933.219","1295950.25","829017.031","0.565136176796","22","7500614.006","-6799471.756","701142.25","-641607.75"
"3_60_1.25_175_14.csv","2004/1/2","2007/12/31","466933.219","1295950.25","829017.031","0.565136176796","22","7500614.006","-6799471.756","701142.25","-641607.75"
"3_60_1.25_175_16.csv","2004/1/2","2007/12/31","466933.219","1295950.25","829017.031","0.565136176796","22","7500614.006","-6799471.756","701142.25","-641607.75"
"3_60_1.25_175_18.csv","2004/1/2","2007/12/31","466933.219","1295950.25","829017.031","0.565136176796","22","7500614.006","-6799471.756","701142.25","-641607.75"
"3_60_1.25_175_20.csv","2004/1/2","2007/12/31","466933.219","1295950.25","829017.031","0.565136176796","22","7500614.006","-6799471.756","701142.25","-641607.75"
"3_60_1.25_175_4.csv","2004/1/2","2007/12/31","466933.219","1295950.25","829017.031","0.565136176796","22","7500614.006","-6799471.756","701142.25","-641607.75"
"3_60_1.25_175_6.csv","2004/1/2","2007/12/31","466933.219","1295950.25","829017.031","0.565136176796","22","7500614.006","-6799471.756","701142.25","-641607.75"
"3_60_1.25_175_8.csv","2004/1/2","2007/12/31","466933.219","1295950.25","829017.031","0.565136176796","22","7500614.006","-6799471.756","701142.25","-641607.75"
"2_60_1_50_4.csv","2004/1/2","2007/12/31","662648.75","1850553.875","1187905.125","0.714465472638","14","14010255.595","-12968701.658","1041553.937","-1045368.156"
"2_60_1_75_4.csv","2004/1/2","2007/12/31","662648.75","1850553.875","1187905.125","0.714465472638","14","14010255.595","-12968701.658","1041553.937","-1045368.156"
"1_60_1.75_150_10.csv","2004/1/2","2007/12/31","579476.938","1024126.188","444649.25","0.281516772611","22","5297127.64","-4992360.702","304766.938","-721670.078"
"1_60_1.75_150_12.csv","2004/1/2","2007/12/31","579476.938","1024126.188","444649.25","0.281516772611","22","5297127.64","-4992360.702","304766.938","-721670.078"
"1_60_1.75_150_14.csv","2004/1/2","2007/12/31","579476.938","1024126.188","444649.25","0.281516772611","22","5297127.64","-4992360.702","304766.938","-721670.078"
"1_60_1.75_150_16.csv","2004/1/2","2007/12/31","579476.938","1024126.188","444649.25","0.281516772611","22","5297127.64","-4992360.702","304766.938","-721670.078"
"1_60_1.75_150_18.csv","2004/1/2","2007/12/31","579476.938","1024126.188","444649.25","0.281516772611","22","5297127.64","-4992360.702","304766.938","-721670.078"
"1_60_1.75_150_20.csv","2004/1/2","2007/12/31","579476.938","1024126.188","444649.25","0.281516772611","22","5297127.64","-4992360.702","304766.938","-721670.078"
"1_60_1.75_150_4.csv","2004/1/2","2007/12/31","579476.938","1024126.188","444649.25","0.281516772611","22","5297127.64","-4992360.702","304766.938","-721670.078"
"1_60_1.75_150_6.csv","2004/1/2","2007/12/31","579476.938","1024126.188","444649.25","0.281516772611","22","5297127.64","-4992360.702","304766.938","-721670.078"
"1_60_1.75_150_8.csv","2004/1/2","2007/12/31","579476.938","1024126.188","444649.25","0.281516772611","22","5297127.64","-4992360.702","304766.938","-721670.078"
"3_60_1.75_150_10.csv","2004/1/2","2007/12/31","579476.938","1024126.188","444649.25","0.281516772611","22","5297127.64","-4992360.702","304766.938","-721670.078"
"3_60_1.75_150_12.csv","2004/1/2","2007/12/31","579476.938","1024126.188","444649.25","0.281516772611","22","5297127.64","-4992360.702","304766.938","-721670.078"
"3_60_1.75_150_14.csv","2004/1/2","2007/12/31","579476.938","1024126.188","444649.25","0.281516772611","22","5297127.64","-4992360.702","304766.938","-721670.078"
"3_60_1.75_150_16.csv","2004/1/2","2007/12/31","579476.938","1024126.188","444649.25","0.281516772611","22","5297127.64","-4992360.702","304766.938","-721670.078"
"3_60_1.75_150_18.csv","2004/1/2","2007/12/31","579476.938","1024126.188","444649.25","0.281516772611","22","5297127.64","-4992360.702","304766.938","-721670.078"
"3_60_1.75_150_20.csv","2004/1/2","2007/12/31","579476.938","1024126.188","444649.25","0.281516772611","22","5297127.64","-4992360.702","304766.938","-721670.078"
"3_60_1.75_150_4.csv","2004/1/2","2007/12/31","579476.938","1024126.188","444649.25","0.281516772611","22","5297127.64","-4992360.702","304766.938","-721670.078"
"3_60_1.75_150_6.csv","2004/1/2","2007/12/31","579476.938","1024126.188","444649.25","0.281516772611","22","5297127.64","-4992360.702","304766.938","-721670.078"
"3_60_1.75_150_8.csv","2004/1/2","2007/12/31","579476.938","1024126.188","444649.25","0.281516772611","22","5297127.64","-4992360.702","304766.938","-721670.078"
"2_20_1_125_6.csv","2004/1/2","2007/12/31","1754194.375","3052795.25","1298600.875","0.471499356323","20","16188020.937","-15134497.687","1053523.25","-1590165.75"
"1_40_0.75_125_10.csv","2004/1/2","2007/12/31","580394.813","1888556.5","1308161.687","0.827743596878","26","10928004.855","-9763405.855","1164599.0","-742128.625"
"1_40_0.75_125_12.csv","2004/1/2","2007/12/31","580394.813","1888556.5","1308161.687","0.827743596878","26","10928004.855","-9763405.855","1164599.0","-742128.625"
"1_40_0.75_125_14.csv","2004/1/2","2007/12/31","580394.813","1888556.5","1308161.687","0.827743596878","26","10928004.855","-9763405.855","1164599.0","-742128.625"
"1_40_0.75_125_16.csv","2004/1/2","2007/12/31","580394.813","1888556.5","1308161.687","0.827743596878","26","10928004.855","-9763405.855","1164599.0","-742128.625"
"1_40_0.75_125_18.csv","2004/1/2","2007/12/31","580394.813","1888556.5","1308161.687","0.827743596878","26","10928004.855","-9763405.855","1164599.0","-742128.625"
"1_40_0.75_125_20.csv","2004/1/2","2007/12/31","580394.813","1888556.5","1308161.687","0.827743596878","26","10928004.855","-9763405.855","1164599.0","-742128.625"
"1_40_0.75_125_4.csv","2004/1/2","2007/12/31","580394.813","1888556.5","1308161.687","0.827743596878","26","10928004.855","-9763405.855","1164599.0","-742128.625"
"1_40_0.75_125_6.csv","2004/1/2","2007/12/31","580394.813","1888556.5","1308161.687","0.827743596878","26","10928004.855","-9763405.855","1164599.0","-742128.625"
"1_40_0.75_125_8.csv","2004/1/2","2007/12/31","580394.813","1888556.5","1308161.687","0.827743596878","26","10928004.855","-9763405.855","1164599.0","-742128.625"
"3_40_0.75_125_10.csv","2004/1/2","2007/12/31","580394.813","1888556.5","1308161.687","0.827743596878","26","10928004.855","-9763405.855","1164599.0","-742128.625"
"3_40_0.75_125_12.csv","2004/1/2","2007/12/31","580394.813","1888556.5","1308161.687","0.827743596878","26","10928004.855","-9763405.855","1164599.0","-742128.625"
"3_40_0.75_125_14.csv","2004/1/2","2007/12/31","580394.813","1888556.5","1308161.687","0.827743596878","26","10928004.855","-9763405.855","1164599.0","-742128.625"
"3_40_0.75_125_16.csv","2004/1/2","2007/12/31","580394.813","1888556.5","1308161.687","0.827743596878","26","10928004.855","-9763405.855","1164599.0","-742128.625"
"3_40_0.75_125_18.csv","2004/1/2","2007/12/31","580394.813","1888556.5","1308161.687","0.827743596878","26","10928004.855","-9763405.855","1164599.0","-742128.625"
"3_40_0.75_125_20.csv","2004/1/2","2007/12/31","580394.813","1888556.5","1308161.687","0.827743596878","26","10928004.855","-9763405.855","1164599.0","-742128.625"
"3_40_0.75_125_4.csv","2004/1/2","2007/12/31","580394.813","1888556.5","1308161.687","0.827743596878","26","10928004.855","-9763405.855","1164599.0","-742128.625"
"3_40_0.75_125_6.csv","2004/1/2","2007/12/31","580394.813","1888556.5","1308161.687","0.827743596878","26","10928004.855","-9763405.855","1164599.0","-742128.625"
"3_40_0.75_125_8.csv","2004/1/2","2007/12/31","580394.813","1888556.5","1308161.687","0.827743596878","26","10928004.855","-9763405.855","1164599.0","-742128.625"
"2_60_1.75_150_12.csv","2004/1/2","2007/12/31","-411050.688","-4166.375","406884.313","0.690864739477","7","4869643.889","-4516984.233","352659.656","-287402.125"
"2_20_1.25_125_4.csv","2004/1/2","2007/12/31","499983.781","1307138.25","807154.469","0.538108797724","19","7354198.081","-6685379.706","668818.375","-775522.129"
"2_20_1.25_75_6.csv","2004/1/2","2007/12/31","1904553.375","4547454.0","2642900.625","0.909916356762","20","20455112.25","-18081004.25","2374108.0","-1501255.875"
"1_60_1.75_225_10.csv","2004/1/2","2007/12/31","923417.25","1579777.625","656360.375","0.341247004518","18","5969923.995","-5492734.62","477189.375","-809608.875"
"1_60_1.75_225_12.csv","2004/1/2","2007/12/31","923417.25","1579777.625","656360.375","0.341247004518","18","5969923.995","-5492734.62","477189.375","-809608.875"
"1_60_1.75_225_14.csv","2004/1/2","2007/12/31","923417.25","1579777.625","656360.375","0.341247004518","18","5969923.995","-5492734.62","477189.375","-809608.875"
"1_60_1.75_225_16.csv","2004/1/2","2007/12/31","923417.25","1579777.625","656360.375","0.341247004518","18","5969923.995","-5492734.62","477189.375","-809608.875"
"1_60_1.75_225_18.csv","2004/1/2","2007/12/31","923417.25","1579777.625","656360.375","0.341247004518","18","5969923.995","-5492734.62","477189.375","-809608.875"
"1_60_1.75_225_20.csv","2004/1/2","2007/12/31","923417.25","1579777.625","656360.375","0.341247004518","18","5969923.995","-5492734.62","477189.375","-809608.875"
"1_60_1.75_225_4.csv","2004/1/2","2007/12/31","923417.25","1579777.625","656360.375","0.341247004518","18","5969923.995","-5492734.62","477189.375","-809608.875"
"1_60_1.75_225_6.csv","2004/1/2","2007/12/31","923417.25","1579777.625","656360.375","0.341247004518","18","5969923.995","-5492734.62","477189.375","-809608.875"
"1_60_1.75_225_8.csv","2004/1/2","2007/12/31","923417.25","1579777.625","656360.375","0.341247004518","18","5969923.995","-5492734.62","477189.375","-809608.875"
"3_60_1.75_225_10.csv","2004/1/2","2007/12/31","923417.25","1579777.625","656360.375","0.341247004518","18","5969923.995","-5492734.62","477189.375","-809608.875"
"3_60_1.75_225_12.csv","2004/1/2","2007/12/31","923417.25","1579777.625","656360.375","0.341247004518","18","5969923.995","-5492734.62","477189.375","-809608.875"
"3_60_1.75_225_14.csv","2004/1/2","2007/12/31","923417.25","1579777.625","656360.375","0.341247004518","18","5969923.995","-5492734.62","477189.375","-809608.875"
"3_60_1.75_225_16.csv","2004/1/2","2007/12/31","923417.25","1579777.625","656360.375","0.341247004518","18","5969923.995","-5492734.62","477189.375","-809608.875"
"3_60_1.75_225_18.csv","2004/1/2","2007/12/31","923417.25","1579777.625","656360.375","0.341247004518","18","5969923.995","-5492734.62","477189.375","-809608.875"
"3_60_1.75_225_20.csv","2004/1/2","2007/12/31","923417.25","1579777.625","656360.375","0.341247004518","18","5969923.995","-5492734.62","477189.375","-809608.875"
"3_60_1.75_225_4.csv","2004/1/2","2007/12/31","923417.25","1579777.625","656360.375","0.341247004518","18","5969923.995","-5492734.62","477189.375","-809608.875"
"3_60_1.75_225_6.csv","2004/1/2","2007/12/31","923417.25","1579777.625","656360.375","0.341247004518","18","5969923.995","-5492734.62","477189.375","-809608.875"
"3_60_1.75_225_8.csv","2004/1/2","2007/12/31","923417.25","1579777.625","656360.375","0.341247004518","18","5969923.995","-5492734.62","477189.375","-809608.875"
"2_60_1.75_175_10.csv","2004/1/2","2007/12/31","-415603.375","-46785.969","368817.406","0.631108035574","6","4634922.934","-4320712.715","314210.219","-291184.875"
"1_40_0.75_100_10.csv","2004/1/2","2007/12/31","883966.688","2594743.0","1710776.312","0.908071423395","30","13776258.274","-12243023.274","1533235.0","-923562.0"
"1_40_0.75_100_12.csv","2004/1/2","2007/12/31","883966.688","2594743.0","1710776.312","0.908071423395","30","13776258.274","-12243023.274","1533235.0","-923562.0"
"1_40_0.75_100_14.csv","2004/1/2","2007/12/31","883966.688","2594743.0","1710776.312","0.908071423395","30","13776258.274","-12243023.274","1533235.0","-923562.0"
"1_40_0.75_100_16.csv","2004/1/2","2007/12/31","883966.688","2594743.0","1710776.312","0.908071423395","30","13776258.274","-12243023.274","1533235.0","-923562.0"
"1_40_0.75_100_18.csv","2004/1/2","2007/12/31","883966.688","2594743.0","1710776.312","0.908071423395","30","13776258.274","-12243023.274","1533235.0","-923562.0"
"1_40_0.75_100_20.csv","2004/1/2","2007/12/31","883966.688","2594743.0","1710776.312","0.908071423395","30","13776258.274","-12243023.274","1533235.0","-923562.0"
"1_40_0.75_100_4.csv","2004/1/2","2007/12/31","883966.688","2594743.0","1710776.312","0.908071423395","30","13776258.274","-12243023.274","1533235.0","-923562.0"
"1_40_0.75_100_6.csv","2004/1/2","2007/12/31","883966.688","2594743.0","1710776.312","0.908071423395","30","13776258.274","-12243023.274","1533235.0","-923562.0"
"1_40_0.75_100_8.csv","2004/1/2","2007/12/31","883966.688","2594743.0","1710776.312","0.908071423395","30","13776258.274","-12243023.274","1533235.0","-923562.0"
"3_40_0.75_100_10.csv","2004/1/2","2007/12/31","883966.688","2594743.0","1710776.312","0.908071423395","30","13776258.274","-12243023.274","1533235.0","-923562.0"
"3_40_0.75_100_12.csv","2004/1/2","2007/12/31","883966.688","2594743.0","1710776.312","0.908071423395","30","13776258.274","-12243023.274","1533235.0","-923562.0"
"3_40_0.75_100_14.csv","2004/1/2","2007/12/31","883966.688","2594743.0","1710776.312","0.908071423395","30","13776258.274","-12243023.274","1533235.0","-923562.0"
"3_40_0.75_100_16.csv","2004/1/2","2007/12/31","883966.688","2594743.0","1710776.312","0.908071423395","30","13776258.274","-12243023.274","1533235.0","-923562.0"
"3_40_0.75_100_18.csv","2004/1/2","2007/12/31","883966.688","2594743.0","1710776.312","0.908071423395","30","13776258.274","-12243023.274","1533235.0","-923562.0"
"3_40_0.75_100_20.csv","2004/1/2","2007/12/31","883966.688","2594743.0","1710776.312","0.908071423395","30","13776258.274","-12243023.274","1533235.0","-923562.0"
"3_40_0.75_100_4.csv","2004/1/2","2007/12/31","883966.688","2594743.0","1710776.312","0.908071423395","30","13776258.274","-12243023.274","1533235.0","-923562.0"
"3_40_0.75_100_6.csv","2004/1/2","2007/12/31","883966.688","2594743.0","1710776.312","0.908071423395","30","13776258.274","-12243023.274","1533235.0","-923562.0"
"3_40_0.75_100_8.csv","2004/1/2","2007/12/31","883966.688","2594743.0","1710776.312","0.908071423395","30","13776258.274","-12243023.274","1533235.0","-923562.0"
"1_20_0.75_200_10.csv","2004/1/2","2007/12/31","576112.5","1812963.375","1236850.875","0.784747836845","32","8271139.816","-7185604.879","1085534.937","-512993.687"
"1_20_0.75_200_12.csv","2004/1/2","2007/12/31","576112.5","1812963.375","1236850.875","0.784747836845","32","8271139.816","-7185604.879","1085534.937","-512993.687"
"1_20_0.75_200_14.csv","2004/1/2","2007/12/31","576112.5","1812963.375","1236850.875","0.784747836845","32","8271139.816","-7185604.879","1085534.937","-512993.687"
"1_20_0.75_200_16.csv","2004/1/2","2007/12/31","576112.5","1812963.375","1236850.875","0.784747836845","32","8271139.816","-7185604.879","1085534.937","-512993.687"
"1_20_0.75_200_18.csv","2004/1/2","2007/12/31","576112.5","1812963.375","1236850.875","0.784747836845","32","8271139.816","-7185604.879","1085534.937","-512993.687"
"1_20_0.75_200_20.csv","2004/1/2","2007/12/31","576112.5","1812963.375","1236850.875","0.784747836845","32","8271139.816","-7185604.879","1085534.937","-512993.687"
"1_20_0.75_200_4.csv","2004/1/2","2007/12/31","576112.5","1812963.375","1236850.875","0.784747836845","32","8271139.816","-7185604.879","1085534.937","-512993.687"
"1_20_0.75_200_6.csv","2004/1/2","2007/12/31","576112.5","1812963.375","1236850.875","0.784747836845","32","8271139.816","-7185604.879","1085534.937","-512993.687"
"1_20_0.75_200_8.csv","2004/1/2","2007/12/31","576112.5","1812963.375","1236850.875","0.784747836845","32","8271139.816","-7185604.879","1085534.937","-512993.687"
"3_20_0.75_200_10.csv","2004/1/2","2007/12/31","576112.5","1812963.375","1236850.875","0.784747836845","32","8271139.816","-7185604.879","1085534.937","-512993.687"
"3_20_0.75_200_12.csv","2004/1/2","2007/12/31","576112.5","1812963.375","1236850.875","0.784747836845","32","8271139.816","-7185604.879","1085534.937","-512993.687"
"3_20_0.75_200_14.csv","2004/1/2","2007/12/31","576112.5","1812963.375","1236850.875","0.784747836845","32","8271139.816","-7185604.879","1085534.937","-512993.687"
"3_20_0.75_200_16.csv","2004/1/2","2007/12/31","576112.5","1812963.375","1236850.875","0.784747836845","32","8271139.816","-7185604.879","1085534.937","-512993.687"
"3_20_0.75_200_18.csv","2004/1/2","2007/12/31","576112.5","1812963.375","1236850.875","0.784747836845","32","8271139.816","-7185604.879","1085534.937","-512993.687"
"3_20_0.75_200_20.csv","2004/1/2","2007/12/31","576112.5","1812963.375","1236850.875","0.784747836845","32","8271139.816","-7185604.879","1085534.937","-512993.687"
"3_20_0.75_200_4.csv","2004/1/2","2007/12/31","576112.5","1812963.375","1236850.875","0.784747836845","32","8271139.816","-7185604.879","1085534.937","-512993.687"
"3_20_0.75_200_6.csv","2004/1/2","2007/12/31","576112.5","1812963.375","1236850.875","0.784747836845","32","8271139.816","-7185604.879","1085534.937","-512993.687"
"3_20_0.75_200_8.csv","2004/1/2","2007/12/31","576112.5","1812963.375","1236850.875","0.784747836845","32","8271139.816","-7185604.879","1085534.937","-512993.687"
"1_60_1.75_175_10.csv","2004/1/2","2007/12/31","640294.313","1167729.5","527435.187","0.321549116412","20","5465957.652","-5096306.465","369651.187","-709900.187"
"1_60_1.75_175_12.csv","2004/1/2","2007/12/31","640294.313","1167729.5","527435.187","0.321549116412","20","5465957.652","-5096306.465","369651.187","-709900.187"
"1_60_1.75_175_14.csv","2004/1/2","2007/12/31","640294.313","1167729.5","527435.187","0.321549116412","20","5465957.652","-5096306.465","369651.187","-709900.187"
"1_60_1.75_175_16.csv","2004/1/2","2007/12/31","640294.313","1167729.5","527435.187","0.321549116412","20","5465957.652","-5096306.465","369651.187","-709900.187"
"1_60_1.75_175_18.csv","2004/1/2","2007/12/31","640294.313","1167729.5","527435.187","0.321549116412","20","5465957.652","-5096306.465","369651.187","-709900.187"
"1_60_1.75_175_20.csv","2004/1/2","2007/12/31","640294.313","1167729.5","527435.187","0.321549116412","20","5465957.652","-5096306.465","369651.187","-709900.187"
"1_60_1.75_175_4.csv","2004/1/2","2007/12/31","640294.313","1167729.5","527435.187","0.321549116412","20","5465957.652","-5096306.465","369651.187","-709900.187"
"1_60_1.75_175_6.csv","2004/1/2","2007/12/31","640294.313","1167729.5","527435.187","0.321549116412","20","5465957.652","-5096306.465","369651.187","-709900.187"
"1_60_1.75_175_8.csv","2004/1/2","2007/12/31","640294.313","1167729.5","527435.187","0.321549116412","20","5465957.652","-5096306.465","369651.187","-709900.187"
"3_60_1.75_175_10.csv","2004/1/2","2007/12/31","640294.313","1167729.5","527435.187","0.321549116412","20","5465957.652","-5096306.465","369651.187","-709900.187"
"3_60_1.75_175_12.csv","2004/1/2","2007/12/31","640294.313","1167729.5","527435.187","0.321549116412","20","5465957.652","-5096306.465","369651.187","-709900.187"
"3_60_1.75_175_14.csv","2004/1/2","2007/12/31","640294.313","1167729.5","527435.187","0.321549116412","20","5465957.652","-5096306.465","369651.187","-709900.187"
"3_60_1.75_175_16.csv","2004/1/2","2007/12/31","640294.313","1167729.5","527435.187","0.321549116412","20","5465957.652","-5096306.465","369651.187","-709900.187"
"3_60_1.75_175_18.csv","2004/1/2","2007/12/31","640294.313","1167729.5","527435.187","0.321549116412","20","5465957.652","-5096306.465","369651.187","-709900.187"
"3_60_1.75_175_20.csv","2004/1/2","2007/12/31","640294.313","1167729.5","527435.187","0.321549116412","20","5465957.652","-5096306.465","369651.187","-709900.187"
"3_60_1.75_175_4.csv","2004/1/2","2007/12/31","640294.313","1167729.5","527435.187","0.321549116412","20","5465957.652","-5096306.465","369651.187","-709900.187"
"3_60_1.75_175_6.csv","2004/1/2","2007/12/31","640294.313","1167729.5","527435.187","0.321549116412","20","5465957.652","-5096306.465","369651.187","-709900.187"
"3_60_1.75_175_8.csv","2004/1/2","2007/12/31","640294.313","1167729.5","527435.187","0.321549116412","20","5465957.652","-5096306.465","369651.187","-709900.187"
"2_20_1.5_200_4.csv","2004/1/2","2007/12/31","183117.0","478558.344","295441.344","0.24971439342","21","4454718.851","-4274496.382","180222.469","-586129.86"
"2_20_1.5_225_4.csv","2004/1/2","2007/12/31","317139.0","767567.875","450428.875","0.341975201554","21","5210062.736","-4887904.611","322158.125","-652525.84"
"2_40_1_100_6.csv","2004/1/2","2007/12/31","309953.625","2509960.75","2200007.125","1.67945420587","10","11954965.978","-9884901.541","2070064.437","-834049.359"
"2_20_0.75_150_4.csv","2004/1/2","2007/12/31","-60358.016","609676.375","670034.391","0.713074130796","23","5877724.061","-5302248.131","575475.93","-398581.344"
"2_60_1.75_225_10.csv","2004/1/2","2007/12/31","-251105.531","581602.75","832708.281","1.1119167192","4","6244436.29","-5488173.556","756262.734","-406209.0"
"2_40_0.75_150_6.csv","2004/1/2","2007/12/31","42332.18","1465533.125","1423200.945","1.36540056261","14","8930803.456","-7614030.706","1316772.75","-520654.008"
"1_60_0.75_100_4.csv","2004/1/2","2007/12/31","650853.375","2238056.25","1587202.875","0.961443880502","22","12861936.121","-11443520.496","1418415.625","-777218.312"
"3_60_0.75_100_4.csv","2004/1/2","2007/12/31","650853.375","2238056.25","1587202.875","0.961443880502","22","12861936.121","-11443520.496","1418415.625","-777218.312"
"1_60_0.75_100_10.csv","2004/1/2","2007/12/31","567757.125","2075067.25","1507310.125","0.961443645169","22","12214523.356","-10867504.606","1347018.75","-738096.75"
"1_60_0.75_100_12.csv","2004/1/2","2007/12/31","567757.125","2075067.25","1507310.125","0.961443645169","22","12214523.356","-10867504.606","1347018.75","-738096.75"
"1_60_0.75_100_14.csv","2004/1/2","2007/12/31","567757.125","2075067.25","1507310.125","0.961443645169","22","12214523.356","-10867504.606","1347018.75","-738096.75"
"1_60_0.75_100_16.csv","2004/1/2","2007/12/31","567757.125","2075067.25","1507310.125","0.961443645169","22","12214523.356","-10867504.606","1347018.75","-738096.75"
"1_60_0.75_100_18.csv","2004/1/2","2007/12/31","567757.125","2075067.25","1507310.125","0.961443645169","22","12214523.356","-10867504.606","1347018.75","-738096.75"
"1_60_0.75_100_20.csv","2004/1/2","2007/12/31","567757.125","2075067.25","1507310.125","0.961443645169","22","12214523.356","-10867504.606","1347018.75","-738096.75"
"1_60_0.75_100_6.csv","2004/1/2","2007/12/31","567757.125","2075067.25","1507310.125","0.961443645169","22","12214523.356","-10867504.606","1347018.75","-738096.75"
"1_60_0.75_100_8.csv","2004/1/2","2007/12/31","567757.125","2075067.25","1507310.125","0.961443645169","22","12214523.356","-10867504.606","1347018.75","-738096.75"
"3_60_0.75_100_10.csv","2004/1/2","2007/12/31","567757.125","2075067.25","1507310.125","0.961443645169","22","12214523.356","-10867504.606","1347018.75","-738096.75"
"3_60_0.75_100_12.csv","2004/1/2","2007/12/31","567757.125","2075067.25","1507310.125","0.961443645169","22","12214523.356","-10867504.606","1347018.75","-738096.75"
"3_60_0.75_100_14.csv","2004/1/2","2007/12/31","567757.125","2075067.25","1507310.125","0.961443645169","22","12214523.356","-10867504.606","1347018.75","-738096.75"
"3_60_0.75_100_16.csv","2004/1/2","2007/12/31","567757.125","2075067.25","1507310.125","0.961443645169","22","12214523.356","-10867504.606","1347018.75","-738096.75"
"3_60_0.75_100_18.csv","2004/1/2","2007/12/31","567757.125","2075067.25","1507310.125","0.961443645169","22","12214523.356","-10867504.606","1347018.75","-738096.75"
"3_60_0.75_100_20.csv","2004/1/2","2007/12/31","567757.125","2075067.25","1507310.125","0.961443645169","22","12214523.356","-10867504.606","1347018.75","-738096.75"
"3_60_0.75_100_6.csv","2004/1/2","2007/12/31","567757.125","2075067.25","1507310.125","0.961443645169","22","12214523.356","-10867504.606","1347018.75","-738096.75"
"3_60_0.75_100_8.csv","2004/1/2","2007/12/31","567757.125","2075067.25","1507310.125","0.961443645169","22","12214523.356","-10867504.606","1347018.75","-738096.75"
"2_20_1_150_6.csv","2004/1/2","2007/12/31","1545687.25","2673647.0","1127959.75","0.44308653783","21","14355260.185","-13491923.81","863336.375","-1372774.375"
"2_20_1_200_6.csv","2004/1/2","2007/12/31","1423832.0","3236056.0","1812224.0","0.747668980358","18","14167687.252","-12611322.377","1556364.875","-1323516.687"
"1_60_1.75_200_10.csv","2004/1/2","2007/12/31","768030.5","1371365.5","603335.0","0.341246941159","18","5550704.307","-5134591.745","416112.562","-744202.937"
"1_60_1.75_200_12.csv","2004/1/2","2007/12/31","768030.5","1371365.5","603335.0","0.341246941159","18","5550704.307","-5134591.745","416112.562","-744202.937"
"1_60_1.75_200_14.csv","2004/1/2","2007/12/31","768030.5","1371365.5","603335.0","0.341246941159","18","5550704.307","-5134591.745","416112.562","-744202.937"
"1_60_1.75_200_16.csv","2004/1/2","2007/12/31","768030.5","1371365.5","603335.0","0.341246941159","18","5550704.307","-5134591.745","416112.562","-744202.937"
"1_60_1.75_200_18.csv","2004/1/2","2007/12/31","768030.5","1371365.5","603335.0","0.341246941159","18","5550704.307","-5134591.745","416112.562","-744202.937"
"1_60_1.75_200_20.csv","2004/1/2","2007/12/31","768030.5","1371365.5","603335.0","0.341246941159","18","5550704.307","-5134591.745","416112.562","-744202.937"
"1_60_1.75_200_4.csv","2004/1/2","2007/12/31","768030.5","1371365.5","603335.0","0.341246941159","18","5550704.307","-5134591.745","416112.562","-744202.937"
"1_60_1.75_200_6.csv","2004/1/2","2007/12/31","768030.5","1371365.5","603335.0","0.341246941159","18","5550704.307","-5134591.745","416112.562","-744202.937"
"1_60_1.75_200_8.csv","2004/1/2","2007/12/31","768030.5","1371365.5","603335.0","0.341246941159","18","5550704.307","-5134591.745","416112.562","-744202.937"
"3_60_1.75_200_10.csv","2004/1/2","2007/12/31","768030.5","1371365.5","603335.0","0.341246941159","18","5550704.307","-5134591.745","416112.562","-744202.937"
"3_60_1.75_200_12.csv","2004/1/2","2007/12/31","768030.5","1371365.5","603335.0","0.341246941159","18","5550704.307","-5134591.745","416112.562","-744202.937"
"3_60_1.75_200_14.csv","2004/1/2","2007/12/31","768030.5","1371365.5","603335.0","0.341246941159","18","5550704.307","-5134591.745","416112.562","-744202.937"
"3_60_1.75_200_16.csv","2004/1/2","2007/12/31","768030.5","1371365.5","603335.0","0.341246941159","18","5550704.307","-5134591.745","416112.562","-744202.937"
"3_60_1.75_200_18.csv","2004/1/2","2007/12/31","768030.5","1371365.5","603335.0","0.341246941159","18","5550704.307","-5134591.745","416112.562","-744202.937"
"3_60_1.75_200_20.csv","2004/1/2","2007/12/31","768030.5","1371365.5","603335.0","0.341246941159","18","5550704.307","-5134591.745","416112.562","-744202.937"
"3_60_1.75_200_4.csv","2004/1/2","2007/12/31","768030.5","1371365.5","603335.0","0.341246941159","18","5550704.307","-5134591.745","416112.562","-744202.937"
"3_60_1.75_200_6.csv","2004/1/2","2007/12/31","768030.5","1371365.5","603335.0","0.341246941159","18","5550704.307","-5134591.745","416112.562","-744202.937"
"3_60_1.75_200_8.csv","2004/1/2","2007/12/31","768030.5","1371365.5","603335.0","0.341246941159","18","5550704.307","-5134591.745","416112.562","-744202.937"
"2_40_1.5_200_4.csv","2004/1/2","2007/12/31","423310.625","2731216.25","2307905.625","1.62150523186","9","8398468.583","-6242033.271","2156435.312","-660538.172"
"2_20_1_100_6.csv","2004/1/2","2007/12/31","3300227.75","5288629.5","1988401.75","0.462394520848","20","25330119.375","-23802752.875","1527366.5","-2572316.75"
"2_60_1.75_175_12.csv","2004/1/2","2007/12/31","-451822.813","-105863.75","345959.063","0.63110810009","6","4395117.136","-4108021.073","287096.063","-281482.281"
"2_40_1_225_6.csv","2004/1/2","2007/12/31","-278066.5","1091202.75","1369269.25","1.89666949934","9","6125157.159","-4834161.128","1290996.031","-344308.219"
"1_20_1.5_50_10.csv","2004/1/2","2007/12/31","2000376.0","1811157.75","-189218.25","-0.0630648458727","48","7660234.875","-8176321.625","-516086.75","-1107868.5"
"1_20_1.5_50_12.csv","2004/1/2","2007/12/31","2000376.0","1811157.75","-189218.25","-0.0630648458727","48","7660234.875","-8176321.625","-516086.75","-1107868.5"
"1_20_1.5_50_14.csv","2004/1/2","2007/12/31","2000376.0","1811157.75","-189218.25","-0.0630648458727","48","7660234.875","-8176321.625","-516086.75","-1107868.5"
"1_20_1.5_50_16.csv","2004/1/2","2007/12/31","2000376.0","1811157.75","-189218.25","-0.0630648458727","48","7660234.875","-8176321.625","-516086.75","-1107868.5"
"1_20_1.5_50_18.csv","2004/1/2","2007/12/31","2000376.0","1811157.75","-189218.25","-0.0630648458727","48","7660234.875","-8176321.625","-516086.75","-1107868.5"
"1_20_1.5_50_20.csv","2004/1/2","2007/12/31","2000376.0","1811157.75","-189218.25","-0.0630648458727","48","7660234.875","-8176321.625","-516086.75","-1107868.5"
"1_20_1.5_50_4.csv","2004/1/2","2007/12/31","2000376.0","1811157.75","-189218.25","-0.0630648458727","48","7660234.875","-8176321.625","-516086.75","-1107868.5"
"1_20_1.5_50_6.csv","2004/1/2","2007/12/31","2000376.0","1811157.75","-189218.25","-0.0630648458727","48","7660234.875","-8176321.625","-516086.75","-1107868.5"
"1_20_1.5_50_8.csv","2004/1/2","2007/12/31","2000376.0","1811157.75","-189218.25","-0.0630648458727","48","7660234.875","-8176321.625","-516086.75","-1107868.5"
"3_20_1.5_50_10.csv","2004/1/2","2007/12/31","2000376.0","1811157.75","-189218.25","-0.0630648458727","48","7660234.875","-8176321.625","-516086.75","-1107868.5"
"3_20_1.5_50_12.csv","2004/1/2","2007/12/31","2000376.0","1811157.75","-189218.25","-0.0630648458727","48","7660234.875","-8176321.625","-516086.75","-1107868.5"
"3_20_1.5_50_14.csv","2004/1/2","2007/12/31","2000376.0","1811157.75","-189218.25","-0.0630648458727","48","7660234.875","-8176321.625","-516086.75","-1107868.5"
"3_20_1.5_50_16.csv","2004/1/2","2007/12/31","2000376.0","1811157.75","-189218.25","-0.0630648458727","48","7660234.875","-8176321.625","-516086.75","-1107868.5"
"3_20_1.5_50_18.csv","2004/1/2","2007/12/31","2000376.0","1811157.75","-189218.25","-0.0630648458727","48","7660234.875","-8176321.625","-516086.75","-1107868.5"
"3_20_1.5_50_20.csv","2004/1/2","2007/12/31","2000376.0","1811157.75","-189218.25","-0.0630648458727","48","7660234.875","-8176321.625","-516086.75","-1107868.5"
"3_20_1.5_50_4.csv","2004/1/2","2007/12/31","2000376.0","1811157.75","-189218.25","-0.0630648458727","48","7660234.875","-8176321.625","-516086.75","-1107868.5"
"3_20_1.5_50_6.csv","2004/1/2","2007/12/31","2000376.0","1811157.75","-189218.25","-0.0630648458727","48","7660234.875","-8176321.625","-516086.75","-1107868.5"
"3_20_1.5_50_8.csv","2004/1/2","2007/12/31","2000376.0","1811157.75","-189218.25","-0.0630648458727","48","7660234.875","-8176321.625","-516086.75","-1107868.5"
"2_100_2_125_8.csv","2004/1/2","2007/12/31","-128047.891","542619.5","670667.391","0.769156223235","4","6081376.876","-5505799.345","575577.531","-600481.812"
"2_100_2_100_8.csv","2004/1/2","2007/12/31","21042.381","806383.5","785341.119","0.769156240342","4","7121198.416","-6447206.057","673992.359","-703154.969"
"2_100_2_50_8.csv","2004/1/2","2007/12/31","21042.381","806383.5","785341.119","0.769156240342","4","7121198.416","-6447206.057","673992.359","-703154.969"
"2_100_2_75_8.csv","2004/1/2","2007/12/31","21042.381","806383.5","785341.119","0.769156240342","4","7121198.416","-6447206.057","673992.359","-703154.969"
"2_100_2_175_8.csv","2004/1/2","2007/12/31","-282046.375","270172.125","552218.5","0.769156225097","4","5007323.797","-4533401.016","473922.781","-494428.657"
"2_100_2_200_8.csv","2004/1/2","2007/12/31","-374904.75","105891.156","480795.906","0.769156230191","4","4359689.282","-3947062.563","412626.719","-430480.5"
"2_100_2_225_8.csv","2004/1/2","2007/12/31","-252244.641","322896.094","575140.735","0.769156286314","4","5215174.816","-4721579.863","493594.953","-514952.094"
"2_100_2_150_8.csv","2004/1/2","2007/12/31","-256373.063","315592.313","571965.376","0.769156343781","4","5186381.424","-4695511.642","490869.782","-512109.063"
"2_20_1.25_50_6.csv","2004/1/2","2007/12/31","1755774.875","4185759.75","2429984.875","0.881779167466","22","19638657.625","-17510801.25","2127856.375","-1543167.0"
"1_80_1_125_10.csv","2004/1/2","2007/12/31","-151136.234","289542.156","440678.39","0.519139121789","26","5931005.178","-5584250.631","346754.547","-648412.391"
"1_80_1_125_12.csv","2004/1/2","2007/12/31","-151136.234","289542.156","440678.39","0.519139121789","26","5931005.178","-5584250.631","346754.547","-648412.391"
"1_80_1_125_14.csv","2004/1/2","2007/12/31","-151136.234","289542.156","440678.39","0.519139121789","26","5931005.178","-5584250.631","346754.547","-648412.391"
"1_80_1_125_16.csv","2004/1/2","2007/12/31","-151136.234","289542.156","440678.39","0.519139121789","26","5931005.178","-5584250.631","346754.547","-648412.391"
"1_80_1_125_18.csv","2004/1/2","2007/12/31","-151136.234","289542.156","440678.39","0.519139121789","26","5931005.178","-5584250.631","346754.547","-648412.391"
"1_80_1_125_20.csv","2004/1/2","2007/12/31","-151136.234","289542.156","440678.39","0.519139121789","26","5931005.178","-5584250.631","346754.547","-648412.391"
"1_80_1_125_4.csv","2004/1/2","2007/12/31","-151136.234","379332.5","530468.734","0.62491621771","26","6073997.26","-5637452.369","436544.891","-615025.547"
"1_80_1_125_6.csv","2004/1/2","2007/12/31","-151136.234","289542.156","440678.39","0.519139121789","26","5931005.178","-5584250.631","346754.547","-648412.391"
"1_80_1_125_8.csv","2004/1/2","2007/12/31","-151136.234","289542.156","440678.39","0.519139121789","26","5931005.178","-5584250.631","346754.547","-648412.391"
"3_80_1_125_10.csv","2004/1/2","2007/12/31","-151136.234","289542.156","440678.39","0.519139121789","26","5931005.178","-5584250.631","346754.547","-648412.391"
"3_80_1_125_12.csv","2004/1/2","2007/12/31","-151136.234","289542.156","440678.39","0.519139121789","26","5931005.178","-5584250.631","346754.547","-648412.391"
"3_80_1_125_14.csv","2004/1/2","2007/12/31","-151136.234","289542.156","440678.39","0.519139121789","26","5931005.178","-5584250.631","346754.547","-648412.391"
"3_80_1_125_16.csv","2004/1/2","2007/12/31","-151136.234","289542.156","440678.39","0.519139121789","26","5931005.178","-5584250.631","346754.547","-648412.391"
"3_80_1_125_18.csv","2004/1/2","2007/12/31","-151136.234","289542.156","440678.39","0.519139121789","26","5931005.178","-5584250.631","346754.547","-648412.391"
"3_80_1_125_20.csv","2004/1/2","2007/12/31","-151136.234","289542.156","440678.39","0.519139121789","26","5931005.178","-5584250.631","346754.547","-648412.391"
"3_80_1_125_4.csv","2004/1/2","2007/12/31","-151136.234","379332.5","530468.734","0.62491621771","26","6073997.26","-5637452.369","436544.891","-615025.547"
"3_80_1_125_6.csv","2004/1/2","2007/12/31","-151136.234","289542.156","440678.39","0.519139121789","26","5931005.178","-5584250.631","346754.547","-648412.391"
"3_80_1_125_8.csv","2004/1/2","2007/12/31","-151136.234","289542.156","440678.39","0.519139121789","26","5931005.178","-5584250.631","346754.547","-648412.391"
"1_80_1_100_10.csv","2004/1/2","2007/12/31","-158239.906","267533.656","425773.562","0.505813431921","27","5863075.231","-5530439.536","332635.695","-647157.148"
"1_80_1_100_12.csv","2004/1/2","2007/12/31","-158239.906","267533.656","425773.562","0.505813431921","27","5863075.231","-5530439.536","332635.695","-647157.148"
"1_80_1_100_14.csv","2004/1/2","2007/12/31","-158239.906","267533.656","425773.562","0.505813431921","27","5863075.231","-5530439.536","332635.695","-647157.148"
"1_80_1_100_16.csv","2004/1/2","2007/12/31","-158239.906","267533.656","425773.562","0.505813431921","27","5863075.231","-5530439.536","332635.695","-647157.148"
"1_80_1_100_18.csv","2004/1/2","2007/12/31","-158239.906","267533.656","425773.562","0.505813431921","27","5863075.231","-5530439.536","332635.695","-647157.148"
"1_80_1_100_20.csv","2004/1/2","2007/12/31","-158239.906","267533.656","425773.562","0.505813431921","27","5863075.231","-5530439.536","332635.695","-647157.148"
"1_80_1_100_4.csv","2004/1/2","2007/12/31","-158239.906","355791.563","514031.469","0.610662672968","27","6003627.012","-5582733.41","420893.602","-614340.086"
"1_80_1_100_6.csv","2004/1/2","2007/12/31","-158239.906","267533.656","425773.562","0.505813431921","27","5863075.231","-5530439.536","332635.695","-647157.148"
"1_80_1_100_8.csv","2004/1/2","2007/12/31","-158239.906","267533.656","425773.562","0.505813431921","27","5863075.231","-5530439.536","332635.695","-647157.148"
"1_80_1_50_10.csv","2004/1/2","2007/12/31","-158239.906","267533.656","425773.562","0.505813431921","27","5863075.231","-5530439.536","332635.695","-647157.148"
"1_80_1_50_12.csv","2004/1/2","2007/12/31","-158239.906","267533.656","425773.562","0.505813431921","27","5863075.231","-5530439.536","332635.695","-647157.148"
"1_80_1_50_14.csv","2004/1/2","2007/12/31","-158239.906","267533.656","425773.562","0.505813431921","27","5863075.231","-5530439.536","332635.695","-647157.148"
"1_80_1_50_16.csv","2004/1/2","2007/12/31","-158239.906","267533.656","425773.562","0.505813431921","27","5863075.231","-5530439.536","332635.695","-647157.148"
"1_80_1_50_18.csv","2004/1/2","2007/12/31","-158239.906","267533.656","425773.562","0.505813431921","27","5863075.231","-5530439.536","332635.695","-647157.148"
"1_80_1_50_20.csv","2004/1/2","2007/12/31","-158239.906","267533.656","425773.562","0.505813431921","27","5863075.231","-5530439.536","332635.695","-647157.148"
"1_80_1_50_4.csv","2004/1/2","2007/12/31","-158239.906","355791.563","514031.469","0.610662672968","27","6003627.012","-5582733.41","420893.602","-614340.086"
"1_80_1_50_6.csv","2004/1/2","2007/12/31","-158239.906","267533.656","425773.562","0.505813431921","27","5863075.231","-5530439.536","332635.695","-647157.148"
"1_80_1_50_8.csv","2004/1/2","2007/12/31","-158239.906","267533.656","425773.562","0.505813431921","27","5863075.231","-5530439.536","332635.695","-647157.148"
"1_80_1_75_10.csv","2004/1/2","2007/12/31","-158239.906","267533.656","425773.562","0.505813431921","27","5863075.231","-5530439.536","332635.695","-647157.148"
"1_80_1_75_12.csv","2004/1/2","2007/12/31","-158239.906","267533.656","425773.562","0.505813431921","27","5863075.231","-5530439.536","332635.695","-647157.148"
"1_80_1_75_14.csv","2004/1/2","2007/12/31","-158239.906","267533.656","425773.562","0.505813431921","27","5863075.231","-5530439.536","332635.695","-647157.148"
"1_80_1_75_16.csv","2004/1/2","2007/12/31","-158239.906","267533.656","425773.562","0.505813431921","27","5863075.231","-5530439.536","332635.695","-647157.148"
"1_80_1_75_18.csv","2004/1/2","2007/12/31","-158239.906","267533.656","425773.562","0.505813431921","27","5863075.231","-5530439.536","332635.695","-647157.148"
"1_80_1_75_20.csv","2004/1/2","2007/12/31","-158239.906","267533.656","425773.562","0.505813431921","27","5863075.231","-5530439.536","332635.695","-647157.148"
"1_80_1_75_4.csv","2004/1/2","2007/12/31","-158239.906","355791.563","514031.469","0.610662672968","27","6003627.012","-5582733.41","420893.602","-614340.086"
"1_80_1_75_6.csv","2004/1/2","2007/12/31","-158239.906","267533.656","425773.562","0.505813431921","27","5863075.231","-5530439.536","332635.695","-647157.148"
"1_80_1_75_8.csv","2004/1/2","2007/12/31","-158239.906","267533.656","425773.562","0.505813431921","27","5863075.231","-5530439.536","332635.695","-647157.148"
"3_80_1_100_10.csv","2004/1/2","2007/12/31","-158239.906","267533.656","425773.562","0.505813431921","27","5863075.231","-5530439.536","332635.695","-647157.148"
"3_80_1_100_12.csv","2004/1/2","2007/12/31","-158239.906","267533.656","425773.562","0.505813431921","27","5863075.231","-5530439.536","332635.695","-647157.148"
"3_80_1_100_14.csv","2004/1/2","2007/12/31","-158239.906","267533.656","425773.562","0.505813431921","27","5863075.231","-5530439.536","332635.695","-647157.148"
"3_80_1_100_16.csv","2004/1/2","2007/12/31","-158239.906","267533.656","425773.562","0.505813431921","27","5863075.231","-5530439.536","332635.695","-647157.148"
"3_80_1_100_18.csv","2004/1/2","2007/12/31","-158239.906","267533.656","425773.562","0.505813431921","27","5863075.231","-5530439.536","332635.695","-647157.148"
"3_80_1_100_20.csv","2004/1/2","2007/12/31","-158239.906","267533.656","425773.562","0.505813431921","27","5863075.231","-5530439.536","332635.695","-647157.148"
"3_80_1_100_4.csv","2004/1/2","2007/12/31","-158239.906","355791.563","514031.469","0.610662672968","27","6003627.012","-5582733.41","420893.602","-614340.086"
"3_80_1_100_6.csv","2004/1/2","2007/12/31","-158239.906","267533.656","425773.562","0.505813431921","27","5863075.231","-5530439.536","332635.695","-647157.148"
"3_80_1_100_8.csv","2004/1/2","2007/12/31","-158239.906","267533.656","425773.562","0.505813431921","27","5863075.231","-5530439.536","332635.695","-647157.148"
"3_80_1_50_10.csv","2004/1/2","2007/12/31","-158239.906","267533.656","425773.562","0.505813431921","27","5863075.231","-5530439.536","332635.695","-647157.148"
"3_80_1_50_12.csv","2004/1/2","2007/12/31","-158239.906","267533.656","425773.562","0.505813431921","27","5863075.231","-5530439.536","332635.695","-647157.148"
"3_80_1_50_14.csv","2004/1/2","2007/12/31","-158239.906","267533.656","425773.562","0.505813431921","27","5863075.231","-5530439.536","332635.695","-647157.148"
"3_80_1_50_16.csv","2004/1/2","2007/12/31","-158239.906","267533.656","425773.562","0.505813431921","27","5863075.231","-5530439.536","332635.695","-647157.148"
"3_80_1_50_18.csv","2004/1/2","2007/12/31","-158239.906","267533.656","425773.562","0.505813431921","27","5863075.231","-5530439.536","332635.695","-647157.148"
"3_80_1_50_20.csv","2004/1/2","2007/12/31","-158239.906","267533.656","425773.562","0.505813431921","27","5863075.231","-5530439.536","332635.695","-647157.148"
"3_80_1_50_4.csv","2004/1/2","2007/12/31","-158239.906","355791.563","514031.469","0.610662672968","27","6003627.012","-5582733.41","420893.602","-614340.086"
"3_80_1_50_6.csv","2004/1/2","2007/12/31","-158239.906","267533.656","425773.562","0.505813431921","27","5863075.231","-5530439.536","332635.695","-647157.148"
"3_80_1_50_8.csv","2004/1/2","2007/12/31","-158239.906","267533.656","425773.562","0.505813431921","27","5863075.231","-5530439.536","332635.695","-647157.148"
"3_80_1_75_10.csv","2004/1/2","2007/12/31","-158239.906","267533.656","425773.562","0.505813431921","27","5863075.231","-5530439.536","332635.695","-647157.148"
"3_80_1_75_12.csv","2004/1/2","2007/12/31","-158239.906","267533.656","425773.562","0.505813431921","27","5863075.231","-5530439.536","332635.695","-647157.148"
"3_80_1_75_14.csv","2004/1/2","2007/12/31","-158239.906","267533.656","425773.562","0.505813431921","27","5863075.231","-5530439.536","332635.695","-647157.148"
"3_80_1_75_16.csv","2004/1/2","2007/12/31","-158239.906","267533.656","425773.562","0.505813431921","27","5863075.231","-5530439.536","332635.695","-647157.148"
"3_80_1_75_18.csv","2004/1/2","2007/12/31","-158239.906","267533.656","425773.562","0.505813431921","27","5863075.231","-5530439.536","332635.695","-647157.148"
"3_80_1_75_20.csv","2004/1/2","2007/12/31","-158239.906","267533.656","425773.562","0.505813431921","27","5863075.231","-5530439.536","332635.695","-647157.148"
"3_80_1_75_4.csv","2004/1/2","2007/12/31","-158239.906","355791.563","514031.469","0.610662672968","27","6003627.012","-5582733.41","420893.602","-614340.086"
"3_80_1_75_6.csv","2004/1/2","2007/12/31","-158239.906","267533.656","425773.562","0.505813431921","27","5863075.231","-5530439.536","332635.695","-647157.148"
"3_80_1_75_8.csv","2004/1/2","2007/12/31","-158239.906","267533.656","425773.562","0.505813431921","27","5863075.231","-5530439.536","332635.695","-647157.148"
"2_120_2_100_10.csv","2004/1/2","2007/12/31","-315579.031","142105.875","457684.906","0.66871841561","4","4858008.263","-4476242.669","381765.594","-434777.531"
"2_120_2_125_10.csv","2004/1/2","2007/12/31","-315579.031","142105.875","457684.906","0.66871841561","4","4858008.263","-4476242.669","381765.594","-434777.531"
"2_120_2_150_10.csv","2004/1/2","2007/12/31","-315579.031","142105.875","457684.906","0.66871841561","4","4858008.263","-4476242.669","381765.594","-434777.531"
"2_120_2_225_10.csv","2004/1/2","2007/12/31","-315579.031","142105.875","457684.906","0.66871841561","4","4858008.263","-4476242.669","381765.594","-434777.531"
"2_120_2_50_10.csv","2004/1/2","2007/12/31","-315579.031","142105.875","457684.906","0.66871841561","4","4858008.263","-4476242.669","381765.594","-434777.531"
"2_120_2_75_10.csv","2004/1/2","2007/12/31","-315579.031","142105.875","457684.906","0.66871841561","4","4858008.263","-4476242.669","381765.594","-434777.531"
"2_120_2_175_10.csv","2004/1/2","2007/12/31","-427849.938","-45242.688","382607.25","0.668718358017","4","4061110.599","-3741969.037","319141.562","-363457.594"
"2_120_2_200_10.csv","2004/1/2","2007/12/31","-427849.938","-45242.688","382607.25","0.668718358017","4","4061110.599","-3741969.037","319141.562","-363457.594"
"2_80_1.5_225_6.csv","2004/1/2","2007/12/31","-225038.797","437797.594","662836.391","0.85531558023","6","5453948.383","-4877132.351","576816.032","-422237.281"
"2_80_1.5_200_6.csv","2004/1/2","2007/12/31","-349151.25","207529.953","556681.203","0.855315774978","6","4580482.579","-4096045.376","484437.203","-354614.672"
"2_60_1.25_225_10.csv","2004/1/2","2007/12/31","77184.164","1649803.5","1572619.336","1.4599354396","5","9752088.352","-8299598.446","1452489.906","-431555.0"
"2_60_1.25_225_12.csv","2004/1/2","2007/12/31","77184.164","1413410.0","1336225.836","1.24048039384","5","9934880.727","-8718784.321","1216096.406","-619845.125"
"2_60_1.25_200_10.csv","2004/1/2","2007/12/31","-130276.695","973870.063","1104146.758","1.26953796875","5","7383713.715","-6376559.996","1007153.719","-321470.437"
"2_60_1.25_200_12.csv","2004/1/2","2007/12/31","-130276.695","797777.75","928054.445","1.06706861787","5","7519877.964","-6688816.558","831061.406","-461730.0"
"1_20_0.75_125_10.csv","2004/1/2","2007/12/31","-20045.506","602854.188","622899.694","0.635641448469","31","5066187.268","-4552656.736","513530.532","-332640.821"
"1_20_0.75_125_12.csv","2004/1/2","2007/12/31","-20045.506","602854.188","622899.694","0.635641448469","31","5066187.268","-4552656.736","513530.532","-332640.821"
"1_20_0.75_125_14.csv","2004/1/2","2007/12/31","-20045.506","602854.188","622899.694","0.635641448469","31","5066187.268","-4552656.736","513530.532","-332640.821"
"1_20_0.75_125_16.csv","2004/1/2","2007/12/31","-20045.506","602854.188","622899.694","0.635641448469","31","5066187.268","-4552656.736","513530.532","-332640.821"
"1_20_0.75_125_18.csv","2004/1/2","2007/12/31","-20045.506","602854.188","622899.694","0.635641448469","31","5066187.268","-4552656.736","513530.532","-332640.821"
"1_20_0.75_125_20.csv","2004/1/2","2007/12/31","-20045.506","602854.188","622899.694","0.635641448469","31","5066187.268","-4552656.736","513530.532","-332640.821"
"1_20_0.75_125_4.csv","2004/1/2","2007/12/31","-20045.506","602854.188","622899.694","0.635641448469","31","5066187.268","-4552656.736","513530.532","-332640.821"
"1_20_0.75_125_6.csv","2004/1/2","2007/12/31","-20045.506","602854.188","622899.694","0.635641448469","31","5066187.268","-4552656.736","513530.532","-332640.821"
"1_20_0.75_125_8.csv","2004/1/2","2007/12/31","-20045.506","602854.188","622899.694","0.635641448469","31","5066187.268","-4552656.736","513530.532","-332640.821"
"3_20_0.75_125_10.csv","2004/1/2","2007/12/31","-20045.506","602854.188","622899.694","0.635641448469","31","5066187.268","-4552656.736","513530.532","-332640.821"
"3_20_0.75_125_12.csv","2004/1/2","2007/12/31","-20045.506","602854.188","622899.694","0.635641448469","31","5066187.268","-4552656.736","513530.532","-332640.821"
"3_20_0.75_125_14.csv","2004/1/2","2007/12/31","-20045.506","602854.188","622899.694","0.635641448469","31","5066187.268","-4552656.736","513530.532","-332640.821"
"3_20_0.75_125_16.csv","2004/1/2","2007/12/31","-20045.506","602854.188","622899.694","0.635641448469","31","5066187.268","-4552656.736","513530.532","-332640.821"
"3_20_0.75_125_18.csv","2004/1/2","2007/12/31","-20045.506","602854.188","622899.694","0.635641448469","31","5066187.268","-4552656.736","513530.532","-332640.821"
"3_20_0.75_125_20.csv","2004/1/2","2007/12/31","-20045.506","602854.188","622899.694","0.635641448469","31","5066187.268","-4552656.736","513530.532","-332640.821"
"3_20_0.75_125_4.csv","2004/1/2","2007/12/31","-20045.506","602854.188","622899.694","0.635641448469","31","5066187.268","-4552656.736","513530.532","-332640.821"
"3_20_0.75_125_6.csv","2004/1/2","2007/12/31","-20045.506","602854.188","622899.694","0.635641448469","31","5066187.268","-4552656.736","513530.532","-332640.821"
"3_20_0.75_125_8.csv","2004/1/2","2007/12/31","-20045.506","602854.188","622899.694","0.635641448469","31","5066187.268","-4552656.736","513530.532","-332640.821"
"1_40_1.75_125_10.csv","2004/1/2","2007/12/31","675175.375","616130.813","-59044.562","-0.0352467943841","22","3804976.345","-4051642.72","-246666.375","-643152.844"
"1_40_1.75_125_12.csv","2004/1/2","2007/12/31","675175.375","616130.813","-59044.562","-0.0352467943841","22","3804976.345","-4051642.72","-246666.375","-643152.844"
"1_40_1.75_125_14.csv","2004/1/2","2007/12/31","675175.375","616130.813","-59044.562","-0.0352467943841","22","3804976.345","-4051642.72","-246666.375","-643152.844"
"1_40_1.75_125_16.csv","2004/1/2","2007/12/31","675175.375","616130.813","-59044.562","-0.0352467943841","22","3804976.345","-4051642.72","-246666.375","-643152.844"
"1_40_1.75_125_18.csv","2004/1/2","2007/12/31","675175.375","616130.813","-59044.562","-0.0352467943841","22","3804976.345","-4051642.72","-246666.375","-643152.844"
"1_40_1.75_125_20.csv","2004/1/2","2007/12/31","675175.375","616130.813","-59044.562","-0.0352467943841","22","3804976.345","-4051642.72","-246666.375","-643152.844"
"1_40_1.75_125_4.csv","2004/1/2","2007/12/31","675175.375","616130.813","-59044.562","-0.0352467943841","22","3804976.345","-4051642.72","-246666.375","-643152.844"
"1_40_1.75_125_6.csv","2004/1/2","2007/12/31","675175.375","616130.813","-59044.562","-0.0352467943841","22","3804976.345","-4051642.72","-246666.375","-643152.844"
"1_40_1.75_125_8.csv","2004/1/2","2007/12/31","675175.375","616130.813","-59044.562","-0.0352467943841","22","3804976.345","-4051642.72","-246666.375","-643152.844"
"3_40_1.75_125_10.csv","2004/1/2","2007/12/31","675175.375","616130.813","-59044.562","-0.0352467943841","22","3804976.345","-4051642.72","-246666.375","-643152.844"
"3_40_1.75_125_12.csv","2004/1/2","2007/12/31","675175.375","616130.813","-59044.562","-0.0352467943841","22","3804976.345","-4051642.72","-246666.375","-643152.844"
"3_40_1.75_125_14.csv","2004/1/2","2007/12/31","675175.375","616130.813","-59044.562","-0.0352467943841","22","3804976.345","-4051642.72","-246666.375","-643152.844"
"3_40_1.75_125_16.csv","2004/1/2","2007/12/31","675175.375","616130.813","-59044.562","-0.0352467943841","22","3804976.345","-4051642.72","-246666.375","-643152.844"
"3_40_1.75_125_18.csv","2004/1/2","2007/12/31","675175.375","616130.813","-59044.562","-0.0352467943841","22","3804976.345","-4051642.72","-246666.375","-643152.844"
"3_40_1.75_125_20.csv","2004/1/2","2007/12/31","675175.375","616130.813","-59044.562","-0.0352467943841","22","3804976.345","-4051642.72","-246666.375","-643152.844"
"3_40_1.75_125_4.csv","2004/1/2","2007/12/31","675175.375","616130.813","-59044.562","-0.0352467943841","22","3804976.345","-4051642.72","-246666.375","-643152.844"
"3_40_1.75_125_6.csv","2004/1/2","2007/12/31","675175.375","616130.813","-59044.562","-0.0352467943841","22","3804976.345","-4051642.72","-246666.375","-643152.844"
"3_40_1.75_125_8.csv","2004/1/2","2007/12/31","675175.375","616130.813","-59044.562","-0.0352467943841","22","3804976.345","-4051642.72","-246666.375","-643152.844"
"1_40_1.75_100_10.csv","2004/1/2","2007/12/31","714595.188","654161.25","-60433.938","-0.0352467675303","22","3894514.784","-4146985.784","-252471.0","-658287.594"
"1_40_1.75_100_12.csv","2004/1/2","2007/12/31","714595.188","654161.25","-60433.938","-0.0352467675303","22","3894514.784","-4146985.784","-252471.0","-658287.594"
"1_40_1.75_100_14.csv","2004/1/2","2007/12/31","714595.188","654161.25","-60433.938","-0.0352467675303","22","3894514.784","-4146985.784","-252471.0","-658287.594"
"1_40_1.75_100_16.csv","2004/1/2","2007/12/31","714595.188","654161.25","-60433.938","-0.0352467675303","22","3894514.784","-4146985.784","-252471.0","-658287.594"
"1_40_1.75_100_18.csv","2004/1/2","2007/12/31","714595.188","654161.25","-60433.938","-0.0352467675303","22","3894514.784","-4146985.784","-252471.0","-658287.594"
"1_40_1.75_100_20.csv","2004/1/2","2007/12/31","714595.188","654161.25","-60433.938","-0.0352467675303","22","3894514.784","-4146985.784","-252471.0","-658287.594"
"1_40_1.75_100_4.csv","2004/1/2","2007/12/31","714595.188","654161.25","-60433.938","-0.0352467675303","22","3894514.784","-4146985.784","-252471.0","-658287.594"
"1_40_1.75_100_6.csv","2004/1/2","2007/12/31","714595.188","654161.25","-60433.938","-0.0352467675303","22","3894514.784","-4146985.784","-252471.0","-658287.594"
"1_40_1.75_100_8.csv","2004/1/2","2007/12/31","714595.188","654161.25","-60433.938","-0.0352467675303","22","3894514.784","-4146985.784","-252471.0","-658287.594"
"3_40_1.75_100_10.csv","2004/1/2","2007/12/31","714595.188","654161.25","-60433.938","-0.0352467675303","22","3894514.784","-4146985.784","-252471.0","-658287.594"
"3_40_1.75_100_12.csv","2004/1/2","2007/12/31","714595.188","654161.25","-60433.938","-0.0352467675303","22","3894514.784","-4146985.784","-252471.0","-658287.594"
"3_40_1.75_100_14.csv","2004/1/2","2007/12/31","714595.188","654161.25","-60433.938","-0.0352467675303","22","3894514.784","-4146985.784","-252471.0","-658287.594"
"3_40_1.75_100_16.csv","2004/1/2","2007/12/31","714595.188","654161.25","-60433.938","-0.0352467675303","22","3894514.784","-4146985.784","-252471.0","-658287.594"
"3_40_1.75_100_18.csv","2004/1/2","2007/12/31","714595.188","654161.25","-60433.938","-0.0352467675303","22","3894514.784","-4146985.784","-252471.0","-658287.594"
"3_40_1.75_100_20.csv","2004/1/2","2007/12/31","714595.188","654161.25","-60433.938","-0.0352467675303","22","3894514.784","-4146985.784","-252471.0","-658287.594"
"3_40_1.75_100_4.csv","2004/1/2","2007/12/31","714595.188","654161.25","-60433.938","-0.0352467675303","22","3894514.784","-4146985.784","-252471.0","-658287.594"
"3_40_1.75_100_6.csv","2004/1/2","2007/12/31","714595.188","654161.25","-60433.938","-0.0352467675303","22","3894514.784","-4146985.784","-252471.0","-658287.594"
"3_40_1.75_100_8.csv","2004/1/2","2007/12/31","714595.188","654161.25","-60433.938","-0.0352467675303","22","3894514.784","-4146985.784","-252471.0","-658287.594"
"1_40_1.75_50_10.csv","2004/1/2","2007/12/31","1017332.188","1029988.438","12656.25","0.00627375604042","28","4958752.746","-5172040.558","-213287.812","-711306.375"
"1_40_1.75_50_12.csv","2004/1/2","2007/12/31","1017332.188","1029988.438","12656.25","0.00627375604042","28","4958752.746","-5172040.558","-213287.812","-711306.375"
"1_40_1.75_50_14.csv","2004/1/2","2007/12/31","1017332.188","1029988.438","12656.25","0.00627375604042","28","4958752.746","-5172040.558","-213287.812","-711306.375"
"1_40_1.75_50_16.csv","2004/1/2","2007/12/31","1017332.188","1029988.438","12656.25","0.00627375604042","28","4958752.746","-5172040.558","-213287.812","-711306.375"
"1_40_1.75_50_18.csv","2004/1/2","2007/12/31","1017332.188","1029988.438","12656.25","0.00627375604042","28","4958752.746","-5172040.558","-213287.812","-711306.375"
"1_40_1.75_50_20.csv","2004/1/2","2007/12/31","1017332.188","1029988.438","12656.25","0.00627375604042","28","4958752.746","-5172040.558","-213287.812","-711306.375"
"1_40_1.75_50_4.csv","2004/1/2","2007/12/31","1017332.188","1029988.438","12656.25","0.00627375604042","28","4958752.746","-5172040.558","-213287.812","-711306.375"
"1_40_1.75_50_6.csv","2004/1/2","2007/12/31","1017332.188","1029988.438","12656.25","0.00627375604042","28","4958752.746","-5172040.558","-213287.812","-711306.375"
"1_40_1.75_50_8.csv","2004/1/2","2007/12/31","1017332.188","1029988.438","12656.25","0.00627375604042","28","4958752.746","-5172040.558","-213287.812","-711306.375"
"3_40_1.75_50_10.csv","2004/1/2","2007/12/31","1017332.188","1029988.438","12656.25","0.00627375604042","28","4958752.746","-5172040.558","-213287.812","-711306.375"
"3_40_1.75_50_12.csv","2004/1/2","2007/12/31","1017332.188","1029988.438","12656.25","0.00627375604042","28","4958752.746","-5172040.558","-213287.812","-711306.375"
"3_40_1.75_50_14.csv","2004/1/2","2007/12/31","1017332.188","1029988.438","12656.25","0.00627375604042","28","4958752.746","-5172040.558","-213287.812","-711306.375"
"3_40_1.75_50_16.csv","2004/1/2","2007/12/31","1017332.188","1029988.438","12656.25","0.00627375604042","28","4958752.746","-5172040.558","-213287.812","-711306.375"
"3_40_1.75_50_18.csv","2004/1/2","2007/12/31","1017332.188","1029988.438","12656.25","0.00627375604042","28","4958752.746","-5172040.558","-213287.812","-711306.375"
"3_40_1.75_50_20.csv","2004/1/2","2007/12/31","1017332.188","1029988.438","12656.25","0.00627375604042","28","4958752.746","-5172040.558","-213287.812","-711306.375"
"3_40_1.75_50_4.csv","2004/1/2","2007/12/31","1017332.188","1029988.438","12656.25","0.00627375604042","28","4958752.746","-5172040.558","-213287.812","-711306.375"
"3_40_1.75_50_6.csv","2004/1/2","2007/12/31","1017332.188","1029988.438","12656.25","0.00627375604042","28","4958752.746","-5172040.558","-213287.812","-711306.375"
"3_40_1.75_50_8.csv","2004/1/2","2007/12/31","1017332.188","1029988.438","12656.25","0.00627375604042","28","4958752.746","-5172040.558","-213287.812","-711306.375"
"1_40_1.75_75_10.csv","2004/1/2","2007/12/31","1113335.125","1191240.0","77904.875","0.036863474268","25","5216507.183","-5375299.308","-158792.125","-696370.562"
"1_40_1.75_75_12.csv","2004/1/2","2007/12/31","1113335.125","1191240.0","77904.875","0.036863474268","25","5216507.183","-5375299.308","-158792.125","-696370.562"
"1_40_1.75_75_14.csv","2004/1/2","2007/12/31","1113335.125","1191240.0","77904.875","0.036863474268","25","5216507.183","-5375299.308","-158792.125","-696370.562"
"1_40_1.75_75_16.csv","2004/1/2","2007/12/31","1113335.125","1191240.0","77904.875","0.036863474268","25","5216507.183","-5375299.308","-158792.125","-696370.562"
"1_40_1.75_75_18.csv","2004/1/2","2007/12/31","1113335.125","1191240.0","77904.875","0.036863474268","25","5216507.183","-5375299.308","-158792.125","-696370.562"
"1_40_1.75_75_20.csv","2004/1/2","2007/12/31","1113335.125","1191240.0","77904.875","0.036863474268","25","5216507.183","-5375299.308","-158792.125","-696370.562"
"1_40_1.75_75_4.csv","2004/1/2","2007/12/31","1113335.125","1191240.0","77904.875","0.036863474268","25","5216507.183","-5375299.308","-158792.125","-696370.562"
"1_40_1.75_75_6.csv","2004/1/2","2007/12/31","1113335.125","1191240.0","77904.875","0.036863474268","25","5216507.183","-5375299.308","-158792.125","-696370.562"
"1_40_1.75_75_8.csv","2004/1/2","2007/12/31","1113335.125","1191240.0","77904.875","0.036863474268","25","5216507.183","-5375299.308","-158792.125","-696370.562"
"3_40_1.75_75_10.csv","2004/1/2","2007/12/31","1113335.125","1191240.0","77904.875","0.036863474268","25","5216507.183","-5375299.308","-158792.125","-696370.562"
"3_40_1.75_75_12.csv","2004/1/2","2007/12/31","1113335.125","1191240.0","77904.875","0.036863474268","25","5216507.183","-5375299.308","-158792.125","-696370.562"
"3_40_1.75_75_14.csv","2004/1/2","2007/12/31","1113335.125","1191240.0","77904.875","0.036863474268","25","5216507.183","-5375299.308","-158792.125","-696370.562"
"3_40_1.75_75_16.csv","2004/1/2","2007/12/31","1113335.125","1191240.0","77904.875","0.036863474268","25","5216507.183","-5375299.308","-158792.125","-696370.562"
"3_40_1.75_75_18.csv","2004/1/2","2007/12/31","1113335.125","1191240.0","77904.875","0.036863474268","25","5216507.183","-5375299.308","-158792.125","-696370.562"
"3_40_1.75_75_20.csv","2004/1/2","2007/12/31","1113335.125","1191240.0","77904.875","0.036863474268","25","5216507.183","-5375299.308","-158792.125","-696370.562"
"3_40_1.75_75_4.csv","2004/1/2","2007/12/31","1113335.125","1191240.0","77904.875","0.036863474268","25","5216507.183","-5375299.308","-158792.125","-696370.562"
"3_40_1.75_75_6.csv","2004/1/2","2007/12/31","1113335.125","1191240.0","77904.875","0.036863474268","25","5216507.183","-5375299.308","-158792.125","-696370.562"
"3_40_1.75_75_8.csv","2004/1/2","2007/12/31","1113335.125","1191240.0","77904.875","0.036863474268","25","5216507.183","-5375299.308","-158792.125","-696370.562"
"1_20_0.75_175_10.csv","2004/1/2","2007/12/31","673303.813","1739783.0","1066479.187","0.637349403446","32","8173630.844","-7295252.969","878377.875","-567984.594"
"1_20_0.75_175_12.csv","2004/1/2","2007/12/31","673303.813","1739783.0","1066479.187","0.637349403446","32","8173630.844","-7295252.969","878377.875","-567984.594"
"1_20_0.75_175_14.csv","2004/1/2","2007/12/31","673303.813","1739783.0","1066479.187","0.637349403446","32","8173630.844","-7295252.969","878377.875","-567984.594"
"1_20_0.75_175_16.csv","2004/1/2","2007/12/31","673303.813","1739783.0","1066479.187","0.637349403446","32","8173630.844","-7295252.969","878377.875","-567984.594"
"1_20_0.75_175_18.csv","2004/1/2","2007/12/31","673303.813","1739783.0","1066479.187","0.637349403446","32","8173630.844","-7295252.969","878377.875","-567984.594"
"1_20_0.75_175_20.csv","2004/1/2","2007/12/31","673303.813","1739783.0","1066479.187","0.637349403446","32","8173630.844","-7295252.969","878377.875","-567984.594"
"1_20_0.75_175_4.csv","2004/1/2","2007/12/31","673303.813","1739783.0","1066479.187","0.637349403446","32","8173630.844","-7295252.969","878377.875","-567984.594"
"1_20_0.75_175_6.csv","2004/1/2","2007/12/31","673303.813","1739783.0","1066479.187","0.637349403446","32","8173630.844","-7295252.969","878377.875","-567984.594"
"1_20_0.75_175_8.csv","2004/1/2","2007/12/31","673303.813","1739783.0","1066479.187","0.637349403446","32","8173630.844","-7295252.969","878377.875","-567984.594"
"3_20_0.75_175_10.csv","2004/1/2","2007/12/31","673303.813","1739783.0","1066479.187","0.637349403446","32","8173630.844","-7295252.969","878377.875","-567984.594"
"3_20_0.75_175_12.csv","2004/1/2","2007/12/31","673303.813","1739783.0","1066479.187","0.637349403446","32","8173630.844","-7295252.969","878377.875","-567984.594"
"3_20_0.75_175_14.csv","2004/1/2","2007/12/31","673303.813","1739783.0","1066479.187","0.637349403446","32","8173630.844","-7295252.969","878377.875","-567984.594"
"3_20_0.75_175_16.csv","2004/1/2","2007/12/31","673303.813","1739783.0","1066479.187","0.637349403446","32","8173630.844","-7295252.969","878377.875","-567984.594"
"3_20_0.75_175_18.csv","2004/1/2","2007/12/31","673303.813","1739783.0","1066479.187","0.637349403446","32","8173630.844","-7295252.969","878377.875","-567984.594"
"3_20_0.75_175_20.csv","2004/1/2","2007/12/31","673303.813","1739783.0","1066479.187","0.637349403446","32","8173630.844","-7295252.969","878377.875","-567984.594"
"3_20_0.75_175_4.csv","2004/1/2","2007/12/31","673303.813","1739783.0","1066479.187","0.637349403446","32","8173630.844","-7295252.969","878377.875","-567984.594"
"3_20_0.75_175_6.csv","2004/1/2","2007/12/31","673303.813","1739783.0","1066479.187","0.637349403446","32","8173630.844","-7295252.969","878377.875","-567984.594"
"3_20_0.75_175_8.csv","2004/1/2","2007/12/31","673303.813","1739783.0","1066479.187","0.637349403446","32","8173630.844","-7295252.969","878377.875","-567984.594"
"2_20_0.75_125_10.csv","2004/1/2","2007/12/31","44092.938","772323.75","728230.812","0.697477001803","22","6723123.05","-6115028.644","608094.406","-410546.75"
"2_20_0.75_125_12.csv","2004/1/2","2007/12/31","44092.938","772323.75","728230.812","0.697477001803","22","6723123.05","-6115028.644","608094.406","-410546.75"
"2_20_0.75_125_14.csv","2004/1/2","2007/12/31","44092.938","772323.75","728230.812","0.697477001803","22","6723123.05","-6115028.644","608094.406","-410546.75"
"2_20_0.75_125_16.csv","2004/1/2","2007/12/31","44092.938","772323.75","728230.812","0.697477001803","22","6723123.05","-6115028.644","608094.406","-410546.75"
"2_20_0.75_125_18.csv","2004/1/2","2007/12/31","44092.938","772323.75","728230.812","0.697477001803","22","6723123.05","-6115028.644","608094.406","-410546.75"
"2_20_0.75_125_20.csv","2004/1/2","2007/12/31","44092.938","772323.75","728230.812","0.697477001803","22","6723123.05","-6115028.644","608094.406","-410546.75"
"2_20_0.75_125_6.csv","2004/1/2","2007/12/31","44092.938","772323.75","728230.812","0.697477001803","22","6723123.05","-6115028.644","608094.406","-410546.75"
"2_20_0.75_125_8.csv","2004/1/2","2007/12/31","44092.938","772323.75","728230.812","0.697477001803","22","6723123.05","-6115028.644","608094.406","-410546.75"
"2_40_0.75_125_4.csv","2004/1/2","2007/12/31","-247907.344","546330.875","794238.219","1.05603772709","14","5869854.458","-5162276.442","707578.016","-385137.172"
"2_60_1.75_225_12.csv","2004/1/2","2007/12/31","-297520.188","483579.0","781099.188","1.11191691869","4","5916226.469","-5216703.235","699523.234","-381033.25"
"2_60_1.75_200_4.csv","2004/1/2","2007/12/31","-148287.172","797137.0","945424.172","1.11002692565","8","4982573.658","-4136093.627","846480.031","-318981.352"
"1_40_2_150_10.csv","2004/1/2","2007/12/31","470121.25","249659.703","-220461.547","-0.149961472226","24","2320856.611","-2717924.846","-397068.235","-471243.532"
"1_40_2_150_12.csv","2004/1/2","2007/12/31","470121.25","249659.703","-220461.547","-0.149961472226","24","2320856.611","-2717924.846","-397068.235","-471243.532"
"1_40_2_150_14.csv","2004/1/2","2007/12/31","470121.25","249659.703","-220461.547","-0.149961472226","24","2320856.611","-2717924.846","-397068.235","-471243.532"
"1_40_2_150_16.csv","2004/1/2","2007/12/31","470121.25","249659.703","-220461.547","-0.149961472226","24","2320856.611","-2717924.846","-397068.235","-471243.532"
"1_40_2_150_18.csv","2004/1/2","2007/12/31","470121.25","249659.703","-220461.547","-0.149961472226","24","2320856.611","-2717924.846","-397068.235","-471243.532"
"1_40_2_150_20.csv","2004/1/2","2007/12/31","470121.25","249659.703","-220461.547","-0.149961472226","24","2320856.611","-2717924.846","-397068.235","-471243.532"
"1_40_2_150_4.csv","2004/1/2","2007/12/31","470121.25","249659.703","-220461.547","-0.149961472226","24","2320856.611","-2717924.846","-397068.235","-471243.532"
"1_40_2_150_6.csv","2004/1/2","2007/12/31","470121.25","249659.703","-220461.547","-0.149961472226","24","2320856.611","-2717924.846","-397068.235","-471243.532"
"1_40_2_150_8.csv","2004/1/2","2007/12/31","470121.25","249659.703","-220461.547","-0.149961472226","24","2320856.611","-2717924.846","-397068.235","-471243.532"
"3_40_2_150_10.csv","2004/1/2","2007/12/31","470121.25","249659.703","-220461.547","-0.149961472226","24","2320856.611","-2717924.846","-397068.235","-471243.532"
"3_40_2_150_12.csv","2004/1/2","2007/12/31","470121.25","249659.703","-220461.547","-0.149961472226","24","2320856.611","-2717924.846","-397068.235","-471243.532"
"3_40_2_150_14.csv","2004/1/2","2007/12/31","470121.25","249659.703","-220461.547","-0.149961472226","24","2320856.611","-2717924.846","-397068.235","-471243.532"
"3_40_2_150_16.csv","2004/1/2","2007/12/31","470121.25","249659.703","-220461.547","-0.149961472226","24","2320856.611","-2717924.846","-397068.235","-471243.532"
"3_40_2_150_18.csv","2004/1/2","2007/12/31","470121.25","249659.703","-220461.547","-0.149961472226","24","2320856.611","-2717924.846","-397068.235","-471243.532"
"3_40_2_150_20.csv","2004/1/2","2007/12/31","470121.25","249659.703","-220461.547","-0.149961472226","24","2320856.611","-2717924.846","-397068.235","-471243.532"
"3_40_2_150_4.csv","2004/1/2","2007/12/31","470121.25","249659.703","-220461.547","-0.149961472226","24","2320856.611","-2717924.846","-397068.235","-471243.532"
"3_40_2_150_6.csv","2004/1/2","2007/12/31","470121.25","249659.703","-220461.547","-0.149961472226","24","2320856.611","-2717924.846","-397068.235","-471243.532"
"3_40_2_150_8.csv","2004/1/2","2007/12/31","470121.25","249659.703","-220461.547","-0.149961472226","24","2320856.611","-2717924.846","-397068.235","-471243.532"
"1_40_2_200_10.csv","2004/1/2","2007/12/31","281019.438","91608.547","-189410.891","-0.147859497976","20","1821654.451","-2164955.154","-343300.703","-408055.199"
"1_40_2_200_12.csv","2004/1/2","2007/12/31","281019.438","91608.547","-189410.891","-0.147859497976","20","1821654.451","-2164955.154","-343300.703","-408055.199"
"1_40_2_200_14.csv","2004/1/2","2007/12/31","281019.438","91608.547","-189410.891","-0.147859497976","20","1821654.451","-2164955.154","-343300.703","-408055.199"
"1_40_2_200_16.csv","2004/1/2","2007/12/31","281019.438","91608.547","-189410.891","-0.147859497976","20","1821654.451","-2164955.154","-343300.703","-408055.199"
"1_40_2_200_18.csv","2004/1/2","2007/12/31","281019.438","91608.547","-189410.891","-0.147859497976","20","1821654.451","-2164955.154","-343300.703","-408055.199"
"1_40_2_200_20.csv","2004/1/2","2007/12/31","281019.438","91608.547","-189410.891","-0.147859497976","20","1821654.451","-2164955.154","-343300.703","-408055.199"
"1_40_2_200_4.csv","2004/1/2","2007/12/31","281019.438","91608.547","-189410.891","-0.147859497976","20","1821654.451","-2164955.154","-343300.703","-408055.199"
"1_40_2_200_6.csv","2004/1/2","2007/12/31","281019.438","91608.547","-189410.891","-0.147859497976","20","1821654.451","-2164955.154","-343300.703","-408055.199"
"1_40_2_200_8.csv","2004/1/2","2007/12/31","281019.438","91608.547","-189410.891","-0.147859497976","20","1821654.451","-2164955.154","-343300.703","-408055.199"
"3_40_2_200_10.csv","2004/1/2","2007/12/31","281019.438","91608.547","-189410.891","-0.147859497976","20","1821654.451","-2164955.154","-343300.703","-408055.199"
"3_40_2_200_12.csv","2004/1/2","2007/12/31","281019.438","91608.547","-189410.891","-0.147859497976","20","1821654.451","-2164955.154","-343300.703","-408055.199"
"3_40_2_200_14.csv","2004/1/2","2007/12/31","281019.438","91608.547","-189410.891","-0.147859497976","20","1821654.451","-2164955.154","-343300.703","-408055.199"
"3_40_2_200_16.csv","2004/1/2","2007/12/31","281019.438","91608.547","-189410.891","-0.147859497976","20","1821654.451","-2164955.154","-343300.703","-408055.199"
"3_40_2_200_18.csv","2004/1/2","2007/12/31","281019.438","91608.547","-189410.891","-0.147859497976","20","1821654.451","-2164955.154","-343300.703","-408055.199"
"3_40_2_200_20.csv","2004/1/2","2007/12/31","281019.438","91608.547","-189410.891","-0.147859497976","20","1821654.451","-2164955.154","-343300.703","-408055.199"
"3_40_2_200_4.csv","2004/1/2","2007/12/31","281019.438","91608.547","-189410.891","-0.147859497976","20","1821654.451","-2164955.154","-343300.703","-408055.199"
"3_40_2_200_6.csv","2004/1/2","2007/12/31","281019.438","91608.547","-189410.891","-0.147859497976","20","1821654.451","-2164955.154","-343300.703","-408055.199"
"3_40_2_200_8.csv","2004/1/2","2007/12/31","281019.438","91608.547","-189410.891","-0.147859497976","20","1821654.451","-2164955.154","-343300.703","-408055.199"
"1_40_2_175_10.csv","2004/1/2","2007/12/31","330295.344","166126.563","-164168.781","-0.123407769365","22","2085722.541","-2409700.697","-323978.156","-392677.735"
"1_40_2_175_12.csv","2004/1/2","2007/12/31","330295.344","166126.563","-164168.781","-0.123407769365","22","2085722.541","-2409700.697","-323978.156","-392677.735"
"1_40_2_175_14.csv","2004/1/2","2007/12/31","330295.344","166126.563","-164168.781","-0.123407769365","22","2085722.541","-2409700.697","-323978.156","-392677.735"
"1_40_2_175_16.csv","2004/1/2","2007/12/31","330295.344","166126.563","-164168.781","-0.123407769365","22","2085722.541","-2409700.697","-323978.156","-392677.735"
"1_40_2_175_18.csv","2004/1/2","2007/12/31","330295.344","166126.563","-164168.781","-0.123407769365","22","2085722.541","-2409700.697","-323978.156","-392677.735"
"1_40_2_175_20.csv","2004/1/2","2007/12/31","330295.344","166126.563","-164168.781","-0.123407769365","22","2085722.541","-2409700.697","-323978.156","-392677.735"
"1_40_2_175_4.csv","2004/1/2","2007/12/31","330295.344","166126.563","-164168.781","-0.123407769365","22","2085722.541","-2409700.697","-323978.156","-392677.735"
"1_40_2_175_6.csv","2004/1/2","2007/12/31","330295.344","166126.563","-164168.781","-0.123407769365","22","2085722.541","-2409700.697","-323978.156","-392677.735"
"1_40_2_175_8.csv","2004/1/2","2007/12/31","330295.344","166126.563","-164168.781","-0.123407769365","22","2085722.541","-2409700.697","-323978.156","-392677.735"
"3_40_2_175_10.csv","2004/1/2","2007/12/31","330295.344","166126.563","-164168.781","-0.123407769365","22","2085722.541","-2409700.697","-323978.156","-392677.735"
"3_40_2_175_12.csv","2004/1/2","2007/12/31","330295.344","166126.563","-164168.781","-0.123407769365","22","2085722.541","-2409700.697","-323978.156","-392677.735"
"3_40_2_175_14.csv","2004/1/2","2007/12/31","330295.344","166126.563","-164168.781","-0.123407769365","22","2085722.541","-2409700.697","-323978.156","-392677.735"
"3_40_2_175_16.csv","2004/1/2","2007/12/31","330295.344","166126.563","-164168.781","-0.123407769365","22","2085722.541","-2409700.697","-323978.156","-392677.735"
"3_40_2_175_18.csv","2004/1/2","2007/12/31","330295.344","166126.563","-164168.781","-0.123407769365","22","2085722.541","-2409700.697","-323978.156","-392677.735"
"3_40_2_175_20.csv","2004/1/2","2007/12/31","330295.344","166126.563","-164168.781","-0.123407769365","22","2085722.541","-2409700.697","-323978.156","-392677.735"
"3_40_2_175_4.csv","2004/1/2","2007/12/31","330295.344","166126.563","-164168.781","-0.123407769365","22","2085722.541","-2409700.697","-323978.156","-392677.735"
"3_40_2_175_6.csv","2004/1/2","2007/12/31","330295.344","166126.563","-164168.781","-0.123407769365","22","2085722.541","-2409700.697","-323978.156","-392677.735"
"3_40_2_175_8.csv","2004/1/2","2007/12/31","330295.344","166126.563","-164168.781","-0.123407769365","22","2085722.541","-2409700.697","-323978.156","-392677.735"
"2_20_2_100_10.csv","2004/1/2","2007/12/31","514069.875","1225814.25","711744.375","0.470086874293","16","8306891.374","-7778298.937","528592.437","-946678.125"
"2_20_2_100_12.csv","2004/1/2","2007/12/31","514069.875","1225814.25","711744.375","0.470086874293","16","8306891.374","-7778298.937","528592.437","-946678.125"
"2_20_2_100_14.csv","2004/1/2","2007/12/31","514069.875","1225814.25","711744.375","0.470086874293","16","8306891.374","-7778298.937","528592.437","-946678.125"
"2_20_2_100_16.csv","2004/1/2","2007/12/31","514069.875","1225814.25","711744.375","0.470086874293","16","8306891.374","-7778298.937","528592.437","-946678.125"
"2_20_2_100_18.csv","2004/1/2","2007/12/31","514069.875","1225814.25","711744.375","0.470086874293","16","8306891.374","-7778298.937","528592.437","-946678.125"
"2_20_2_100_20.csv","2004/1/2","2007/12/31","514069.875","1225814.25","711744.375","0.470086874293","16","8306891.374","-7778298.937","528592.437","-946678.125"
"2_20_0.75_75_4.csv","2004/1/2","2007/12/31","1505344.125","3003807.5","1498463.375","0.598106806984","22","16415588.813","-15220830.438","1194758.375","-1316095.562"
"2_20_1_75_8.csv","2004/1/2","2007/12/31","2732909.0","4875149.5","2142240.5","0.573879647213","21","24184120.25","-22499798.0","1684322.25","-2176287.75"
"2_20_1_75_10.csv","2004/1/2","2007/12/31","2869564.0","5090230.0","2220666.0","0.573880158075","21","25069475.75","-23323492.75","1745983.0","-2255960.0"
"2_20_1_75_12.csv","2004/1/2","2007/12/31","2869564.0","5090230.0","2220666.0","0.573880158075","21","25069475.75","-23323492.75","1745983.0","-2255960.0"
"2_20_1_75_14.csv","2004/1/2","2007/12/31","2869564.0","5090230.0","2220666.0","0.573880158075","21","25069475.75","-23323492.75","1745983.0","-2255960.0"
"2_20_1_75_16.csv","2004/1/2","2007/12/31","2869564.0","5090230.0","2220666.0","0.573880158075","21","25069475.75","-23323492.75","1745983.0","-2255960.0"
"2_20_1_75_18.csv","2004/1/2","2007/12/31","2869564.0","5090230.0","2220666.0","0.573880158075","21","25069475.75","-23323492.75","1745983.0","-2255960.0"
"2_20_1_75_20.csv","2004/1/2","2007/12/31","2869564.0","5090230.0","2220666.0","0.573880158075","21","25069475.75","-23323492.75","1745983.0","-2255960.0"
"2_20_1.25_100_8.csv","2004/1/2","2007/12/31","1822198.875","3762121.25","1939922.375","0.687379756326","17","18629413.125","-17036722.875","1592690.25","-1815370.375"
"2_20_1.25_100_10.csv","2004/1/2","2007/12/31","1925515.75","3936456.5","2010940.75","0.687379908996","17","19311414.375","-17660417.625","1650996.75","-1881829.375"
"2_20_1.25_100_12.csv","2004/1/2","2007/12/31","1925515.75","3936456.5","2010940.75","0.687379908996","17","19311414.375","-17660417.625","1650996.75","-1881829.375"
"2_20_1.25_100_14.csv","2004/1/2","2007/12/31","1925515.75","3936456.5","2010940.75","0.687379908996","17","19311414.375","-17660417.625","1650996.75","-1881829.375"
"2_20_1.25_100_16.csv","2004/1/2","2007/12/31","1925515.75","3936456.5","2010940.75","0.687379908996","17","19311414.375","-17660417.625","1650996.75","-1881829.375"
"2_20_1.25_100_18.csv","2004/1/2","2007/12/31","1925515.75","3936456.5","2010940.75","0.687379908996","17","19311414.375","-17660417.625","1650996.75","-1881829.375"
"2_20_1.25_100_20.csv","2004/1/2","2007/12/31","1925515.75","3936456.5","2010940.75","0.687379908996","17","19311414.375","-17660417.625","1650996.75","-1881829.375"
"1_20_0.75_100_10.csv","2004/1/2","2007/12/31","783104.063","1914637.125","1131533.062","0.634586104917","30","9195501.939","-8285102.439","910399.5","-628735.438"
"1_20_0.75_100_12.csv","2004/1/2","2007/12/31","783104.063","1914637.125","1131533.062","0.634586104917","30","9195501.939","-8285102.439","910399.5","-628735.438"
"1_20_0.75_100_14.csv","2004/1/2","2007/12/31","783104.063","1914637.125","1131533.062","0.634586104917","30","9195501.939","-8285102.439","910399.5","-628735.438"
"1_20_0.75_100_16.csv","2004/1/2","2007/12/31","783104.063","1914637.125","1131533.062","0.634586104917","30","9195501.939","-8285102.439","910399.5","-628735.438"
"1_20_0.75_100_18.csv","2004/1/2","2007/12/31","783104.063","1914637.125","1131533.062","0.634586104917","30","9195501.939","-8285102.439","910399.5","-628735.438"
"1_20_0.75_100_20.csv","2004/1/2","2007/12/31","783104.063","1914637.125","1131533.062","0.634586104917","30","9195501.939","-8285102.439","910399.5","-628735.438"
"1_20_0.75_100_4.csv","2004/1/2","2007/12/31","783104.063","1914637.125","1131533.062","0.634586104917","30","9195501.939","-8285102.439","910399.5","-628735.438"
"1_20_0.75_100_6.csv","2004/1/2","2007/12/31","783104.063","1914637.125","1131533.062","0.634586104917","30","9195501.939","-8285102.439","910399.5","-628735.438"
"1_20_0.75_100_8.csv","2004/1/2","2007/12/31","783104.063","1914637.125","1131533.062","0.634586104917","30","9195501.939","-8285102.439","910399.5","-628735.438"
"3_20_0.75_100_10.csv","2004/1/2","2007/12/31","783104.063","1914637.125","1131533.062","0.634586104917","30","9195501.939","-8285102.439","910399.5","-628735.438"
"3_20_0.75_100_12.csv","2004/1/2","2007/12/31","783104.063","1914637.125","1131533.062","0.634586104917","30","9195501.939","-8285102.439","910399.5","-628735.438"
"3_20_0.75_100_14.csv","2004/1/2","2007/12/31","783104.063","1914637.125","1131533.062","0.634586104917","30","9195501.939","-8285102.439","910399.5","-628735.438"
"3_20_0.75_100_16.csv","2004/1/2","2007/12/31","783104.063","1914637.125","1131533.062","0.634586104917","30","9195501.939","-8285102.439","910399.5","-628735.438"
"3_20_0.75_100_18.csv","2004/1/2","2007/12/31","783104.063","1914637.125","1131533.062","0.634586104917","30","9195501.939","-8285102.439","910399.5","-628735.438"
"3_20_0.75_100_20.csv","2004/1/2","2007/12/31","783104.063","1914637.125","1131533.062","0.634586104917","30","9195501.939","-8285102.439","910399.5","-628735.438"
"3_20_0.75_100_4.csv","2004/1/2","2007/12/31","783104.063","1914637.125","1131533.062","0.634586104917","30","9195501.939","-8285102.439","910399.5","-628735.438"
"3_20_0.75_100_6.csv","2004/1/2","2007/12/31","783104.063","1914637.125","1131533.062","0.634586104917","30","9195501.939","-8285102.439","910399.5","-628735.438"
"3_20_0.75_100_8.csv","2004/1/2","2007/12/31","783104.063","1914637.125","1131533.062","0.634586104917","30","9195501.939","-8285102.439","910399.5","-628735.438"
"1_60_1.75_125_10.csv","2004/1/2","2007/12/31","556060.625","884374.375","328313.75","0.210990333362","23","5085639.38","-4953399.63","132239.75","-777081.641"
"1_60_1.75_125_12.csv","2004/1/2","2007/12/31","556060.625","884374.375","328313.75","0.210990333362","23","5085639.38","-4953399.63","132239.75","-777081.641"
"1_60_1.75_125_14.csv","2004/1/2","2007/12/31","556060.625","884374.375","328313.75","0.210990333362","23","5085639.38","-4953399.63","132239.75","-777081.641"
"1_60_1.75_125_16.csv","2004/1/2","2007/12/31","556060.625","884374.375","328313.75","0.210990333362","23","5085639.38","-4953399.63","132239.75","-777081.641"
"1_60_1.75_125_18.csv","2004/1/2","2007/12/31","556060.625","884374.375","328313.75","0.210990333362","23","5085639.38","-4953399.63","132239.75","-777081.641"
"1_60_1.75_125_20.csv","2004/1/2","2007/12/31","556060.625","884374.375","328313.75","0.210990333362","23","5085639.38","-4953399.63","132239.75","-777081.641"
"1_60_1.75_125_4.csv","2004/1/2","2007/12/31","556060.625","884374.375","328313.75","0.210990333362","23","5085639.38","-4953399.63","132239.75","-777081.641"
"1_60_1.75_125_6.csv","2004/1/2","2007/12/31","556060.625","884374.375","328313.75","0.210990333362","23","5085639.38","-4953399.63","132239.75","-777081.641"
"1_60_1.75_125_8.csv","2004/1/2","2007/12/31","556060.625","884374.375","328313.75","0.210990333362","23","5085639.38","-4953399.63","132239.75","-777081.641"
"3_60_1.75_125_10.csv","2004/1/2","2007/12/31","556060.625","884374.375","328313.75","0.210990333362","23","5085639.38","-4953399.63","132239.75","-777081.641"
"3_60_1.75_125_12.csv","2004/1/2","2007/12/31","556060.625","884374.375","328313.75","0.210990333362","23","5085639.38","-4953399.63","132239.75","-777081.641"
"3_60_1.75_125_14.csv","2004/1/2","2007/12/31","556060.625","884374.375","328313.75","0.210990333362","23","5085639.38","-4953399.63","132239.75","-777081.641"
"3_60_1.75_125_16.csv","2004/1/2","2007/12/31","556060.625","884374.375","328313.75","0.210990333362","23","5085639.38","-4953399.63","132239.75","-777081.641"
"3_60_1.75_125_18.csv","2004/1/2","2007/12/31","556060.625","884374.375","328313.75","0.210990333362","23","5085639.38","-4953399.63","132239.75","-777081.641"
"3_60_1.75_125_20.csv","2004/1/2","2007/12/31","556060.625","884374.375","328313.75","0.210990333362","23","5085639.38","-4953399.63","132239.75","-777081.641"
"3_60_1.75_125_4.csv","2004/1/2","2007/12/31","556060.625","884374.375","328313.75","0.210990333362","23","5085639.38","-4953399.63","132239.75","-777081.641"
"3_60_1.75_125_6.csv","2004/1/2","2007/12/31","556060.625","884374.375","328313.75","0.210990333362","23","5085639.38","-4953399.63","132239.75","-777081.641"
"3_60_1.75_125_8.csv","2004/1/2","2007/12/31","556060.625","884374.375","328313.75","0.210990333362","23","5085639.38","-4953399.63","132239.75","-777081.641"
"1_60_1.75_75_10.csv","2004/1/2","2007/12/31","957666.25","1370715.0","413048.75","0.210990382043","23","6398196.501","-6231826.751","166369.75","-977639.187"
"1_60_1.75_75_12.csv","2004/1/2","2007/12/31","957666.25","1370715.0","413048.75","0.210990382043","23","6398196.501","-6231826.751","166369.75","-977639.187"
"1_60_1.75_75_14.csv","2004/1/2","2007/12/31","957666.25","1370715.0","413048.75","0.210990382043","23","6398196.501","-6231826.751","166369.75","-977639.187"
"1_60_1.75_75_16.csv","2004/1/2","2007/12/31","957666.25","1370715.0","413048.75","0.210990382043","23","6398196.501","-6231826.751","166369.75","-977639.187"
"1_60_1.75_75_18.csv","2004/1/2","2007/12/31","957666.25","1370715.0","413048.75","0.210990382043","23","6398196.501","-6231826.751","166369.75","-977639.187"
"1_60_1.75_75_20.csv","2004/1/2","2007/12/31","957666.25","1370715.0","413048.75","0.210990382043","23","6398196.501","-6231826.751","166369.75","-977639.187"
"1_60_1.75_75_4.csv","2004/1/2","2007/12/31","957666.25","1370715.0","413048.75","0.210990382043","23","6398196.501","-6231826.751","166369.75","-977639.187"
"1_60_1.75_75_6.csv","2004/1/2","2007/12/31","957666.25","1370715.0","413048.75","0.210990382043","23","6398196.501","-6231826.751","166369.75","-977639.187"
"1_60_1.75_75_8.csv","2004/1/2","2007/12/31","957666.25","1370715.0","413048.75","0.210990382043","23","6398196.501","-6231826.751","166369.75","-977639.187"
"3_60_1.75_75_10.csv","2004/1/2","2007/12/31","957666.25","1370715.0","413048.75","0.210990382043","23","6398196.501","-6231826.751","166369.75","-977639.187"
"3_60_1.75_75_12.csv","2004/1/2","2007/12/31","957666.25","1370715.0","413048.75","0.210990382043","23","6398196.501","-6231826.751","166369.75","-977639.187"
"3_60_1.75_75_14.csv","2004/1/2","2007/12/31","957666.25","1370715.0","413048.75","0.210990382043","23","6398196.501","-6231826.751","166369.75","-977639.187"
"3_60_1.75_75_16.csv","2004/1/2","2007/12/31","957666.25","1370715.0","413048.75","0.210990382043","23","6398196.501","-6231826.751","166369.75","-977639.187"
"3_60_1.75_75_18.csv","2004/1/2","2007/12/31","957666.25","1370715.0","413048.75","0.210990382043","23","6398196.501","-6231826.751","166369.75","-977639.187"
"3_60_1.75_75_20.csv","2004/1/2","2007/12/31","957666.25","1370715.0","413048.75","0.210990382043","23","6398196.501","-6231826.751","166369.75","-977639.187"
"3_60_1.75_75_4.csv","2004/1/2","2007/12/31","957666.25","1370715.0","413048.75","0.210990382043","23","6398196.501","-6231826.751","166369.75","-977639.187"
"3_60_1.75_75_6.csv","2004/1/2","2007/12/31","957666.25","1370715.0","413048.75","0.210990382043","23","6398196.501","-6231826.751","166369.75","-977639.187"
"3_60_1.75_75_8.csv","2004/1/2","2007/12/31","957666.25","1370715.0","413048.75","0.210990382043","23","6398196.501","-6231826.751","166369.75","-977639.187"
"1_60_1.75_50_10.csv","2004/1/2","2007/12/31","928876.375","1335850.75","406974.375","0.210990388122","23","6304105.345","-6140182.345","163923.0","-963262.437"
"1_60_1.75_50_12.csv","2004/1/2","2007/12/31","928876.375","1335850.75","406974.375","0.210990388122","23","6304105.345","-6140182.345","163923.0","-963262.437"
"1_60_1.75_50_14.csv","2004/1/2","2007/12/31","928876.375","1335850.75","406974.375","0.210990388122","23","6304105.345","-6140182.345","163923.0","-963262.437"
"1_60_1.75_50_16.csv","2004/1/2","2007/12/31","928876.375","1335850.75","406974.375","0.210990388122","23","6304105.345","-6140182.345","163923.0","-963262.437"
"1_60_1.75_50_18.csv","2004/1/2","2007/12/31","928876.375","1335850.75","406974.375","0.210990388122","23","6304105.345","-6140182.345","163923.0","-963262.437"
"1_60_1.75_50_20.csv","2004/1/2","2007/12/31","928876.375","1335850.75","406974.375","0.210990388122","23","6304105.345","-6140182.345","163923.0","-963262.437"
"1_60_1.75_50_4.csv","2004/1/2","2007/12/31","928876.375","1335850.75","406974.375","0.210990388122","23","6304105.345","-6140182.345","163923.0","-963262.437"
"1_60_1.75_50_6.csv","2004/1/2","2007/12/31","928876.375","1335850.75","406974.375","0.210990388122","23","6304105.345","-6140182.345","163923.0","-963262.437"
"1_60_1.75_50_8.csv","2004/1/2","2007/12/31","928876.375","1335850.75","406974.375","0.210990388122","23","6304105.345","-6140182.345","163923.0","-963262.437"
"3_60_1.75_50_10.csv","2004/1/2","2007/12/31","928876.375","1335850.75","406974.375","0.210990388122","23","6304105.345","-6140182.345","163923.0","-963262.437"
"3_60_1.75_50_12.csv","2004/1/2","2007/12/31","928876.375","1335850.75","406974.375","0.210990388122","23","6304105.345","-6140182.345","163923.0","-963262.437"
"3_60_1.75_50_14.csv","2004/1/2","2007/12/31","928876.375","1335850.75","406974.375","0.210990388122","23","6304105.345","-6140182.345","163923.0","-963262.437"
"3_60_1.75_50_16.csv","2004/1/2","2007/12/31","928876.375","1335850.75","406974.375","0.210990388122","23","6304105.345","-6140182.345","163923.0","-963262.437"
"3_60_1.75_50_18.csv","2004/1/2","2007/12/31","928876.375","1335850.75","406974.375","0.210990388122","23","6304105.345","-6140182.345","163923.0","-963262.437"
"3_60_1.75_50_20.csv","2004/1/2","2007/12/31","928876.375","1335850.75","406974.375","0.210990388122","23","6304105.345","-6140182.345","163923.0","-963262.437"
"3_60_1.75_50_4.csv","2004/1/2","2007/12/31","928876.375","1335850.75","406974.375","0.210990388122","23","6304105.345","-6140182.345","163923.0","-963262.437"
"3_60_1.75_50_6.csv","2004/1/2","2007/12/31","928876.375","1335850.75","406974.375","0.210990388122","23","6304105.345","-6140182.345","163923.0","-963262.437"
"3_60_1.75_50_8.csv","2004/1/2","2007/12/31","928876.375","1335850.75","406974.375","0.210990388122","23","6304105.345","-6140182.345","163923.0","-963262.437"
"1_60_1.75_100_10.csv","2004/1/2","2007/12/31","674765.625","1028125.063","353359.438","0.210990381415","23","5473601.122","-5331273.684","142327.438","-836362.219"
"1_60_1.75_100_12.csv","2004/1/2","2007/12/31","674765.625","1028125.063","353359.438","0.210990381415","23","5473601.122","-5331273.684","142327.438","-836362.219"
"1_60_1.75_100_14.csv","2004/1/2","2007/12/31","674765.625","1028125.063","353359.438","0.210990381415","23","5473601.122","-5331273.684","142327.438","-836362.219"
"1_60_1.75_100_16.csv","2004/1/2","2007/12/31","674765.625","1028125.063","353359.438","0.210990381415","23","5473601.122","-5331273.684","142327.438","-836362.219"
"1_60_1.75_100_18.csv","2004/1/2","2007/12/31","674765.625","1028125.063","353359.438","0.210990381415","23","5473601.122","-5331273.684","142327.438","-836362.219"
"1_60_1.75_100_20.csv","2004/1/2","2007/12/31","674765.625","1028125.063","353359.438","0.210990381415","23","5473601.122","-5331273.684","142327.438","-836362.219"
"1_60_1.75_100_4.csv","2004/1/2","2007/12/31","674765.625","1028125.063","353359.438","0.210990381415","23","5473601.122","-5331273.684","142327.438","-836362.219"
"1_60_1.75_100_6.csv","2004/1/2","2007/12/31","674765.625","1028125.063","353359.438","0.210990381415","23","5473601.122","-5331273.684","142327.438","-836362.219"
"1_60_1.75_100_8.csv","2004/1/2","2007/12/31","674765.625","1028125.063","353359.438","0.210990381415","23","5473601.122","-5331273.684","142327.438","-836362.219"
"3_60_1.75_100_10.csv","2004/1/2","2007/12/31","674765.625","1028125.063","353359.438","0.210990381415","23","5473601.122","-5331273.684","142327.438","-836362.219"
"3_60_1.75_100_12.csv","2004/1/2","2007/12/31","674765.625","1028125.063","353359.438","0.210990381415","23","5473601.122","-5331273.684","142327.438","-836362.219"
"3_60_1.75_100_14.csv","2004/1/2","2007/12/31","674765.625","1028125.063","353359.438","0.210990381415","23","5473601.122","-5331273.684","142327.438","-836362.219"
"3_60_1.75_100_16.csv","2004/1/2","2007/12/31","674765.625","1028125.063","353359.438","0.210990381415","23","5473601.122","-5331273.684","142327.438","-836362.219"
"3_60_1.75_100_18.csv","2004/1/2","2007/12/31","674765.625","1028125.063","353359.438","0.210990381415","23","5473601.122","-5331273.684","142327.438","-836362.219"
"3_60_1.75_100_20.csv","2004/1/2","2007/12/31","674765.625","1028125.063","353359.438","0.210990381415","23","5473601.122","-5331273.684","142327.438","-836362.219"
"3_60_1.75_100_4.csv","2004/1/2","2007/12/31","674765.625","1028125.063","353359.438","0.210990381415","23","5473601.122","-5331273.684","142327.438","-836362.219"
"3_60_1.75_100_6.csv","2004/1/2","2007/12/31","674765.625","1028125.063","353359.438","0.210990381415","23","5473601.122","-5331273.684","142327.438","-836362.219"
"3_60_1.75_100_8.csv","2004/1/2","2007/12/31","674765.625","1028125.063","353359.438","0.210990381415","23","5473601.122","-5331273.684","142327.438","-836362.219"
"2_60_1.75_150_4.csv","2004/1/2","2007/12/31","-101945.914","738678.375","840624.289","0.936050848278","11","5573209.708","-4846947.161","726262.547","-362294.273"
"2_20_0.75_100_4.csv","2004/1/2","2007/12/31","1169060.25","2422723.75","1253663.5","0.577975415851","22","13156115.745","-12182013.245","974102.5","-1028976.437"
"2_40_2_225_4.csv","2004/1/2","2007/12/31","393527.031","1526349.0","1132821.969","0.812917111616","10","5807386.952","-4855168.265","952218.687","-629708.5"
"2_20_1.25_225_4.csv","2004/1/2","2007/12/31","420081.688","1613961.625","1193879.937","0.840712155567","18","7200318.21","-6190552.523","1009765.687","-780461.969"
"2_20_1.5_100_10.csv","2004/1/2","2007/12/31","1814153.375","3886308.5","2072155.125","0.736333400805","15","17777677.375","-16082102.375","1695575.0","-1698897.375"
"2_20_1.5_100_12.csv","2004/1/2","2007/12/31","1814153.375","3886308.5","2072155.125","0.736333400805","15","17777677.375","-16082102.375","1695575.0","-1698897.375"
"2_20_1.5_100_14.csv","2004/1/2","2007/12/31","1814153.375","3886308.5","2072155.125","0.736333400805","15","17777677.375","-16082102.375","1695575.0","-1698897.375"
"2_20_1.5_100_16.csv","2004/1/2","2007/12/31","1814153.375","3886308.5","2072155.125","0.736333400805","15","17777677.375","-16082102.375","1695575.0","-1698897.375"
"2_20_1.5_100_18.csv","2004/1/2","2007/12/31","1814153.375","3886308.5","2072155.125","0.736333400805","15","17777677.375","-16082102.375","1695575.0","-1698897.375"
"2_20_1.5_100_20.csv","2004/1/2","2007/12/31","1814153.375","3886308.5","2072155.125","0.736333400805","15","17777677.375","-16082102.375","1695575.0","-1698897.375"
"2_80_1.5_225_12.csv","2004/1/2","2007/12/31","-230589.875","279685.031","510274.906","0.66320274379","5","6466772.447","-6060669.9","406102.547","-375804.344"
"2_80_1.5_200_12.csv","2004/1/2","2007/12/31","-375652.563","38416.438","414069.001","0.663202852229","5","5247543.513","-4918006.512","329537.001","-304951.093"
"2_20_0.75_50_4.csv","2004/1/2","2007/12/31","1989550.5","5160395.0","3170844.5","1.06064256148","23","22303041.625","-19537474.125","2765567.5","-1427013.5"
"2_60_1.5_225_12.csv","2004/1/2","2007/12/31","-184135.672","801869.5","986005.172","1.20854060922","4","7317945.624","-6442714.624","875231.0","-462780.875"
"2_40_2_175_4.csv","2004/1/2","2007/12/31","1122470.75","2516626.75","1394156.0","0.656855224035","11","9340165.499","-8237468.999","1102696.5","-876541.25"
"2_40_2_150_4.csv","2004/1/2","2007/12/31","1501478.5","3296427.25","1794948.75","0.717555137891","12","11490573.25","-10039129.75","1451443.5","-1070911.75"
"2_40_2_200_4.csv","2004/1/2","2007/12/31","473672.031","1487969.25","1014297.219","0.688278801296","10","5881340.748","-5069409.623","811931.125","-620142.25"
"2_20_2_100_8.csv","2004/1/2","2007/12/31","711212.625","1515631.25","804418.625","0.470086892329","16","9216246.494","-8649683.182","566563.312","-1107641.312"
"2_20_1.75_150_10.csv","2004/1/2","2007/12/31","1032404.938","2343341.5","1310936.562","0.645017406467","15","11605372.933","-10579261.183","1026111.75","-816904.5"
"2_20_1.75_150_12.csv","2004/1/2","2007/12/31","1032404.938","2343341.5","1310936.562","0.645017406467","15","11605372.933","-10579261.183","1026111.75","-816904.5"
"2_20_1.75_150_14.csv","2004/1/2","2007/12/31","1032404.938","2343341.5","1310936.562","0.645017406467","15","11605372.933","-10579261.183","1026111.75","-816904.5"
"2_20_1.75_150_16.csv","2004/1/2","2007/12/31","1032404.938","2343341.5","1310936.562","0.645017406467","15","11605372.933","-10579261.183","1026111.75","-816904.5"
"2_20_1.75_150_18.csv","2004/1/2","2007/12/31","1032404.938","2343341.5","1310936.562","0.645017406467","15","11605372.933","-10579261.183","1026111.75","-816904.5"
"2_20_1.75_150_20.csv","2004/1/2","2007/12/31","1032404.938","2343341.5","1310936.562","0.645017406467","15","11605372.933","-10579261.183","1026111.75","-816904.5"
"2_100_1.75_200_6.csv","2004/1/2","2007/12/31","-441791.625","-210667.672","231123.953","0.414046014627","6","3035944.55","-2883605.347","152339.203","-375638.282"
"2_100_1.75_225_6.csv","2004/1/2","2007/12/31","-387701.719","-134182.078","253519.641","0.414045978679","6","3330125.078","-3163024.406","167100.672","-412037.406"
"2_100_1.75_125_6.csv","2004/1/2","2007/12/31","-338425.313","-101189.055","237236.258","0.358593311778","7","3534423.049","-3390560.588","143862.461","-462706.453"
"2_100_1.75_150_6.csv","2004/1/2","2007/12/31","-338425.313","-101189.055","237236.258","0.358593311778","7","3534423.049","-3390560.588","143862.461","-462706.453"
"2_100_1.75_175_6.csv","2004/1/2","2007/12/31","-410548.719","-166488.734","244059.985","0.414046067702","6","3205866.929","-3045001.35","160865.579","-396662.906"
"2_100_1.75_100_6.csv","2004/1/2","2007/12/31","36339.508","407963.875","371624.367","0.358593264207","7","5536581.36","-5311224.657","225356.703","-724817.531"
"2_100_1.75_50_6.csv","2004/1/2","2007/12/31","36339.508","407963.875","371624.367","0.358593264207","7","5536581.36","-5311224.657","225356.703","-724817.531"
"2_100_1.75_75_6.csv","2004/1/2","2007/12/31","36339.508","407963.875","371624.367","0.358593264207","7","5536581.36","-5311224.657","225356.703","-724817.531"
"2_20_1.25_175_4.csv","2004/1/2","2007/12/31","657560.438","1699091.25","1041530.812","0.628351635405","20","8366126.035","-7561576.91","804549.125","-946906.657"
"2_60_1.75_175_4.csv","2004/1/2","2007/12/31","-178427.125","534393.313","712820.438","0.867628983004","10","4875137.511","-4279923.448","595214.063","-331440.14"
"2_60_1.5_225_4.csv","2004/1/2","2007/12/31","199653.844","1661714.125","1462060.281","1.2187351279","6","9100621.747","-7810546.56","1290075.187","-683618.125"
"1_60_0.75_75_10.csv","2004/1/2","2007/12/31","787890.688","2622439.25","1834548.562","1.02609660328","25","15580145.998","-14003449.436","1576696.562","-884757.312"
"1_60_0.75_75_12.csv","2004/1/2","2007/12/31","787890.688","2622439.25","1834548.562","1.02609660328","25","15580145.998","-14003449.436","1576696.562","-884757.312"
"1_60_0.75_75_14.csv","2004/1/2","2007/12/31","787890.688","2622439.25","1834548.562","1.02609660328","25","15580145.998","-14003449.436","1576696.562","-884757.312"
"1_60_0.75_75_16.csv","2004/1/2","2007/12/31","787890.688","2622439.25","1834548.562","1.02609660328","25","15580145.998","-14003449.436","1576696.562","-884757.312"
"1_60_0.75_75_18.csv","2004/1/2","2007/12/31","787890.688","2622439.25","1834548.562","1.02609660328","25","15580145.998","-14003449.436","1576696.562","-884757.312"
"1_60_0.75_75_20.csv","2004/1/2","2007/12/31","787890.688","2622439.25","1834548.562","1.02609660328","25","15580145.998","-14003449.436","1576696.562","-884757.312"
"1_60_0.75_75_6.csv","2004/1/2","2007/12/31","787890.688","2622439.25","1834548.562","1.02609660328","25","15580145.998","-14003449.436","1576696.562","-884757.312"
"1_60_0.75_75_8.csv","2004/1/2","2007/12/31","787890.688","2622439.25","1834548.562","1.02609660328","25","15580145.998","-14003449.436","1576696.562","-884757.312"
"3_60_0.75_75_10.csv","2004/1/2","2007/12/31","787890.688","2622439.25","1834548.562","1.02609660328","25","15580145.998","-14003449.436","1576696.562","-884757.312"
"3_60_0.75_75_12.csv","2004/1/2","2007/12/31","787890.688","2622439.25","1834548.562","1.02609660328","25","15580145.998","-14003449.436","1576696.562","-884757.312"
"3_60_0.75_75_14.csv","2004/1/2","2007/12/31","787890.688","2622439.25","1834548.562","1.02609660328","25","15580145.998","-14003449.436","1576696.562","-884757.312"
"3_60_0.75_75_16.csv","2004/1/2","2007/12/31","787890.688","2622439.25","1834548.562","1.02609660328","25","15580145.998","-14003449.436","1576696.562","-884757.312"
"3_60_0.75_75_18.csv","2004/1/2","2007/12/31","787890.688","2622439.25","1834548.562","1.02609660328","25","15580145.998","-14003449.436","1576696.562","-884757.312"
"3_60_0.75_75_20.csv","2004/1/2","2007/12/31","787890.688","2622439.25","1834548.562","1.02609660328","25","15580145.998","-14003449.436","1576696.562","-884757.312"
"3_60_0.75_75_6.csv","2004/1/2","2007/12/31","787890.688","2622439.25","1834548.562","1.02609660328","25","15580145.998","-14003449.436","1576696.562","-884757.312"
"3_60_0.75_75_8.csv","2004/1/2","2007/12/31","787890.688","2622439.25","1834548.562","1.02609660328","25","15580145.998","-14003449.436","1576696.562","-884757.312"
"1_60_0.75_75_4.csv","2004/1/2","2007/12/31","870961.875","2790749.5","1919787.625","1.02609660338","25","16304048.776","-14654093.901","1649954.875","-925866.062"
"3_60_0.75_75_4.csv","2004/1/2","2007/12/31","870961.875","2790749.5","1919787.625","1.02609660338","25","16304048.776","-14654093.901","1649954.875","-925866.062"
"1_60_0.75_50_10.csv","2004/1/2","2007/12/31","664972.75","2373396.25","1708423.5","1.02609697366","25","14509011.091","-13040712.591","1468298.5","-823930.469"
"1_60_0.75_50_12.csv","2004/1/2","2007/12/31","664972.75","2373396.25","1708423.5","1.02609697366","25","14509011.091","-13040712.591","1468298.5","-823930.469"
"1_60_0.75_50_14.csv","2004/1/2","2007/12/31","664972.75","2373396.25","1708423.5","1.02609697366","25","14509011.091","-13040712.591","1468298.5","-823930.469"
"1_60_0.75_50_16.csv","2004/1/2","2007/12/31","664972.75","2373396.25","1708423.5","1.02609697366","25","14509011.091","-13040712.591","1468298.5","-823930.469"
"1_60_0.75_50_18.csv","2004/1/2","2007/12/31","664972.75","2373396.25","1708423.5","1.02609697366","25","14509011.091","-13040712.591","1468298.5","-823930.469"
"1_60_0.75_50_20.csv","2004/1/2","2007/12/31","664972.75","2373396.25","1708423.5","1.02609697366","25","14509011.091","-13040712.591","1468298.5","-823930.469"
"1_60_0.75_50_6.csv","2004/1/2","2007/12/31","664972.75","2373396.25","1708423.5","1.02609697366","25","14509011.091","-13040712.591","1468298.5","-823930.469"
"1_60_0.75_50_8.csv","2004/1/2","2007/12/31","664972.75","2373396.25","1708423.5","1.02609697366","25","14509011.091","-13040712.591","1468298.5","-823930.469"
"3_60_0.75_50_10.csv","2004/1/2","2007/12/31","664972.75","2373396.25","1708423.5","1.02609697366","25","14509011.091","-13040712.591","1468298.5","-823930.469"
"3_60_0.75_50_12.csv","2004/1/2","2007/12/31","664972.75","2373396.25","1708423.5","1.02609697366","25","14509011.091","-13040712.591","1468298.5","-823930.469"
"3_60_0.75_50_14.csv","2004/1/2","2007/12/31","664972.75","2373396.25","1708423.5","1.02609697366","25","14509011.091","-13040712.591","1468298.5","-823930.469"
"3_60_0.75_50_16.csv","2004/1/2","2007/12/31","664972.75","2373396.25","1708423.5","1.02609697366","25","14509011.091","-13040712.591","1468298.5","-823930.469"
"3_60_0.75_50_18.csv","2004/1/2","2007/12/31","664972.75","2373396.25","1708423.5","1.02609697366","25","14509011.091","-13040712.591","1468298.5","-823930.469"
"3_60_0.75_50_20.csv","2004/1/2","2007/12/31","664972.75","2373396.25","1708423.5","1.02609697366","25","14509011.091","-13040712.591","1468298.5","-823930.469"
"3_60_0.75_50_6.csv","2004/1/2","2007/12/31","664972.75","2373396.25","1708423.5","1.02609697366","25","14509011.091","-13040712.591","1468298.5","-823930.469"
"3_60_0.75_50_8.csv","2004/1/2","2007/12/31","664972.75","2373396.25","1708423.5","1.02609697366","25","14509011.091","-13040712.591","1468298.5","-823930.469"
"1_60_0.75_50_4.csv","2004/1/2","2007/12/31","742332.313","2530134.25","1787801.937","1.02609698716","25","15183144.498","-13646624.498","1536520.0","-862212.875"
"3_60_0.75_50_4.csv","2004/1/2","2007/12/31","742332.313","2530134.25","1787801.937","1.02609698716","25","15183144.498","-13646624.498","1536520.0","-862212.875"
"2_20_1_75_6.csv","2004/1/2","2007/12/31","3189710.5","5594100.5","2404390.0","0.573879746584","21","26388586.875","-24596747.875","1791839.0","-2576370.25"
"2_60_1.25_200_8.csv","2004/1/2","2007/12/31","-169148.203","885649.875","1054798.078","1.26953817974","5","7036529.621","-6103995.777","932533.844","-307102.625"
"2_60_1.25_225_8.csv","2004/1/2","2007/12/31","130257.523","1780360.5","1650102.977","1.45993540713","5","10209211.553","-8725431.959","1483779.594","-452818.0"
"2_40_1.25_200_4.csv","2004/1/2","2007/12/31","-65110.414","1513933.75","1579044.164","1.68901674342","8","6860538.153","-5421173.02","1439365.133","-436489.179"
"2_40_0.75_100_4.csv","2004/1/2","2007/12/31","-54399.258","923889.375","978288.633","1.03456838552","16","7602584.092","-6770552.272","832031.82","-524291.032"
"1_20_0.75_150_10.csv","2004/1/2","2007/12/31","-2762.657","692645.563","695408.22","0.697334716636","34","5202629.073","-4662396.385","540232.688","-359917.172"
"1_20_0.75_150_12.csv","2004/1/2","2007/12/31","-2762.657","692645.563","695408.22","0.697334716636","34","5202629.073","-4662396.385","540232.688","-359917.172"
"1_20_0.75_150_14.csv","2004/1/2","2007/12/31","-2762.657","692645.563","695408.22","0.697334716636","34","5202629.073","-4662396.385","540232.688","-359917.172"
"1_20_0.75_150_16.csv","2004/1/2","2007/12/31","-2762.657","692645.563","695408.22","0.697334716636","34","5202629.073","-4662396.385","540232.688","-359917.172"
"1_20_0.75_150_18.csv","2004/1/2","2007/12/31","-2762.657","692645.563","695408.22","0.697334716636","34","5202629.073","-4662396.385","540232.688","-359917.172"
"1_20_0.75_150_20.csv","2004/1/2","2007/12/31","-2762.657","692645.563","695408.22","0.697334716636","34","5202629.073","-4662396.385","540232.688","-359917.172"
"1_20_0.75_150_4.csv","2004/1/2","2007/12/31","-2762.657","692645.563","695408.22","0.697334716636","34","5202629.073","-4662396.385","540232.688","-359917.172"
"1_20_0.75_150_6.csv","2004/1/2","2007/12/31","-2762.657","692645.563","695408.22","0.697334716636","34","5202629.073","-4662396.385","540232.688","-359917.172"
"1_20_0.75_150_8.csv","2004/1/2","2007/12/31","-2762.657","692645.563","695408.22","0.697334716636","34","5202629.073","-4662396.385","540232.688","-359917.172"
"3_20_0.75_150_10.csv","2004/1/2","2007/12/31","-2762.657","692645.563","695408.22","0.697334716636","34","5202629.073","-4662396.385","540232.688","-359917.172"
"3_20_0.75_150_12.csv","2004/1/2","2007/12/31","-2762.657","692645.563","695408.22","0.697334716636","34","5202629.073","-4662396.385","540232.688","-359917.172"
"3_20_0.75_150_14.csv","2004/1/2","2007/12/31","-2762.657","692645.563","695408.22","0.697334716636","34","5202629.073","-4662396.385","540232.688","-359917.172"
"3_20_0.75_150_16.csv","2004/1/2","2007/12/31","-2762.657","692645.563","695408.22","0.697334716636","34","5202629.073","-4662396.385","540232.688","-359917.172"
"3_20_0.75_150_18.csv","2004/1/2","2007/12/31","-2762.657","692645.563","695408.22","0.697334716636","34","5202629.073","-4662396.385","540232.688","-359917.172"
"3_20_0.75_150_20.csv","2004/1/2","2007/12/31","-2762.657","692645.563","695408.22","0.697334716636","34","5202629.073","-4662396.385","540232.688","-359917.172"
"3_20_0.75_150_4.csv","2004/1/2","2007/12/31","-2762.657","692645.563","695408.22","0.697334716636","34","5202629.073","-4662396.385","540232.688","-359917.172"
"3_20_0.75_150_6.csv","2004/1/2","2007/12/31","-2762.657","692645.563","695408.22","0.697334716636","34","5202629.073","-4662396.385","540232.688","-359917.172"
"3_20_0.75_150_8.csv","2004/1/2","2007/12/31","-2762.657","692645.563","695408.22","0.697334716636","34","5202629.073","-4662396.385","540232.688","-359917.172"
"2_40_1_175_6.csv","2004/1/2","2007/12/31","-159728.766","1409942.5","1569671.266","1.86805307916","9","7327498.165","-5889661.149","1437837.016","-442265.553"
"2_20_1.75_150_8.csv","2004/1/2","2007/12/31","861059.875","2061475.5","1200415.625","0.645017197526","15","10451150.874","-9545679.249","905471.625","-774667.312"
"1_40_2_75_10.csv","2004/1/2","2007/12/31","575562.313","273366.25","-302196.063","-0.191802038235","26","2458030.376","-3010206.626","-552176.25","-609103.375"
"1_40_2_75_12.csv","2004/1/2","2007/12/31","575562.313","273366.25","-302196.063","-0.191802038235","26","2458030.376","-3010206.626","-552176.25","-609103.375"
"1_40_2_75_14.csv","2004/1/2","2007/12/31","575562.313","273366.25","-302196.063","-0.191802038235","26","2458030.376","-3010206.626","-552176.25","-609103.375"
"1_40_2_75_16.csv","2004/1/2","2007/12/31","575562.313","273366.25","-302196.063","-0.191802038235","26","2458030.376","-3010206.626","-552176.25","-609103.375"
"1_40_2_75_18.csv","2004/1/2","2007/12/31","575562.313","273366.25","-302196.063","-0.191802038235","26","2458030.376","-3010206.626","-552176.25","-609103.375"
"1_40_2_75_20.csv","2004/1/2","2007/12/31","575562.313","273366.25","-302196.063","-0.191802038235","26","2458030.376","-3010206.626","-552176.25","-609103.375"
"1_40_2_75_4.csv","2004/1/2","2007/12/31","575562.313","273366.25","-302196.063","-0.191802038235","26","2458030.376","-3010206.626","-552176.25","-609103.375"
"1_40_2_75_6.csv","2004/1/2","2007/12/31","575562.313","273366.25","-302196.063","-0.191802038235","26","2458030.376","-3010206.626","-552176.25","-609103.375"
"1_40_2_75_8.csv","2004/1/2","2007/12/31","575562.313","273366.25","-302196.063","-0.191802038235","26","2458030.376","-3010206.626","-552176.25","-609103.375"
"3_40_2_75_10.csv","2004/1/2","2007/12/31","575562.313","273366.25","-302196.063","-0.191802038235","26","2458030.376","-3010206.626","-552176.25","-609103.375"
"3_40_2_75_12.csv","2004/1/2","2007/12/31","575562.313","273366.25","-302196.063","-0.191802038235","26","2458030.376","-3010206.626","-552176.25","-609103.375"
"3_40_2_75_14.csv","2004/1/2","2007/12/31","575562.313","273366.25","-302196.063","-0.191802038235","26","2458030.376","-3010206.626","-552176.25","-609103.375"
"3_40_2_75_16.csv","2004/1/2","2007/12/31","575562.313","273366.25","-302196.063","-0.191802038235","26","2458030.376","-3010206.626","-552176.25","-609103.375"
"3_40_2_75_18.csv","2004/1/2","2007/12/31","575562.313","273366.25","-302196.063","-0.191802038235","26","2458030.376","-3010206.626","-552176.25","-609103.375"
"3_40_2_75_20.csv","2004/1/2","2007/12/31","575562.313","273366.25","-302196.063","-0.191802038235","26","2458030.376","-3010206.626","-552176.25","-609103.375"
"3_40_2_75_4.csv","2004/1/2","2007/12/31","575562.313","273366.25","-302196.063","-0.191802038235","26","2458030.376","-3010206.626","-552176.25","-609103.375"
"3_40_2_75_6.csv","2004/1/2","2007/12/31","575562.313","273366.25","-302196.063","-0.191802038235","26","2458030.376","-3010206.626","-552176.25","-609103.375"
"3_40_2_75_8.csv","2004/1/2","2007/12/31","575562.313","273366.25","-302196.063","-0.191802038235","26","2458030.376","-3010206.626","-552176.25","-609103.375"
"1_40_2_50_10.csv","2004/1/2","2007/12/31","508038.375","173957.797","-334080.578","-0.221533207336","28","2324886.879","-2898234.27","-573347.391","-625830.344"
"1_40_2_50_12.csv","2004/1/2","2007/12/31","508038.375","173957.797","-334080.578","-0.221533207336","28","2324886.879","-2898234.27","-573347.391","-625830.344"
"1_40_2_50_14.csv","2004/1/2","2007/12/31","508038.375","173957.797","-334080.578","-0.221533207336","28","2324886.879","-2898234.27","-573347.391","-625830.344"
"1_40_2_50_16.csv","2004/1/2","2007/12/31","508038.375","173957.797","-334080.578","-0.221533207336","28","2324886.879","-2898234.27","-573347.391","-625830.344"
"1_40_2_50_18.csv","2004/1/2","2007/12/31","508038.375","173957.797","-334080.578","-0.221533207336","28","2324886.879","-2898234.27","-573347.391","-625830.344"
"1_40_2_50_20.csv","2004/1/2","2007/12/31","508038.375","173957.797","-334080.578","-0.221533207336","28","2324886.879","-2898234.27","-573347.391","-625830.344"
"1_40_2_50_4.csv","2004/1/2","2007/12/31","508038.375","173957.797","-334080.578","-0.221533207336","28","2324886.879","-2898234.27","-573347.391","-625830.344"
"1_40_2_50_6.csv","2004/1/2","2007/12/31","508038.375","173957.797","-334080.578","-0.221533207336","28","2324886.879","-2898234.27","-573347.391","-625830.344"
"1_40_2_50_8.csv","2004/1/2","2007/12/31","508038.375","173957.797","-334080.578","-0.221533207336","28","2324886.879","-2898234.27","-573347.391","-625830.344"
"3_40_2_50_10.csv","2004/1/2","2007/12/31","508038.375","173957.797","-334080.578","-0.221533207336","28","2324886.879","-2898234.27","-573347.391","-625830.344"
"3_40_2_50_12.csv","2004/1/2","2007/12/31","508038.375","173957.797","-334080.578","-0.221533207336","28","2324886.879","-2898234.27","-573347.391","-625830.344"
"3_40_2_50_14.csv","2004/1/2","2007/12/31","508038.375","173957.797","-334080.578","-0.221533207336","28","2324886.879","-2898234.27","-573347.391","-625830.344"
"3_40_2_50_16.csv","2004/1/2","2007/12/31","508038.375","173957.797","-334080.578","-0.221533207336","28","2324886.879","-2898234.27","-573347.391","-625830.344"
"3_40_2_50_18.csv","2004/1/2","2007/12/31","508038.375","173957.797","-334080.578","-0.221533207336","28","2324886.879","-2898234.27","-573347.391","-625830.344"
"3_40_2_50_20.csv","2004/1/2","2007/12/31","508038.375","173957.797","-334080.578","-0.221533207336","28","2324886.879","-2898234.27","-573347.391","-625830.344"
"3_40_2_50_4.csv","2004/1/2","2007/12/31","508038.375","173957.797","-334080.578","-0.221533207336","28","2324886.879","-2898234.27","-573347.391","-625830.344"
"3_40_2_50_6.csv","2004/1/2","2007/12/31","508038.375","173957.797","-334080.578","-0.221533207336","28","2324886.879","-2898234.27","-573347.391","-625830.344"
"3_40_2_50_8.csv","2004/1/2","2007/12/31","508038.375","173957.797","-334080.578","-0.221533207336","28","2324886.879","-2898234.27","-573347.391","-625830.344"
"1_40_2_125_10.csv","2004/1/2","2007/12/31","408296.406","131225.125","-277071.281","-0.196742162956","25","2185311.694","-2685824.694","-500513.0","-551085.562"
"1_40_2_125_12.csv","2004/1/2","2007/12/31","408296.406","131225.125","-277071.281","-0.196742162956","25","2185311.694","-2685824.694","-500513.0","-551085.562"
"1_40_2_125_14.csv","2004/1/2","2007/12/31","408296.406","131225.125","-277071.281","-0.196742162956","25","2185311.694","-2685824.694","-500513.0","-551085.562"
"1_40_2_125_16.csv","2004/1/2","2007/12/31","408296.406","131225.125","-277071.281","-0.196742162956","25","2185311.694","-2685824.694","-500513.0","-551085.562"
"1_40_2_125_18.csv","2004/1/2","2007/12/31","408296.406","131225.125","-277071.281","-0.196742162956","25","2185311.694","-2685824.694","-500513.0","-551085.562"
"1_40_2_125_20.csv","2004/1/2","2007/12/31","408296.406","131225.125","-277071.281","-0.196742162956","25","2185311.694","-2685824.694","-500513.0","-551085.562"
"1_40_2_125_4.csv","2004/1/2","2007/12/31","408296.406","131225.125","-277071.281","-0.196742162956","25","2185311.694","-2685824.694","-500513.0","-551085.562"
"1_40_2_125_6.csv","2004/1/2","2007/12/31","408296.406","131225.125","-277071.281","-0.196742162956","25","2185311.694","-2685824.694","-500513.0","-551085.562"
"1_40_2_125_8.csv","2004/1/2","2007/12/31","408296.406","131225.125","-277071.281","-0.196742162956","25","2185311.694","-2685824.694","-500513.0","-551085.562"
"3_40_2_125_10.csv","2004/1/2","2007/12/31","408296.406","131225.125","-277071.281","-0.196742162956","25","2185311.694","-2685824.694","-500513.0","-551085.562"
"3_40_2_125_12.csv","2004/1/2","2007/12/31","408296.406","131225.125","-277071.281","-0.196742162956","25","2185311.694","-2685824.694","-500513.0","-551085.562"
"3_40_2_125_14.csv","2004/1/2","2007/12/31","408296.406","131225.125","-277071.281","-0.196742162956","25","2185311.694","-2685824.694","-500513.0","-551085.562"
"3_40_2_125_16.csv","2004/1/2","2007/12/31","408296.406","131225.125","-277071.281","-0.196742162956","25","2185311.694","-2685824.694","-500513.0","-551085.562"
"3_40_2_125_18.csv","2004/1/2","2007/12/31","408296.406","131225.125","-277071.281","-0.196742162956","25","2185311.694","-2685824.694","-500513.0","-551085.562"
"3_40_2_125_20.csv","2004/1/2","2007/12/31","408296.406","131225.125","-277071.281","-0.196742162956","25","2185311.694","-2685824.694","-500513.0","-551085.562"
"3_40_2_125_4.csv","2004/1/2","2007/12/31","408296.406","131225.125","-277071.281","-0.196742162956","25","2185311.694","-2685824.694","-500513.0","-551085.562"
"3_40_2_125_6.csv","2004/1/2","2007/12/31","408296.406","131225.125","-277071.281","-0.196742162956","25","2185311.694","-2685824.694","-500513.0","-551085.562"
"3_40_2_125_8.csv","2004/1/2","2007/12/31","408296.406","131225.125","-277071.281","-0.196742162956","25","2185311.694","-2685824.694","-500513.0","-551085.562"
"1_40_2_100_10.csv","2004/1/2","2007/12/31","452955.969","167098.281","-285857.688","-0.196742154683","25","2254611.114","-2770996.333","-516385.219","-568561.516"
"1_40_2_100_12.csv","2004/1/2","2007/12/31","452955.969","167098.281","-285857.688","-0.196742154683","25","2254611.114","-2770996.333","-516385.219","-568561.516"
"1_40_2_100_14.csv","2004/1/2","2007/12/31","452955.969","167098.281","-285857.688","-0.196742154683","25","2254611.114","-2770996.333","-516385.219","-568561.516"
"1_40_2_100_16.csv","2004/1/2","2007/12/31","452955.969","167098.281","-285857.688","-0.196742154683","25","2254611.114","-2770996.333","-516385.219","-568561.516"
"1_40_2_100_18.csv","2004/1/2","2007/12/31","452955.969","167098.281","-285857.688","-0.196742154683","25","2254611.114","-2770996.333","-516385.219","-568561.516"
"1_40_2_100_20.csv","2004/1/2","2007/12/31","452955.969","167098.281","-285857.688","-0.196742154683","25","2254611.114","-2770996.333","-516385.219","-568561.516"
"1_40_2_100_4.csv","2004/1/2","2007/12/31","452955.969","167098.281","-285857.688","-0.196742154683","25","2254611.114","-2770996.333","-516385.219","-568561.516"
"1_40_2_100_6.csv","2004/1/2","2007/12/31","452955.969","167098.281","-285857.688","-0.196742154683","25","2254611.114","-2770996.333","-516385.219","-568561.516"
"1_40_2_100_8.csv","2004/1/2","2007/12/31","452955.969","167098.281","-285857.688","-0.196742154683","25","2254611.114","-2770996.333","-516385.219","-568561.516"
"3_40_2_100_10.csv","2004/1/2","2007/12/31","452955.969","167098.281","-285857.688","-0.196742154683","25","2254611.114","-2770996.333","-516385.219","-568561.516"
"3_40_2_100_12.csv","2004/1/2","2007/12/31","452955.969","167098.281","-285857.688","-0.196742154683","25","2254611.114","-2770996.333","-516385.219","-568561.516"
"3_40_2_100_14.csv","2004/1/2","2007/12/31","452955.969","167098.281","-285857.688","-0.196742154683","25","2254611.114","-2770996.333","-516385.219","-568561.516"
"3_40_2_100_16.csv","2004/1/2","2007/12/31","452955.969","167098.281","-285857.688","-0.196742154683","25","2254611.114","-2770996.333","-516385.219","-568561.516"
"3_40_2_100_18.csv","2004/1/2","2007/12/31","452955.969","167098.281","-285857.688","-0.196742154683","25","2254611.114","-2770996.333","-516385.219","-568561.516"
"3_40_2_100_20.csv","2004/1/2","2007/12/31","452955.969","167098.281","-285857.688","-0.196742154683","25","2254611.114","-2770996.333","-516385.219","-568561.516"
"3_40_2_100_4.csv","2004/1/2","2007/12/31","452955.969","167098.281","-285857.688","-0.196742154683","25","2254611.114","-2770996.333","-516385.219","-568561.516"
"3_40_2_100_6.csv","2004/1/2","2007/12/31","452955.969","167098.281","-285857.688","-0.196742154683","25","2254611.114","-2770996.333","-516385.219","-568561.516"
"3_40_2_100_8.csv","2004/1/2","2007/12/31","452955.969","167098.281","-285857.688","-0.196742154683","25","2254611.114","-2770996.333","-516385.219","-568561.516"
"2_60_1.75_125_6.csv","2004/1/2","2007/12/31","118223.422","1483819.0","1365595.578","1.22121890056","8","9196066.49","-8010515.521","1185550.969","-498965.969"
"2_60_1.75_75_6.csv","2004/1/2","2007/12/31","804640.875","3008503.5","2203862.625","1.22121949887","8","14841044.494","-12927746.244","1913298.25","-805254.812"
"2_60_1.75_100_6.csv","2004/1/2","2007/12/31","348923.781","1996255.5","1647331.719","1.22121927288","8","11093306.377","-9663164.252","1430142.125","-601907.625"
"2_60_1.75_50_6.csv","2004/1/2","2007/12/31","963874.0","3362195.0","2398321.0","1.22121938577","8","16150547.12","-14068428.745","2082118.375","-876306.75"
"2_120_2_100_4.csv","2004/1/2","2007/12/31","-371872.125","-198255.844","173616.281","0.276402764326","8","2209188.425","-2140527.081","68661.344","-379895.329"
"2_120_2_125_4.csv","2004/1/2","2007/12/31","-371872.125","-198255.844","173616.281","0.276402764326","8","2209188.425","-2140527.081","68661.344","-379895.329"
"2_120_2_150_4.csv","2004/1/2","2007/12/31","-371872.125","-198255.844","173616.281","0.276402764326","8","2209188.425","-2140527.081","68661.344","-379895.329"
"2_120_2_50_4.csv","2004/1/2","2007/12/31","-371872.125","-198255.844","173616.281","0.276402764326","8","2209188.425","-2140527.081","68661.344","-379895.329"
"2_120_2_75_4.csv","2004/1/2","2007/12/31","-371872.125","-198255.844","173616.281","0.276402764326","8","2209188.425","-2140527.081","68661.344","-379895.329"
"2_120_2_175_4.csv","2004/1/2","2007/12/31","-369492.813","-195218.875","174273.938","0.276402777943","8","2217556.515","-2148635.109","68921.406","-381334.36"
"2_120_2_200_4.csv","2004/1/2","2007/12/31","-369492.813","-195218.875","174273.938","0.276402777943","8","2217556.515","-2148635.109","68921.406","-381334.36"
"2_120_2_225_4.csv","2004/1/2","2007/12/31","-306004.344","-114181.984","191822.36","0.276402825207","8","2440851.842","-2364990.482","75861.36","-419732.555"
"2_60_1.75_200_6.csv","2004/1/2","2007/12/31","11552.172","1632607.75","1621055.578","1.60254272876","5","8184830.294","-6734338.232","1450492.062","-435762.0"
"2_80_1.5_125_4.csv","2004/1/2","2007/12/31","-527573.25","-422468.563","105104.687","0.222478272028","11","2653880.128","-2629672.285","24207.843","-408012.407"
"2_80_1.5_150_4.csv","2004/1/2","2007/12/31","-540696.188","-438510.938","102185.25","0.222478558484","11","2580161.526","-2556625.995","23535.531","-396678.688"
"2_80_1.5_50_4.csv","2004/1/2","2007/12/31","-205173.906","-28342.289","176831.617","0.222478373993","11","4464974.251","-4424246.126","40728.125","-686453.25"
"2_80_1.5_75_4.csv","2004/1/2","2007/12/31","-205173.906","-28342.289","176831.617","0.222478373993","11","4464974.251","-4424246.126","40728.125","-686453.25"
"2_80_1.5_100_4.csv","2004/1/2","2007/12/31","-331623.5","-182924.109","148699.391","0.222478484806","11","3754637.228","-3720388.524","34248.704","-577244.703"
"2_100_2_175_6.csv","2004/1/2","2007/12/31","88611.602","648993.5","560381.898","0.514767523119","6","6338133.419","-5966937.669","371195.75","-872513.422"
"2_100_2_125_6.csv","2004/1/2","2007/12/31","322114.813","1002696.625","680581.812","0.514767556727","6","7697639.853","-7246823.978","450815.875","-1059664.36"
"2_100_2_100_6.csv","2004/1/2","2007/12/31","548176.0","1345126.75","796950.75","0.51476753935","6","9013817.188","-8485918.813","527898.375","-1240850.719"
"2_100_2_50_6.csv","2004/1/2","2007/12/31","548176.0","1345126.75","796950.75","0.51476753935","6","9013817.188","-8485918.813","527898.375","-1240850.719"
"2_100_2_75_6.csv","2004/1/2","2007/12/31","548176.0","1345126.75","796950.75","0.51476753935","6","9013817.188","-8485918.813","527898.375","-1240850.719"
"2_100_2_150_6.csv","2004/1/2","2007/12/31","127539.375","707960.063","580420.688","0.514767555678","6","6564779.715","-6180310.402","384469.313","-903713.813"
"2_100_2_200_6.csv","2004/1/2","2007/12/31","138093.781","723947.5","585853.719","0.51476752512","6","6626229.617","-6238161.523","388068.094","-912173.141"
"2_100_2_225_6.csv","2004/1/2","2007/12/31","321522.688","1001799.813","680277.125","0.514767647334","6","7694193.768","-7243579.83","450613.938","-1059190.078"
"1_100_1_200_4.csv","2004/1/2","2007/12/31","-75423.984","461035.438","536459.422","0.580222083113","28","6983366.019","-6607852.003","375514.016","-778053.656"
"3_100_1_200_4.csv","2004/1/2","2007/12/31","-75423.984","461035.438","536459.422","0.580222083113","28","6983366.019","-6607852.003","375514.016","-778053.656"
"1_100_1_225_4.csv","2004/1/2","2007/12/31","-25034.635","540661.75","565696.385","0.580222031785","28","7363958.823","-6967979.37","395979.453","-820457.531"
"3_100_1_225_4.csv","2004/1/2","2007/12/31","-25034.635","540661.75","565696.385","0.580222031785","28","7363958.823","-6967979.37","395979.453","-820457.531"
"2_60_1.75_100_4.csv","2004/1/2","2007/12/31","21715.711","1063084.5","1041368.789","1.0192353683","11","6566709.587","-5703918.04","862791.547","-412182.094"
"2_60_1.75_125_4.csv","2004/1/2","2007/12/31","-128824.617","759108.25","887932.867","1.01923548843","11","5599166.472","-4863499.175","735667.297","-351450.93"
"2_60_1.75_50_4.csv","2004/1/2","2007/12/31","366889.625","1760072.5","1393182.875","1.01923582528","11","8785193.399","-7630918.024","1154275.375","-551432.867"
"2_60_1.75_75_4.csv","2004/1/2","2007/12/31","366889.625","1760072.5","1393182.875","1.01923582528","11","8785193.399","-7630918.024","1154275.375","-551432.867"
"2_60_1.75_125_8.csv","2004/1/2","2007/12/31","-220081.219","543484.688","763565.907","0.979032593652","7","6281360.146","-5655804.13","625556.016","-433672.015"
"2_60_1.75_100_8.csv","2004/1/2","2007/12/31","-59176.242","861921.0","921097.242","0.979032719112","7","7577267.604","-6822653.104","754614.5","-523142.922"
"2_60_1.75_75_8.csv","2004/1/2","2007/12/31","258669.219","1490948.0","1232278.781","0.979033063174","7","10137155.75","-9127603.875","1009551.875","-699880.383"
"2_60_1.75_50_8.csv","2004/1/2","2007/12/31","369728.219","1710737.5","1341009.281","0.979033112116","7","11031610.432","-9932980.432","1098630.0","-761634.559"
"2_60_1.75_125_14.csv","2004/1/2","2007/12/31","-276985.688","229083.156","506068.844","0.69994305175","7","6359894.615","-5982206.568","377688.047","-434157.758"
"2_60_1.75_125_16.csv","2004/1/2","2007/12/31","-264917.313","249598.75","514516.063","0.699943111298","7","6466053.109","-6082060.75","383992.359","-441404.695"
"2_60_1.75_75_18.csv","2004/1/2","2007/12/31","621959.125","1757238.5","1135279.375","0.699943270765","7","14267341.063","-13420062.126","847278.937","-973959.156"
"2_60_1.75_75_20.csv","2004/1/2","2007/12/31","621959.125","1757238.5","1135279.375","0.699943270765","7","14267341.063","-13420062.126","847278.937","-973959.156"
"2_60_1.75_125_18.csv","2004/1/2","2007/12/31","5026.664","708488.188","703461.524","0.699943144991","7","8840577.855","-8315572.198","525005.657","-603501.469"
"2_60_1.75_125_20.csv","2004/1/2","2007/12/31","5026.664","708488.188","703461.524","0.699943144991","7","8840577.855","-8315572.198","525005.657","-603501.469"
"2_60_1.75_50_14.csv","2004/1/2","2007/12/31","269790.094","1158571.25","888781.156","0.69994336875","7","11169534.095","-10506221.126","663312.969","-762487.531"
"2_60_1.75_100_14.csv","2004/1/2","2007/12/31","-127821.0","482654.875","610475.875","0.699943331587","7","7672003.434","-7216394.59","455608.844","-523728.782"
"2_60_1.75_100_18.csv","2004/1/2","2007/12/31","212373.375","1060966.0","848592.625","0.699943303357","7","10664476.882","-10031157.382","633319.5","-728009.828"
"2_60_1.75_100_20.csv","2004/1/2","2007/12/31","212373.375","1060966.0","848592.625","0.699943303357","7","10664476.882","-10031157.382","633319.5","-728009.828"
"2_60_1.75_100_16.csv","2004/1/2","2007/12/31","-113262.758","507403.125","620665.883","0.699943403302","7","7800063.959","-7336850.147","463213.812","-532470.891"
"2_60_1.75_50_18.csv","2004/1/2","2007/12/31","765073.125","2000524.25","1235451.125","0.699943309714","7","15526224.682","-14604185.932","922038.75","-1059896.75"
"2_60_1.75_50_20.csv","2004/1/2","2007/12/31","765073.125","2000524.25","1235451.125","0.699943309714","7","15526224.682","-14604185.932","922038.75","-1059896.75"
"2_60_1.75_50_16.csv","2004/1/2","2007/12/31","290985.031","1194601.625","903616.594","0.699943510034","7","11355975.596","-10681590.721","674384.875","-775215.001"
"2_60_1.75_75_14.csv","2004/1/2","2007/12/31","166833.75","983551.5","816717.75","0.6999435438","7","10263896.951","-9654366.232","609530.719","-700664.281"
"2_60_1.75_75_16.csv","2004/1/2","2007/12/31","186310.344","1016660.688","830350.344","0.69994360936","7","10435221.302","-9815516.333","619704.969","-712359.734"
"2_60_1.75_150_6.csv","2004/1/2","2007/12/31","12591.719","1237176.625","1224584.906","1.20935702221","8","8113236.316","-7071235.691","1042000.625","-451831.859"
"1_40_1.5_225_10.csv","2004/1/2","2007/12/31","899348.375","1865657.75","966309.375","0.508758365616","20","6553843.809","-5932096.434","621747.375","-814081.875"
"1_40_1.5_225_12.csv","2004/1/2","2007/12/31","899348.375","1865657.75","966309.375","0.508758365616","20","6553843.809","-5932096.434","621747.375","-814081.875"
"1_40_1.5_225_14.csv","2004/1/2","2007/12/31","899348.375","1865657.75","966309.375","0.508758365616","20","6553843.809","-5932096.434","621747.375","-814081.875"
"1_40_1.5_225_16.csv","2004/1/2","2007/12/31","899348.375","1865657.75","966309.375","0.508758365616","20","6553843.809","-5932096.434","621747.375","-814081.875"
"1_40_1.5_225_18.csv","2004/1/2","2007/12/31","899348.375","1865657.75","966309.375","0.508758365616","20","6553843.809","-5932096.434","621747.375","-814081.875"
"1_40_1.5_225_20.csv","2004/1/2","2007/12/31","899348.375","1865657.75","966309.375","0.508758365616","20","6553843.809","-5932096.434","621747.375","-814081.875"
"1_40_1.5_225_4.csv","2004/1/2","2007/12/31","899348.375","1865657.75","966309.375","0.508758365616","20","6553843.809","-5932096.434","621747.375","-814081.875"
"1_40_1.5_225_6.csv","2004/1/2","2007/12/31","899348.375","1865657.75","966309.375","0.508758365616","20","6553843.809","-5932096.434","621747.375","-814081.875"
"1_40_1.5_225_8.csv","2004/1/2","2007/12/31","899348.375","1865657.75","966309.375","0.508758365616","20","6553843.809","-5932096.434","621747.375","-814081.875"
"3_40_1.5_225_10.csv","2004/1/2","2007/12/31","899348.375","1865657.75","966309.375","0.508758365616","20","6553843.809","-5932096.434","621747.375","-814081.875"
"3_40_1.5_225_12.csv","2004/1/2","2007/12/31","899348.375","1865657.75","966309.375","0.508758365616","20","6553843.809","-5932096.434","621747.375","-814081.875"
"3_40_1.5_225_14.csv","2004/1/2","2007/12/31","899348.375","1865657.75","966309.375","0.508758365616","20","6553843.809","-5932096.434","621747.375","-814081.875"
"3_40_1.5_225_16.csv","2004/1/2","2007/12/31","899348.375","1865657.75","966309.375","0.508758365616","20","6553843.809","-5932096.434","621747.375","-814081.875"
"3_40_1.5_225_18.csv","2004/1/2","2007/12/31","899348.375","1865657.75","966309.375","0.508758365616","20","6553843.809","-5932096.434","621747.375","-814081.875"
"3_40_1.5_225_20.csv","2004/1/2","2007/12/31","899348.375","1865657.75","966309.375","0.508758365616","20","6553843.809","-5932096.434","621747.375","-814081.875"
"3_40_1.5_225_4.csv","2004/1/2","2007/12/31","899348.375","1865657.75","966309.375","0.508758365616","20","6553843.809","-5932096.434","621747.375","-814081.875"
"3_40_1.5_225_6.csv","2004/1/2","2007/12/31","899348.375","1865657.75","966309.375","0.508758365616","20","6553843.809","-5932096.434","621747.375","-814081.875"
"3_40_1.5_225_8.csv","2004/1/2","2007/12/31","899348.375","1865657.75","966309.375","0.508758365616","20","6553843.809","-5932096.434","621747.375","-814081.875"
"1_100_1_200_10.csv","2004/1/2","2007/12/31","-112271.563","402808.188","515079.751","0.580222204823","28","6729801.689","-6376671.314","353130.375","-756624.782"
"1_100_1_200_12.csv","2004/1/2","2007/12/31","-112271.563","402808.188","515079.751","0.580222204823","28","6729801.689","-6376671.314","353130.375","-756624.782"
"1_100_1_200_14.csv","2004/1/2","2007/12/31","-112271.563","402808.188","515079.751","0.580222204823","28","6729801.689","-6376671.314","353130.375","-756624.782"
"1_100_1_200_16.csv","2004/1/2","2007/12/31","-112271.563","402808.188","515079.751","0.580222204823","28","6729801.689","-6376671.314","353130.375","-756624.782"
"1_100_1_200_18.csv","2004/1/2","2007/12/31","-112271.563","402808.188","515079.751","0.580222204823","28","6729801.689","-6376671.314","353130.375","-756624.782"
"1_100_1_200_20.csv","2004/1/2","2007/12/31","-112271.563","402808.188","515079.751","0.580222204823","28","6729801.689","-6376671.314","353130.375","-756624.782"
"1_100_1_200_6.csv","2004/1/2","2007/12/31","-112271.563","402808.188","515079.751","0.580222204823","28","6729801.689","-6376671.314","353130.375","-756624.782"
"1_100_1_200_8.csv","2004/1/2","2007/12/31","-112271.563","402808.188","515079.751","0.580222204823","28","6729801.689","-6376671.314","353130.375","-756624.782"
"3_100_1_200_10.csv","2004/1/2","2007/12/31","-112271.563","402808.188","515079.751","0.580222204823","28","6729801.689","-6376671.314","353130.375","-756624.782"
"3_100_1_200_12.csv","2004/1/2","2007/12/31","-112271.563","402808.188","515079.751","0.580222204823","28","6729801.689","-6376671.314","353130.375","-756624.782"
"3_100_1_200_14.csv","2004/1/2","2007/12/31","-112271.563","402808.188","515079.751","0.580222204823","28","6729801.689","-6376671.314","353130.375","-756624.782"
"3_100_1_200_16.csv","2004/1/2","2007/12/31","-112271.563","402808.188","515079.751","0.580222204823","28","6729801.689","-6376671.314","353130.375","-756624.782"
"3_100_1_200_18.csv","2004/1/2","2007/12/31","-112271.563","402808.188","515079.751","0.580222204823","28","6729801.689","-6376671.314","353130.375","-756624.782"
"3_100_1_200_20.csv","2004/1/2","2007/12/31","-112271.563","402808.188","515079.751","0.580222204823","28","6729801.689","-6376671.314","353130.375","-756624.782"
"3_100_1_200_6.csv","2004/1/2","2007/12/31","-112271.563","402808.188","515079.751","0.580222204823","28","6729801.689","-6376671.314","353130.375","-756624.782"
"3_100_1_200_8.csv","2004/1/2","2007/12/31","-112271.563","402808.188","515079.751","0.580222204823","28","6729801.689","-6376671.314","353130.375","-756624.782"
"1_100_1_225_10.csv","2004/1/2","2007/12/31","-63890.578","479260.906","543151.484","0.5802222168","28","7096575.257","-6724199.382","372375.875","-797860.719"
"1_100_1_225_12.csv","2004/1/2","2007/12/31","-63890.578","479260.906","543151.484","0.5802222168","28","7096575.257","-6724199.382","372375.875","-797860.719"
"1_100_1_225_14.csv","2004/1/2","2007/12/31","-63890.578","479260.906","543151.484","0.5802222168","28","7096575.257","-6724199.382","372375.875","-797860.719"
"1_100_1_225_16.csv","2004/1/2","2007/12/31","-63890.578","479260.906","543151.484","0.5802222168","28","7096575.257","-6724199.382","372375.875","-797860.719"
"1_100_1_225_18.csv","2004/1/2","2007/12/31","-63890.578","479260.906","543151.484","0.5802222168","28","7096575.257","-6724199.382","372375.875","-797860.719"
"1_100_1_225_20.csv","2004/1/2","2007/12/31","-63890.578","479260.906","543151.484","0.5802222168","28","7096575.257","-6724199.382","372375.875","-797860.719"
"1_100_1_225_6.csv","2004/1/2","2007/12/31","-63890.578","479260.906","543151.484","0.5802222168","28","7096575.257","-6724199.382","372375.875","-797860.719"
"1_100_1_225_8.csv","2004/1/2","2007/12/31","-63890.578","479260.906","543151.484","0.5802222168","28","7096575.257","-6724199.382","372375.875","-797860.719"
"3_100_1_225_10.csv","2004/1/2","2007/12/31","-63890.578","479260.906","543151.484","0.5802222168","28","7096575.257","-6724199.382","372375.875","-797860.719"
"3_100_1_225_12.csv","2004/1/2","2007/12/31","-63890.578","479260.906","543151.484","0.5802222168","28","7096575.257","-6724199.382","372375.875","-797860.719"
"3_100_1_225_14.csv","2004/1/2","2007/12/31","-63890.578","479260.906","543151.484","0.5802222168","28","7096575.257","-6724199.382","372375.875","-797860.719"
"3_100_1_225_16.csv","2004/1/2","2007/12/31","-63890.578","479260.906","543151.484","0.5802222168","28","7096575.257","-6724199.382","372375.875","-797860.719"
"3_100_1_225_18.csv","2004/1/2","2007/12/31","-63890.578","479260.906","543151.484","0.5802222168","28","7096575.257","-6724199.382","372375.875","-797860.719"
"3_100_1_225_20.csv","2004/1/2","2007/12/31","-63890.578","479260.906","543151.484","0.5802222168","28","7096575.257","-6724199.382","372375.875","-797860.719"
"3_100_1_225_6.csv","2004/1/2","2007/12/31","-63890.578","479260.906","543151.484","0.5802222168","28","7096575.257","-6724199.382","372375.875","-797860.719"
"3_100_1_225_8.csv","2004/1/2","2007/12/31","-63890.578","479260.906","543151.484","0.5802222168","28","7096575.257","-6724199.382","372375.875","-797860.719"
"1_40_1_100_10.csv","2004/1/2","2007/12/31","1623070.75","3380678.0","1757607.25","0.670057126747","26","15669255.937","-14394386.187","1274869.75","-1547473.437"
"1_40_1_100_12.csv","2004/1/2","2007/12/31","1623070.75","3380678.0","1757607.25","0.670057126747","26","15669255.937","-14394386.187","1274869.75","-1547473.437"
"1_40_1_100_14.csv","2004/1/2","2007/12/31","1623070.75","3380678.0","1757607.25","0.670057126747","26","15669255.937","-14394386.187","1274869.75","-1547473.437"
"1_40_1_100_16.csv","2004/1/2","2007/12/31","1623070.75","3380678.0","1757607.25","0.670057126747","26","15669255.937","-14394386.187","1274869.75","-1547473.437"
"1_40_1_100_18.csv","2004/1/2","2007/12/31","1623070.75","3380678.0","1757607.25","0.670057126747","26","15669255.937","-14394386.187","1274869.75","-1547473.437"
"1_40_1_100_20.csv","2004/1/2","2007/12/31","1623070.75","3380678.0","1757607.25","0.670057126747","26","15669255.937","-14394386.187","1274869.75","-1547473.437"
"1_40_1_100_4.csv","2004/1/2","2007/12/31","1623070.75","3380678.0","1757607.25","0.670057126747","26","15669255.937","-14394386.187","1274869.75","-1547473.437"
"1_40_1_100_6.csv","2004/1/2","2007/12/31","1623070.75","3380678.0","1757607.25","0.670057126747","26","15669255.937","-14394386.187","1274869.75","-1547473.437"
"1_40_1_100_8.csv","2004/1/2","2007/12/31","1623070.75","3380678.0","1757607.25","0.670057126747","26","15669255.937","-14394386.187","1274869.75","-1547473.437"
"3_40_1_100_10.csv","2004/1/2","2007/12/31","1623070.75","3380678.0","1757607.25","0.670057126747","26","15669255.937","-14394386.187","1274869.75","-1547473.437"
"3_40_1_100_12.csv","2004/1/2","2007/12/31","1623070.75","3380678.0","1757607.25","0.670057126747","26","15669255.937","-14394386.187","1274869.75","-1547473.437"
"3_40_1_100_14.csv","2004/1/2","2007/12/31","1623070.75","3380678.0","1757607.25","0.670057126747","26","15669255.937","-14394386.187","1274869.75","-1547473.437"
"3_40_1_100_16.csv","2004/1/2","2007/12/31","1623070.75","3380678.0","1757607.25","0.670057126747","26","15669255.937","-14394386.187","1274869.75","-1547473.437"
"3_40_1_100_18.csv","2004/1/2","2007/12/31","1623070.75","3380678.0","1757607.25","0.670057126747","26","15669255.937","-14394386.187","1274869.75","-1547473.437"
"3_40_1_100_20.csv","2004/1/2","2007/12/31","1623070.75","3380678.0","1757607.25","0.670057126747","26","15669255.937","-14394386.187","1274869.75","-1547473.437"
"3_40_1_100_4.csv","2004/1/2","2007/12/31","1623070.75","3380678.0","1757607.25","0.670057126747","26","15669255.937","-14394386.187","1274869.75","-1547473.437"
"3_40_1_100_6.csv","2004/1/2","2007/12/31","1623070.75","3380678.0","1757607.25","0.670057126747","26","15669255.937","-14394386.187","1274869.75","-1547473.437"
"3_40_1_100_8.csv","2004/1/2","2007/12/31","1623070.75","3380678.0","1757607.25","0.670057126747","26","15669255.937","-14394386.187","1274869.75","-1547473.437"
"2_60_1.75_200_8.csv","2004/1/2","2007/12/31","-365864.719","470419.875","836284.594","1.31877947665","4","5038918.506","-4319736.381","719182.125","-292203.094"
"2_40_2_75_4.csv","2004/1/2","2007/12/31","1943097.0","3415400.75","1472303.75","0.500256617434","14","13217740.25","-12290434.75","927305.5","-1104078.625"
"2_40_2_50_4.csv","2004/1/2","2007/12/31","2195362.25","3725454.0","1530091.75","0.478847664298","15","14470975.25","-13532596.0","938379.25","-1198714.0"
"2_40_2_125_4.csv","2004/1/2","2007/12/31","1492474.125","2838500.25","1346026.125","0.540036147818","13","11285022.875","-10400549.5","884473.375","-956770.75"
"2_40_2_100_4.csv","2004/1/2","2007/12/31","1422831.5","2731247.5","1308416.0","0.540035904272","13","10969706.375","-10109947.0","859759.375","-930037.5"
"2_60_1.75_200_18.csv","2004/1/2","2007/12/31","-52622.047","1000783.438","1053405.485","1.11191682439","4","8399352.69","-7521475.471","877877.219","-513868.687"
"2_60_1.75_200_20.csv","2004/1/2","2007/12/31","-52622.047","1000783.438","1053405.485","1.11191682439","4","8399352.69","-7521475.471","877877.219","-513868.687"
"2_60_1.75_200_16.csv","2004/1/2","2007/12/31","-407729.281","250826.531","658555.812","1.1119168834","4","5251009.762","-4702188.668","548821.094","-321254.469"
"2_60_1.75_200_14.csv","2004/1/2","2007/12/31","-417453.063","230290.656","647743.719","1.11191678792","4","5164798.96","-4624988.366","539810.594","-315980.219"
"1_40_1.5_150_10.csv","2004/1/2","2007/12/31","1424456.75","2666555.0","1242098.25","0.512320234213","23","9292431.938","-8506166.563","786265.375","-1084567.75"
"1_40_1.5_150_12.csv","2004/1/2","2007/12/31","1424456.75","2666555.0","1242098.25","0.512320234213","23","9292431.938","-8506166.563","786265.375","-1084567.75"
"1_40_1.5_150_14.csv","2004/1/2","2007/12/31","1424456.75","2666555.0","1242098.25","0.512320234213","23","9292431.938","-8506166.563","786265.375","-1084567.75"
"1_40_1.5_150_16.csv","2004/1/2","2007/12/31","1424456.75","2666555.0","1242098.25","0.512320234213","23","9292431.938","-8506166.563","786265.375","-1084567.75"
"1_40_1.5_150_18.csv","2004/1/2","2007/12/31","1424456.75","2666555.0","1242098.25","0.512320234213","23","9292431.938","-8506166.563","786265.375","-1084567.75"
"1_40_1.5_150_20.csv","2004/1/2","2007/12/31","1424456.75","2666555.0","1242098.25","0.512320234213","23","9292431.938","-8506166.563","786265.375","-1084567.75"
"1_40_1.5_150_4.csv","2004/1/2","2007/12/31","1424456.75","2666555.0","1242098.25","0.512320234213","23","9292431.938","-8506166.563","786265.375","-1084567.75"
"1_40_1.5_150_6.csv","2004/1/2","2007/12/31","1424456.75","2666555.0","1242098.25","0.512320234213","23","9292431.938","-8506166.563","786265.375","-1084567.75"
"1_40_1.5_150_8.csv","2004/1/2","2007/12/31","1424456.75","2666555.0","1242098.25","0.512320234213","23","9292431.938","-8506166.563","786265.375","-1084567.75"
"3_40_1.5_150_10.csv","2004/1/2","2007/12/31","1424456.75","2666555.0","1242098.25","0.512320234213","23","9292431.938","-8506166.563","786265.375","-1084567.75"
"3_40_1.5_150_12.csv","2004/1/2","2007/12/31","1424456.75","2666555.0","1242098.25","0.512320234213","23","9292431.938","-8506166.563","786265.375","-1084567.75"
"3_40_1.5_150_14.csv","2004/1/2","2007/12/31","1424456.75","2666555.0","1242098.25","0.512320234213","23","9292431.938","-8506166.563","786265.375","-1084567.75"
"3_40_1.5_150_16.csv","2004/1/2","2007/12/31","1424456.75","2666555.0","1242098.25","0.512320234213","23","9292431.938","-8506166.563","786265.375","-1084567.75"
"3_40_1.5_150_18.csv","2004/1/2","2007/12/31","1424456.75","2666555.0","1242098.25","0.512320234213","23","9292431.938","-8506166.563","786265.375","-1084567.75"
"3_40_1.5_150_20.csv","2004/1/2","2007/12/31","1424456.75","2666555.0","1242098.25","0.512320234213","23","9292431.938","-8506166.563","786265.375","-1084567.75"
"3_40_1.5_150_4.csv","2004/1/2","2007/12/31","1424456.75","2666555.0","1242098.25","0.512320234213","23","9292431.938","-8506166.563","786265.375","-1084567.75"
"3_40_1.5_150_6.csv","2004/1/2","2007/12/31","1424456.75","2666555.0","1242098.25","0.512320234213","23","9292431.938","-8506166.563","786265.375","-1084567.75"
"3_40_1.5_150_8.csv","2004/1/2","2007/12/31","1424456.75","2666555.0","1242098.25","0.512320234213","23","9292431.938","-8506166.563","786265.375","-1084567.75"
"1_40_1.5_175_10.csv","2004/1/2","2007/12/31","950530.563","1899659.375","949128.812","0.486600328139","21","7002528.621","-6420127.746","582400.875","-844930.312"
"1_40_1.5_175_12.csv","2004/1/2","2007/12/31","950530.563","1899659.375","949128.812","0.486600328139","21","7002528.621","-6420127.746","582400.875","-844930.312"
"1_40_1.5_175_14.csv","2004/1/2","2007/12/31","950530.563","1899659.375","949128.812","0.486600328139","21","7002528.621","-6420127.746","582400.875","-844930.312"
"1_40_1.5_175_16.csv","2004/1/2","2007/12/31","950530.563","1899659.375","949128.812","0.486600328139","21","7002528.621","-6420127.746","582400.875","-844930.312"
"1_40_1.5_175_18.csv","2004/1/2","2007/12/31","950530.563","1899659.375","949128.812","0.486600328139","21","7002528.621","-6420127.746","582400.875","-844930.312"
"1_40_1.5_175_20.csv","2004/1/2","2007/12/31","950530.563","1899659.375","949128.812","0.486600328139","21","7002528.621","-6420127.746","582400.875","-844930.312"
"1_40_1.5_175_4.csv","2004/1/2","2007/12/31","950530.563","1899659.375","949128.812","0.486600328139","21","7002528.621","-6420127.746","582400.875","-844930.312"
"1_40_1.5_175_6.csv","2004/1/2","2007/12/31","950530.563","1899659.375","949128.812","0.486600328139","21","7002528.621","-6420127.746","582400.875","-844930.312"
"1_40_1.5_175_8.csv","2004/1/2","2007/12/31","950530.563","1899659.375","949128.812","0.486600328139","21","7002528.621","-6420127.746","582400.875","-844930.312"
"3_40_1.5_175_10.csv","2004/1/2","2007/12/31","950530.563","1899659.375","949128.812","0.486600328139","21","7002528.621","-6420127.746","582400.875","-844930.312"
"3_40_1.5_175_12.csv","2004/1/2","2007/12/31","950530.563","1899659.375","949128.812","0.486600328139","21","7002528.621","-6420127.746","582400.875","-844930.312"
"3_40_1.5_175_14.csv","2004/1/2","2007/12/31","950530.563","1899659.375","949128.812","0.486600328139","21","7002528.621","-6420127.746","582400.875","-844930.312"
"3_40_1.5_175_16.csv","2004/1/2","2007/12/31","950530.563","1899659.375","949128.812","0.486600328139","21","7002528.621","-6420127.746","582400.875","-844930.312"
"3_40_1.5_175_18.csv","2004/1/2","2007/12/31","950530.563","1899659.375","949128.812","0.486600328139","21","7002528.621","-6420127.746","582400.875","-844930.312"
"3_40_1.5_175_20.csv","2004/1/2","2007/12/31","950530.563","1899659.375","949128.812","0.486600328139","21","7002528.621","-6420127.746","582400.875","-844930.312"
"3_40_1.5_175_4.csv","2004/1/2","2007/12/31","950530.563","1899659.375","949128.812","0.486600328139","21","7002528.621","-6420127.746","582400.875","-844930.312"
"3_40_1.5_175_6.csv","2004/1/2","2007/12/31","950530.563","1899659.375","949128.812","0.486600328139","21","7002528.621","-6420127.746","582400.875","-844930.312"
"3_40_1.5_175_8.csv","2004/1/2","2007/12/31","950530.563","1899659.375","949128.812","0.486600328139","21","7002528.621","-6420127.746","582400.875","-844930.312"
"2_100_0.75_50_4.csv","2004/1/2","2007/12/31","-434233.75","-355419.813","78813.937","0.139304769417","12","4106800.922","-4134425.079","-27624.157","-457438.766"
"1_40_1.5_50_10.csv","2004/1/2","2007/12/31","1810269.875","3202550.75","1392280.875","0.495426039821","29","11601951.125","-10739212.375","862738.75","-1272450.125"
"1_40_1.5_50_12.csv","2004/1/2","2007/12/31","1810269.875","3202550.75","1392280.875","0.495426039821","29","11601951.125","-10739212.375","862738.75","-1272450.125"
"1_40_1.5_50_14.csv","2004/1/2","2007/12/31","1810269.875","3202550.75","1392280.875","0.495426039821","29","11601951.125","-10739212.375","862738.75","-1272450.125"
"1_40_1.5_50_16.csv","2004/1/2","2007/12/31","1810269.875","3202550.75","1392280.875","0.495426039821","29","11601951.125","-10739212.375","862738.75","-1272450.125"
"1_40_1.5_50_18.csv","2004/1/2","2007/12/31","1810269.875","3202550.75","1392280.875","0.495426039821","29","11601951.125","-10739212.375","862738.75","-1272450.125"
"1_40_1.5_50_20.csv","2004/1/2","2007/12/31","1810269.875","3202550.75","1392280.875","0.495426039821","29","11601951.125","-10739212.375","862738.75","-1272450.125"
"1_40_1.5_50_4.csv","2004/1/2","2007/12/31","1810269.875","3202550.75","1392280.875","0.495426039821","29","11601951.125","-10739212.375","862738.75","-1272450.125"
"1_40_1.5_50_6.csv","2004/1/2","2007/12/31","1810269.875","3202550.75","1392280.875","0.495426039821","29","11601951.125","-10739212.375","862738.75","-1272450.125"
"1_40_1.5_50_8.csv","2004/1/2","2007/12/31","1810269.875","3202550.75","1392280.875","0.495426039821","29","11601951.125","-10739212.375","862738.75","-1272450.125"
"3_40_1.5_50_10.csv","2004/1/2","2007/12/31","1810269.875","3202550.75","1392280.875","0.495426039821","29","11601951.125","-10739212.375","862738.75","-1272450.125"
"3_40_1.5_50_12.csv","2004/1/2","2007/12/31","1810269.875","3202550.75","1392280.875","0.495426039821","29","11601951.125","-10739212.375","862738.75","-1272450.125"
"3_40_1.5_50_14.csv","2004/1/2","2007/12/31","1810269.875","3202550.75","1392280.875","0.495426039821","29","11601951.125","-10739212.375","862738.75","-1272450.125"
"3_40_1.5_50_16.csv","2004/1/2","2007/12/31","1810269.875","3202550.75","1392280.875","0.495426039821","29","11601951.125","-10739212.375","862738.75","-1272450.125"
"3_40_1.5_50_18.csv","2004/1/2","2007/12/31","1810269.875","3202550.75","1392280.875","0.495426039821","29","11601951.125","-10739212.375","862738.75","-1272450.125"
"3_40_1.5_50_20.csv","2004/1/2","2007/12/31","1810269.875","3202550.75","1392280.875","0.495426039821","29","11601951.125","-10739212.375","862738.75","-1272450.125"
"3_40_1.5_50_4.csv","2004/1/2","2007/12/31","1810269.875","3202550.75","1392280.875","0.495426039821","29","11601951.125","-10739212.375","862738.75","-1272450.125"
"3_40_1.5_50_6.csv","2004/1/2","2007/12/31","1810269.875","3202550.75","1392280.875","0.495426039821","29","11601951.125","-10739212.375","862738.75","-1272450.125"
"3_40_1.5_50_8.csv","2004/1/2","2007/12/31","1810269.875","3202550.75","1392280.875","0.495426039821","29","11601951.125","-10739212.375","862738.75","-1272450.125"
"1_40_1.5_100_10.csv","2004/1/2","2007/12/31","1650916.625","2715471.25","1064554.625","0.40157982147","24","10118984.25","-9553944.75","565039.5","-1331097.125"
"1_40_1.5_100_12.csv","2004/1/2","2007/12/31","1650916.625","2715471.25","1064554.625","0.40157982147","24","10118984.25","-9553944.75","565039.5","-1331097.125"
"1_40_1.5_100_14.csv","2004/1/2","2007/12/31","1650916.625","2715471.25","1064554.625","0.40157982147","24","10118984.25","-9553944.75","565039.5","-1331097.125"
"1_40_1.5_100_16.csv","2004/1/2","2007/12/31","1650916.625","2715471.25","1064554.625","0.40157982147","24","10118984.25","-9553944.75","565039.5","-1331097.125"
"1_40_1.5_100_18.csv","2004/1/2","2007/12/31","1650916.625","2715471.25","1064554.625","0.40157982147","24","10118984.25","-9553944.75","565039.5","-1331097.125"
"1_40_1.5_100_20.csv","2004/1/2","2007/12/31","1650916.625","2715471.25","1064554.625","0.40157982147","24","10118984.25","-9553944.75","565039.5","-1331097.125"
"1_40_1.5_100_4.csv","2004/1/2","2007/12/31","1650916.625","2715471.25","1064554.625","0.40157982147","24","10118984.25","-9553944.75","565039.5","-1331097.125"
"1_40_1.5_100_6.csv","2004/1/2","2007/12/31","1650916.625","2715471.25","1064554.625","0.40157982147","24","10118984.25","-9553944.75","565039.5","-1331097.125"
"1_40_1.5_100_8.csv","2004/1/2","2007/12/31","1650916.625","2715471.25","1064554.625","0.40157982147","24","10118984.25","-9553944.75","565039.5","-1331097.125"
"3_40_1.5_100_10.csv","2004/1/2","2007/12/31","1650916.625","2715471.25","1064554.625","0.40157982147","24","10118984.25","-9553944.75","565039.5","-1331097.125"
"3_40_1.5_100_12.csv","2004/1/2","2007/12/31","1650916.625","2715471.25","1064554.625","0.40157982147","24","10118984.25","-9553944.75","565039.5","-1331097.125"
"3_40_1.5_100_14.csv","2004/1/2","2007/12/31","1650916.625","2715471.25","1064554.625","0.40157982147","24","10118984.25","-9553944.75","565039.5","-1331097.125"
"3_40_1.5_100_16.csv","2004/1/2","2007/12/31","1650916.625","2715471.25","1064554.625","0.40157982147","24","10118984.25","-9553944.75","565039.5","-1331097.125"
"3_40_1.5_100_18.csv","2004/1/2","2007/12/31","1650916.625","2715471.25","1064554.625","0.40157982147","24","10118984.25","-9553944.75","565039.5","-1331097.125"
"3_40_1.5_100_20.csv","2004/1/2","2007/12/31","1650916.625","2715471.25","1064554.625","0.40157982147","24","10118984.25","-9553944.75","565039.5","-1331097.125"
"3_40_1.5_100_4.csv","2004/1/2","2007/12/31","1650916.625","2715471.25","1064554.625","0.40157982147","24","10118984.25","-9553944.75","565039.5","-1331097.125"
"3_40_1.5_100_6.csv","2004/1/2","2007/12/31","1650916.625","2715471.25","1064554.625","0.40157982147","24","10118984.25","-9553944.75","565039.5","-1331097.125"
"3_40_1.5_100_8.csv","2004/1/2","2007/12/31","1650916.625","2715471.25","1064554.625","0.40157982147","24","10118984.25","-9553944.75","565039.5","-1331097.125"
"1_40_1.5_75_10.csv","2004/1/2","2007/12/31","2384087.0","4259499.5","1875412.5","0.554185663666","26","14149700.125","-12911955.375","1237744.75","-1427718.25"
"1_40_1.5_75_12.csv","2004/1/2","2007/12/31","2384087.0","4259499.5","1875412.5","0.554185663666","26","14149700.125","-12911955.375","1237744.75","-1427718.25"
"1_40_1.5_75_14.csv","2004/1/2","2007/12/31","2384087.0","4259499.5","1875412.5","0.554185663666","26","14149700.125","-12911955.375","1237744.75","-1427718.25"
"1_40_1.5_75_16.csv","2004/1/2","2007/12/31","2384087.0","4259499.5","1875412.5","0.554185663666","26","14149700.125","-12911955.375","1237744.75","-1427718.25"
"1_40_1.5_75_18.csv","2004/1/2","2007/12/31","2384087.0","4259499.5","1875412.5","0.554185663666","26","14149700.125","-12911955.375","1237744.75","-1427718.25"
"1_40_1.5_75_20.csv","2004/1/2","2007/12/31","2384087.0","4259499.5","1875412.5","0.554185663666","26","14149700.125","-12911955.375","1237744.75","-1427718.25"
"1_40_1.5_75_4.csv","2004/1/2","2007/12/31","2384087.0","4259499.5","1875412.5","0.554185663666","26","14149700.125","-12911955.375","1237744.75","-1427718.25"
"1_40_1.5_75_6.csv","2004/1/2","2007/12/31","2384087.0","4259499.5","1875412.5","0.554185663666","26","14149700.125","-12911955.375","1237744.75","-1427718.25"
"1_40_1.5_75_8.csv","2004/1/2","2007/12/31","2384087.0","4259499.5","1875412.5","0.554185663666","26","14149700.125","-12911955.375","1237744.75","-1427718.25"
"3_40_1.5_75_10.csv","2004/1/2","2007/12/31","2384087.0","4259499.5","1875412.5","0.554185663666","26","14149700.125","-12911955.375","1237744.75","-1427718.25"
"3_40_1.5_75_12.csv","2004/1/2","2007/12/31","2384087.0","4259499.5","1875412.5","0.554185663666","26","14149700.125","-12911955.375","1237744.75","-1427718.25"
"3_40_1.5_75_14.csv","2004/1/2","2007/12/31","2384087.0","4259499.5","1875412.5","0.554185663666","26","14149700.125","-12911955.375","1237744.75","-1427718.25"
"3_40_1.5_75_16.csv","2004/1/2","2007/12/31","2384087.0","4259499.5","1875412.5","0.554185663666","26","14149700.125","-12911955.375","1237744.75","-1427718.25"
"3_40_1.5_75_18.csv","2004/1/2","2007/12/31","2384087.0","4259499.5","1875412.5","0.554185663666","26","14149700.125","-12911955.375","1237744.75","-1427718.25"
"3_40_1.5_75_20.csv","2004/1/2","2007/12/31","2384087.0","4259499.5","1875412.5","0.554185663666","26","14149700.125","-12911955.375","1237744.75","-1427718.25"
"3_40_1.5_75_4.csv","2004/1/2","2007/12/31","2384087.0","4259499.5","1875412.5","0.554185663666","26","14149700.125","-12911955.375","1237744.75","-1427718.25"
"3_40_1.5_75_6.csv","2004/1/2","2007/12/31","2384087.0","4259499.5","1875412.5","0.554185663666","26","14149700.125","-12911955.375","1237744.75","-1427718.25"
"3_40_1.5_75_8.csv","2004/1/2","2007/12/31","2384087.0","4259499.5","1875412.5","0.554185663666","26","14149700.125","-12911955.375","1237744.75","-1427718.25"
"2_20_2_50_10.csv","2004/1/2","2007/12/31","347037.688","1197129.0","850091.312","0.631082054773","17","8679515.894","-8085112.707","594403.187","-832529.953"
"2_20_2_50_12.csv","2004/1/2","2007/12/31","347037.688","1197129.0","850091.312","0.631082054773","17","8679515.894","-8085112.707","594403.187","-832529.953"
"2_20_2_50_14.csv","2004/1/2","2007/12/31","347037.688","1197129.0","850091.312","0.631082054773","17","8679515.894","-8085112.707","594403.187","-832529.953"
"2_20_2_50_16.csv","2004/1/2","2007/12/31","347037.688","1197129.0","850091.312","0.631082054773","17","8679515.894","-8085112.707","594403.187","-832529.953"
"2_20_2_50_18.csv","2004/1/2","2007/12/31","347037.688","1197129.0","850091.312","0.631082054773","17","8679515.894","-8085112.707","594403.187","-832529.953"
"2_20_2_50_20.csv","2004/1/2","2007/12/31","347037.688","1197129.0","850091.312","0.631082054773","17","8679515.894","-8085112.707","594403.187","-832529.953"
"1_40_1.5_125_10.csv","2004/1/2","2007/12/31","1386189.25","2405519.75","1019330.5","0.427179235679","23","9063128.063","-8501306.063","561822.0","-1206382.25"
"1_40_1.5_125_12.csv","2004/1/2","2007/12/31","1386189.25","2405519.75","1019330.5","0.427179235679","23","9063128.063","-8501306.063","561822.0","-1206382.25"
"1_40_1.5_125_14.csv","2004/1/2","2007/12/31","1386189.25","2405519.75","1019330.5","0.427179235679","23","9063128.063","-8501306.063","561822.0","-1206382.25"
"1_40_1.5_125_16.csv","2004/1/2","2007/12/31","1386189.25","2405519.75","1019330.5","0.427179235679","23","9063128.063","-8501306.063","561822.0","-1206382.25"
"1_40_1.5_125_18.csv","2004/1/2","2007/12/31","1386189.25","2405519.75","1019330.5","0.427179235679","23","9063128.063","-8501306.063","561822.0","-1206382.25"
"1_40_1.5_125_20.csv","2004/1/2","2007/12/31","1386189.25","2405519.75","1019330.5","0.427179235679","23","9063128.063","-8501306.063","561822.0","-1206382.25"
"1_40_1.5_125_4.csv","2004/1/2","2007/12/31","1386189.25","2405519.75","1019330.5","0.427179235679","23","9063128.063","-8501306.063","561822.0","-1206382.25"
"1_40_1.5_125_6.csv","2004/1/2","2007/12/31","1386189.25","2405519.75","1019330.5","0.427179235679","23","9063128.063","-8501306.063","561822.0","-1206382.25"
"1_40_1.5_125_8.csv","2004/1/2","2007/12/31","1386189.25","2405519.75","1019330.5","0.427179235679","23","9063128.063","-8501306.063","561822.0","-1206382.25"
"3_40_1.5_125_10.csv","2004/1/2","2007/12/31","1386189.25","2405519.75","1019330.5","0.427179235679","23","9063128.063","-8501306.063","561822.0","-1206382.25"
"3_40_1.5_125_12.csv","2004/1/2","2007/12/31","1386189.25","2405519.75","1019330.5","0.427179235679","23","9063128.063","-8501306.063","561822.0","-1206382.25"
"3_40_1.5_125_14.csv","2004/1/2","2007/12/31","1386189.25","2405519.75","1019330.5","0.427179235679","23","9063128.063","-8501306.063","561822.0","-1206382.25"
"3_40_1.5_125_16.csv","2004/1/2","2007/12/31","1386189.25","2405519.75","1019330.5","0.427179235679","23","9063128.063","-8501306.063","561822.0","-1206382.25"
"3_40_1.5_125_18.csv","2004/1/2","2007/12/31","1386189.25","2405519.75","1019330.5","0.427179235679","23","9063128.063","-8501306.063","561822.0","-1206382.25"
"3_40_1.5_125_20.csv","2004/1/2","2007/12/31","1386189.25","2405519.75","1019330.5","0.427179235679","23","9063128.063","-8501306.063","561822.0","-1206382.25"
"3_40_1.5_125_4.csv","2004/1/2","2007/12/31","1386189.25","2405519.75","1019330.5","0.427179235679","23","9063128.063","-8501306.063","561822.0","-1206382.25"
"3_40_1.5_125_6.csv","2004/1/2","2007/12/31","1386189.25","2405519.75","1019330.5","0.427179235679","23","9063128.063","-8501306.063","561822.0","-1206382.25"
"3_40_1.5_125_8.csv","2004/1/2","2007/12/31","1386189.25","2405519.75","1019330.5","0.427179235679","23","9063128.063","-8501306.063","561822.0","-1206382.25"
"2_20_1.75_50_10.csv","2004/1/2","2007/12/31","372465.563","1575809.25","1203343.687","0.876775140623","17","9635174.041","-8697238.791","937935.25","-890149.691"
"2_20_1.75_50_12.csv","2004/1/2","2007/12/31","372465.563","1575809.25","1203343.687","0.876775140623","17","9635174.041","-8697238.791","937935.25","-890149.691"
"2_20_1.75_50_14.csv","2004/1/2","2007/12/31","372465.563","1575809.25","1203343.687","0.876775140623","17","9635174.041","-8697238.791","937935.25","-890149.691"
"2_20_1.75_50_16.csv","2004/1/2","2007/12/31","372465.563","1575809.25","1203343.687","0.876775140623","17","9635174.041","-8697238.791","937935.25","-890149.691"
"2_20_1.75_50_18.csv","2004/1/2","2007/12/31","372465.563","1575809.25","1203343.687","0.876775140623","17","9635174.041","-8697238.791","937935.25","-890149.691"
"2_20_1.75_50_20.csv","2004/1/2","2007/12/31","372465.563","1575809.25","1203343.687","0.876775140623","17","9635174.041","-8697238.791","937935.25","-890149.691"
"1_20_1_225_10.csv","2004/1/2","2007/12/31","1695030.75","2699259.25","1004228.5","0.372622278985","37","10617790.062","-10135301.562","482488.5","-1244131.812"
"1_20_1_225_12.csv","2004/1/2","2007/12/31","1695030.75","2699259.25","1004228.5","0.372622278985","37","10617790.062","-10135301.562","482488.5","-1244131.812"
"1_20_1_225_14.csv","2004/1/2","2007/12/31","1695030.75","2699259.25","1004228.5","0.372622278985","37","10617790.062","-10135301.562","482488.5","-1244131.812"
"1_20_1_225_16.csv","2004/1/2","2007/12/31","1695030.75","2699259.25","1004228.5","0.372622278985","37","10617790.062","-10135301.562","482488.5","-1244131.812"
"1_20_1_225_18.csv","2004/1/2","2007/12/31","1695030.75","2699259.25","1004228.5","0.372622278985","37","10617790.062","-10135301.562","482488.5","-1244131.812"
"1_20_1_225_20.csv","2004/1/2","2007/12/31","1695030.75","2699259.25","1004228.5","0.372622278985","37","10617790.062","-10135301.562","482488.5","-1244131.812"
"1_20_1_225_4.csv","2004/1/2","2007/12/31","1695030.75","2699259.25","1004228.5","0.372622278985","37","10617790.062","-10135301.562","482488.5","-1244131.812"
"1_20_1_225_6.csv","2004/1/2","2007/12/31","1695030.75","2699259.25","1004228.5","0.372622278985","37","10617790.062","-10135301.562","482488.5","-1244131.812"
"1_20_1_225_8.csv","2004/1/2","2007/12/31","1695030.75","2699259.25","1004228.5","0.372622278985","37","10617790.062","-10135301.562","482488.5","-1244131.812"
"3_20_1_225_10.csv","2004/1/2","2007/12/31","1695030.75","2699259.25","1004228.5","0.372622278985","37","10617790.062","-10135301.562","482488.5","-1244131.812"
"3_20_1_225_12.csv","2004/1/2","2007/12/31","1695030.75","2699259.25","1004228.5","0.372622278985","37","10617790.062","-10135301.562","482488.5","-1244131.812"
"3_20_1_225_14.csv","2004/1/2","2007/12/31","1695030.75","2699259.25","1004228.5","0.372622278985","37","10617790.062","-10135301.562","482488.5","-1244131.812"
"3_20_1_225_16.csv","2004/1/2","2007/12/31","1695030.75","2699259.25","1004228.5","0.372622278985","37","10617790.062","-10135301.562","482488.5","-1244131.812"
"3_20_1_225_18.csv","2004/1/2","2007/12/31","1695030.75","2699259.25","1004228.5","0.372622278985","37","10617790.062","-10135301.562","482488.5","-1244131.812"
"3_20_1_225_20.csv","2004/1/2","2007/12/31","1695030.75","2699259.25","1004228.5","0.372622278985","37","10617790.062","-10135301.562","482488.5","-1244131.812"
"3_20_1_225_4.csv","2004/1/2","2007/12/31","1695030.75","2699259.25","1004228.5","0.372622278985","37","10617790.062","-10135301.562","482488.5","-1244131.812"
"3_20_1_225_6.csv","2004/1/2","2007/12/31","1695030.75","2699259.25","1004228.5","0.372622278985","37","10617790.062","-10135301.562","482488.5","-1244131.812"
"3_20_1_225_8.csv","2004/1/2","2007/12/31","1695030.75","2699259.25","1004228.5","0.372622278985","37","10617790.062","-10135301.562","482488.5","-1244131.812"
"2_60_2_100_6.csv","2004/1/2","2007/12/31","2555575.75","5266488.5","2710912.75","0.762439880517","8","21888202.0","-19869150.0","2019052.0","-1614696.0"
"2_60_2_50_6.csv","2004/1/2","2007/12/31","3876904.0","7595251.0","3718347.0","0.762440064434","8","30022329.25","-27252953.75","2769375.5","-2214752.0"
"2_60_2_75_6.csv","2004/1/2","2007/12/31","3876904.0","7595251.0","3718347.0","0.762440064434","8","30022329.25","-27252953.75","2769375.5","-2214752.0"
"2_60_2_125_6.csv","2004/1/2","2007/12/31","1667065.875","3700544.0","2033478.125","0.762440157201","8","16418519.375","-14904011.875","1514507.5","-1211196.75"
"1_40_1.5_200_10.csv","2004/1/2","2007/12/31","823159.813","1750707.875","927548.062","0.508758505637","20","6361242.25","-5789538.75","571703.5","-781426.875"
"1_40_1.5_200_12.csv","2004/1/2","2007/12/31","823159.813","1750707.875","927548.062","0.508758505637","20","6361242.25","-5789538.75","571703.5","-781426.875"
"1_40_1.5_200_14.csv","2004/1/2","2007/12/31","823159.813","1750707.875","927548.062","0.508758505637","20","6361242.25","-5789538.75","571703.5","-781426.875"
"1_40_1.5_200_16.csv","2004/1/2","2007/12/31","823159.813","1750707.875","927548.062","0.508758505637","20","6361242.25","-5789538.75","571703.5","-781426.875"
"1_40_1.5_200_18.csv","2004/1/2","2007/12/31","823159.813","1750707.875","927548.062","0.508758505637","20","6361242.25","-5789538.75","571703.5","-781426.875"
"1_40_1.5_200_20.csv","2004/1/2","2007/12/31","823159.813","1750707.875","927548.062","0.508758505637","20","6361242.25","-5789538.75","571703.5","-781426.875"
"1_40_1.5_200_4.csv","2004/1/2","2007/12/31","823159.813","1750707.875","927548.062","0.508758505637","20","6361242.25","-5789538.75","571703.5","-781426.875"
"1_40_1.5_200_6.csv","2004/1/2","2007/12/31","823159.813","1750707.875","927548.062","0.508758505637","20","6361242.25","-5789538.75","571703.5","-781426.875"
"1_40_1.5_200_8.csv","2004/1/2","2007/12/31","823159.813","1750707.875","927548.062","0.508758505637","20","6361242.25","-5789538.75","571703.5","-781426.875"
"3_40_1.5_200_10.csv","2004/1/2","2007/12/31","823159.813","1750707.875","927548.062","0.508758505637","20","6361242.25","-5789538.75","571703.5","-781426.875"
"3_40_1.5_200_12.csv","2004/1/2","2007/12/31","823159.813","1750707.875","927548.062","0.508758505637","20","6361242.25","-5789538.75","571703.5","-781426.875"
"3_40_1.5_200_14.csv","2004/1/2","2007/12/31","823159.813","1750707.875","927548.062","0.508758505637","20","6361242.25","-5789538.75","571703.5","-781426.875"
"3_40_1.5_200_16.csv","2004/1/2","2007/12/31","823159.813","1750707.875","927548.062","0.508758505637","20","6361242.25","-5789538.75","571703.5","-781426.875"
"3_40_1.5_200_18.csv","2004/1/2","2007/12/31","823159.813","1750707.875","927548.062","0.508758505637","20","6361242.25","-5789538.75","571703.5","-781426.875"
"3_40_1.5_200_20.csv","2004/1/2","2007/12/31","823159.813","1750707.875","927548.062","0.508758505637","20","6361242.25","-5789538.75","571703.5","-781426.875"
"3_40_1.5_200_4.csv","2004/1/2","2007/12/31","823159.813","1750707.875","927548.062","0.508758505637","20","6361242.25","-5789538.75","571703.5","-781426.875"
"3_40_1.5_200_6.csv","2004/1/2","2007/12/31","823159.813","1750707.875","927548.062","0.508758505637","20","6361242.25","-5789538.75","571703.5","-781426.875"
"3_40_1.5_200_8.csv","2004/1/2","2007/12/31","823159.813","1750707.875","927548.062","0.508758505637","20","6361242.25","-5789538.75","571703.5","-781426.875"
"2_60_1.75_150_8.csv","2004/1/2","2007/12/31","-430975.781","120103.625","551079.406","0.968463885366","7","4472672.333","-4033419.645","439252.688","-318741.844"
"2_60_1.75_175_6.csv","2004/1/2","2007/12/31","-57508.492","1008709.625","1066218.117","1.13127609952","7","7272647.411","-6391968.38","880679.031","-420552.157"
"2_60_1.75_150_18.csv","2004/1/2","2007/12/31","-266738.313","239846.344","506584.657","0.690864756718","7","6308099.567","-5946072.192","362027.375","-443151.586"
"2_60_1.75_150_20.csv","2004/1/2","2007/12/31","-266738.313","239846.344","506584.657","0.690864756718","7","6308099.567","-5946072.192","362027.375","-443151.586"
"2_60_1.75_150_14.csv","2004/1/2","2007/12/31","-472493.125","-108057.125","364436.0","0.690864929486","7","4538034.145","-4277592.395","260441.75","-318802.375"
"2_60_1.75_150_16.csv","2004/1/2","2007/12/31","-463688.094","-93168.969","370519.125","0.690865000114","7","4613783.019","-4348994.019","264789.0","-324123.875"
"2_40_1.25_100_4.csv","2004/1/2","2007/12/31","749544.063","2839725.5","2090181.437","1.19470065442","10","13406502.696","-11664409.571","1742093.125","-1145637.078"
"2_40_1_150_6.csv","2004/1/2","2007/12/31","-43930.746","1713790.25","1757720.996","1.83848710608","10","8663273.831","-7096319.847","1566953.984","-544767.891"
"2_20_2_200_10.csv","2004/1/2","2007/12/31","-123259.367","390351.094","513610.461","0.585818019227","13","4563408.882","-4226036.722","337372.16","-493905.032"
"2_20_2_200_12.csv","2004/1/2","2007/12/31","-123259.367","390351.094","513610.461","0.585818019227","13","4563408.882","-4226036.722","337372.16","-493905.032"
"2_20_2_200_14.csv","2004/1/2","2007/12/31","-123259.367","390351.094","513610.461","0.585818019227","13","4563408.882","-4226036.722","337372.16","-493905.032"
"2_20_2_200_16.csv","2004/1/2","2007/12/31","-123259.367","390351.094","513610.461","0.585818019227","13","4563408.882","-4226036.722","337372.16","-493905.032"
"2_20_2_200_18.csv","2004/1/2","2007/12/31","-123259.367","390351.094","513610.461","0.585818019227","13","4563408.882","-4226036.722","337372.16","-493905.032"
"2_20_2_200_20.csv","2004/1/2","2007/12/31","-123259.367","390351.094","513610.461","0.585818019227","13","4563408.882","-4226036.722","337372.16","-493905.032"
"2_20_2_225_10.csv","2004/1/2","2007/12/31","74782.453","704409.438","629626.985","0.585818072525","13","5594211.355","-5180632.136","413579.219","-605470.469"
"2_20_2_225_12.csv","2004/1/2","2007/12/31","74782.453","704409.438","629626.985","0.585818072525","13","5594211.355","-5180632.136","413579.219","-605470.469"
"2_20_2_225_14.csv","2004/1/2","2007/12/31","74782.453","704409.438","629626.985","0.585818072525","13","5594211.355","-5180632.136","413579.219","-605470.469"
"2_20_2_225_16.csv","2004/1/2","2007/12/31","74782.453","704409.438","629626.985","0.585818072525","13","5594211.355","-5180632.136","413579.219","-605470.469"
"2_20_2_225_18.csv","2004/1/2","2007/12/31","74782.453","704409.438","629626.985","0.585818072525","13","5594211.355","-5180632.136","413579.219","-605470.469"
"2_20_2_225_20.csv","2004/1/2","2007/12/31","74782.453","704409.438","629626.985","0.585818072525","13","5594211.355","-5180632.136","413579.219","-605470.469"
"2_80_1.5_200_8.csv","2004/1/2","2007/12/31","-546232.938","-285647.781","260585.157","0.574270763178","5","3613446.811","-3444418.654","169028.157","-252940.156"
"2_80_1.5_225_8.csv","2004/1/2","2007/12/31","-440803.5","-119673.094","321130.406","0.574271130095","5","4453004.838","-4244704.119","208300.719","-311708.844"
"2_20_0.75_125_4.csv","2004/1/2","2007/12/31","-194058.109","327030.688","521088.797","0.646558769086","23","5082796.248","-4726141.205","356655.043","-360085.352"
"2_20_1.5_75_10.csv","2004/1/2","2007/12/31","1335114.375","3081135.0","1746020.625","0.747723813314","18","15745800.684","-14479656.684","1266144.0","-1457747.562"
"2_20_1.5_75_12.csv","2004/1/2","2007/12/31","1335114.375","3081135.0","1746020.625","0.747723813314","18","15745800.684","-14479656.684","1266144.0","-1457747.562"
"2_20_1.5_75_14.csv","2004/1/2","2007/12/31","1335114.375","3081135.0","1746020.625","0.747723813314","18","15745800.684","-14479656.684","1266144.0","-1457747.562"
"2_20_1.5_75_16.csv","2004/1/2","2007/12/31","1335114.375","3081135.0","1746020.625","0.747723813314","18","15745800.684","-14479656.684","1266144.0","-1457747.562"
"2_20_1.5_75_18.csv","2004/1/2","2007/12/31","1335114.375","3081135.0","1746020.625","0.747723813314","18","15745800.684","-14479656.684","1266144.0","-1457747.562"
"2_20_1.5_75_20.csv","2004/1/2","2007/12/31","1335114.375","3081135.0","1746020.625","0.747723813314","18","15745800.684","-14479656.684","1266144.0","-1457747.562"
"2_40_0.75_125_6.csv","2004/1/2","2007/12/31","-41526.582","1132921.625","1174448.207","1.22533205924","13","8056957.874","-7079555.093","977402.781","-539625.578"
"2_60_1.75_225_6.csv","2004/1/2","2007/12/31","104757.75","1875179.375","1770421.625","1.60254284254","5","8790253.917","-7247758.073","1542495.844","-475913.625"
"2_20_2_50_8.csv","2004/1/2","2007/12/31","522431.375","1483210.375","960779.0","0.631081975698","17","9667748.114","-9025087.489","642660.625","-975211.594"
"2_20_1.5_100_8.csv","2004/1/2","2007/12/31","1637384.875","3579379.0","1941994.125","0.736333230469","15","16823440.25","-15434794.75","1388645.5","-1751490.875"
"1_40_1_150_10.csv","2004/1/2","2007/12/31","1362550.125","2728436.0","1365885.875","0.578140484956","25","12909110.625","-12041587.125","867523.5","-1246965.375"
"1_40_1_150_12.csv","2004/1/2","2007/12/31","1362550.125","2728436.0","1365885.875","0.578140484956","25","12909110.625","-12041587.125","867523.5","-1246965.375"
"1_40_1_150_14.csv","2004/1/2","2007/12/31","1362550.125","2728436.0","1365885.875","0.578140484956","25","12909110.625","-12041587.125","867523.5","-1246965.375"
"1_40_1_150_16.csv","2004/1/2","2007/12/31","1362550.125","2728436.0","1365885.875","0.578140484956","25","12909110.625","-12041587.125","867523.5","-1246965.375"
"1_40_1_150_18.csv","2004/1/2","2007/12/31","1362550.125","2728436.0","1365885.875","0.578140484956","25","12909110.625","-12041587.125","867523.5","-1246965.375"
"1_40_1_150_20.csv","2004/1/2","2007/12/31","1362550.125","2728436.0","1365885.875","0.578140484956","25","12909110.625","-12041587.125","867523.5","-1246965.375"
"1_40_1_150_4.csv","2004/1/2","2007/12/31","1362550.125","2728436.0","1365885.875","0.578140484956","25","12909110.625","-12041587.125","867523.5","-1246965.375"
"1_40_1_150_6.csv","2004/1/2","2007/12/31","1362550.125","2728436.0","1365885.875","0.578140484956","25","12909110.625","-12041587.125","867523.5","-1246965.375"
"1_40_1_150_8.csv","2004/1/2","2007/12/31","1362550.125","2728436.0","1365885.875","0.578140484956","25","12909110.625","-12041587.125","867523.5","-1246965.375"
"3_40_1_150_10.csv","2004/1/2","2007/12/31","1362550.125","2728436.0","1365885.875","0.578140484956","25","12909110.625","-12041587.125","867523.5","-1246965.375"
"3_40_1_150_12.csv","2004/1/2","2007/12/31","1362550.125","2728436.0","1365885.875","0.578140484956","25","12909110.625","-12041587.125","867523.5","-1246965.375"
"3_40_1_150_14.csv","2004/1/2","2007/12/31","1362550.125","2728436.0","1365885.875","0.578140484956","25","12909110.625","-12041587.125","867523.5","-1246965.375"
"3_40_1_150_16.csv","2004/1/2","2007/12/31","1362550.125","2728436.0","1365885.875","0.578140484956","25","12909110.625","-12041587.125","867523.5","-1246965.375"
"3_40_1_150_18.csv","2004/1/2","2007/12/31","1362550.125","2728436.0","1365885.875","0.578140484956","25","12909110.625","-12041587.125","867523.5","-1246965.375"
"3_40_1_150_20.csv","2004/1/2","2007/12/31","1362550.125","2728436.0","1365885.875","0.578140484956","25","12909110.625","-12041587.125","867523.5","-1246965.375"
"3_40_1_150_4.csv","2004/1/2","2007/12/31","1362550.125","2728436.0","1365885.875","0.578140484956","25","12909110.625","-12041587.125","867523.5","-1246965.375"
"3_40_1_150_6.csv","2004/1/2","2007/12/31","1362550.125","2728436.0","1365885.875","0.578140484956","25","12909110.625","-12041587.125","867523.5","-1246965.375"
"3_40_1_150_8.csv","2004/1/2","2007/12/31","1362550.125","2728436.0","1365885.875","0.578140484956","25","12909110.625","-12041587.125","867523.5","-1246965.375"
"2_40_1.5_225_4.csv","2004/1/2","2007/12/31","562430.125","3095918.75","2533488.625","1.62150523371","9","9130147.735","-6928643.048","2201504.687","-877274.453"
"2_20_1.75_50_8.csv","2004/1/2","2007/12/31","453895.688","1728635.375","1274739.687","0.876775203009","17","10082634.322","-9116959.76","965674.562","-975799.133"
"2_60_2_50_10.csv","2004/1/2","2007/12/31","1497832.25","2648146.0","1150313.75","0.460524821072","7","19406342.623","-18787889.373","618453.25","-1587495.625"
"2_60_2_75_10.csv","2004/1/2","2007/12/31","1497832.25","2648146.0","1150313.75","0.460524821072","7","19406342.623","-18787889.373","618453.25","-1587495.625"
"2_60_2_100_10.csv","2004/1/2","2007/12/31","821079.563","1659732.125","838652.562","0.460524943028","7","14148465.183","-13697573.058","450892.125","-1157386.062"
"2_60_2_125_10.csv","2004/1/2","2007/12/31","366006.625","995086.688","629080.063","0.460524898992","7","10612880.582","-10274662.894","338217.688","-868164.887"
"2_60_1.75_175_8.csv","2004/1/2","2007/12/31","-470368.531","5715.375","476083.906","0.898896560846","6","4022275.037","-3659160.131","363114.906","-310994.156"
"2_60_1.75_175_16.csv","2004/1/2","2007/12/31","-500816.156","-185777.063","315039.093","0.631108351736","6","4166676.914","-3958425.852","208251.062","-314412.719"
"2_60_1.75_175_18.csv","2004/1/2","2007/12/31","-317501.094","113229.531","430730.625","0.63110815448","6","5696803.168","-5412076.324","284726.844","-429874.375"
"2_60_1.75_175_20.csv","2004/1/2","2007/12/31","-317501.094","113229.531","430730.625","0.63110815448","6","5696803.168","-5412076.324","284726.844","-429874.375"
"2_60_1.75_175_14.csv","2004/1/2","2007/12/31","-509011.719","-199144.938","309866.781","0.631108303377","6","4098269.106","-3893437.169","204831.937","-309250.782"
"2_20_1.75_125_10.csv","2004/1/2","2007/12/31","869389.875","1965901.875","1096512.0","0.586561430905","15","10604525.815","-9908844.815","695681.0","-919418.875"
"2_20_1.75_125_12.csv","2004/1/2","2007/12/31","869389.875","1965901.875","1096512.0","0.586561430905","15","10604525.815","-9908844.815","695681.0","-919418.875"
"2_20_1.75_125_14.csv","2004/1/2","2007/12/31","869389.875","1965901.875","1096512.0","0.586561430905","15","10604525.815","-9908844.815","695681.0","-919418.875"
"2_20_1.75_125_16.csv","2004/1/2","2007/12/31","869389.875","1965901.875","1096512.0","0.586561430905","15","10604525.815","-9908844.815","695681.0","-919418.875"
"2_20_1.75_125_18.csv","2004/1/2","2007/12/31","869389.875","1965901.875","1096512.0","0.586561430905","15","10604525.815","-9908844.815","695681.0","-919418.875"
"2_20_1.75_125_20.csv","2004/1/2","2007/12/31","869389.875","1965901.875","1096512.0","0.586561430905","15","10604525.815","-9908844.815","695681.0","-919418.875"
"2_20_1.5_50_10.csv","2004/1/2","2007/12/31","1068001.25","2553623.75","1485622.5","0.71838568763","20","14394755.652","-13362878.527","1031877.125","-1541475.437"
"2_20_1.5_50_12.csv","2004/1/2","2007/12/31","1068001.25","2553623.75","1485622.5","0.71838568763","20","14394755.652","-13362878.527","1031877.125","-1541475.437"
"2_20_1.5_50_14.csv","2004/1/2","2007/12/31","1068001.25","2553623.75","1485622.5","0.71838568763","20","14394755.652","-13362878.527","1031877.125","-1541475.437"
"2_20_1.5_50_16.csv","2004/1/2","2007/12/31","1068001.25","2553623.75","1485622.5","0.71838568763","20","14394755.652","-13362878.527","1031877.125","-1541475.437"
"2_20_1.5_50_18.csv","2004/1/2","2007/12/31","1068001.25","2553623.75","1485622.5","0.71838568763","20","14394755.652","-13362878.527","1031877.125","-1541475.437"
"2_20_1.5_50_20.csv","2004/1/2","2007/12/31","1068001.25","2553623.75","1485622.5","0.71838568763","20","14394755.652","-13362878.527","1031877.125","-1541475.437"
"2_20_2_200_8.csv","2004/1/2","2007/12/31","-9101.617","571384.438","580486.055","0.585817945572","13","5048685.575","-4686528.668","362156.907","-579366.281"
"2_20_2_225_8.csv","2004/1/2","2007/12/31","214726.594","926335.313","711608.719","0.585818012477","13","6189104.581","-5745142.174","443962.407","-710236.102"
"2_20_1.75_225_10.csv","2004/1/2","2007/12/31","352672.125","1240174.625","887502.5","0.656110585557","13","7287531.769","-6698615.269","588916.5","-704147.102"
"2_20_1.75_225_12.csv","2004/1/2","2007/12/31","352672.125","1240174.625","887502.5","0.656110585557","13","7287531.769","-6698615.269","588916.5","-704147.102"
"2_20_1.75_225_14.csv","2004/1/2","2007/12/31","352672.125","1240174.625","887502.5","0.656110585557","13","7287531.769","-6698615.269","588916.5","-704147.102"
"2_20_1.75_225_16.csv","2004/1/2","2007/12/31","352672.125","1240174.625","887502.5","0.656110585557","13","7287531.769","-6698615.269","588916.5","-704147.102"
"2_20_1.75_225_18.csv","2004/1/2","2007/12/31","352672.125","1240174.625","887502.5","0.656110585557","13","7287531.769","-6698615.269","588916.5","-704147.102"
"2_20_1.75_225_20.csv","2004/1/2","2007/12/31","352672.125","1240174.625","887502.5","0.656110585557","13","7287531.769","-6698615.269","588916.5","-704147.102"
"2_120_1.75_225_8.csv","2004/1/2","2007/12/31","-33333.781","510863.5","544197.281","0.562962965193","5","7703232.956","-7373030.144","330202.812","-637274.562"
"2_120_1.75_200_8.csv","2004/1/2","2007/12/31","-118728.461","377394.875","496123.336","0.562963075561","5","7022735.422","-6721702.469","301032.953","-580978.187"
"2_120_1.75_150_8.csv","2004/1/2","2007/12/31","44461.379","632454.5","587993.121","0.562963009281","5","8323173.398","-7966396.617","356776.781","-688561.125"
"2_120_1.75_100_8.csv","2004/1/2","2007/12/31","286586.375","1010887.0","724300.625","0.562963077392","5","10252635.768","-9813151.643","439484.125","-848182.0"
"2_120_1.75_125_8.csv","2004/1/2","2007/12/31","286586.375","1010887.0","724300.625","0.562963077392","5","10252635.768","-9813151.643","439484.125","-848182.0"
"2_120_1.75_50_8.csv","2004/1/2","2007/12/31","286586.375","1010887.0","724300.625","0.562963077392","5","10252635.768","-9813151.643","439484.125","-848182.0"
"2_120_1.75_75_8.csv","2004/1/2","2007/12/31","286586.375","1010887.0","724300.625","0.562963077392","5","10252635.768","-9813151.643","439484.125","-848182.0"
"2_120_1.75_175_8.csv","2004/1/2","2007/12/31","173.197","563233.813","563060.616","0.562963112478","5","7970247.618","-7628599.149","341648.469","-659364.187"
"1_40_1_200_10.csv","2004/1/2","2007/12/31","1008118.063","2392006.0","1383887.937","0.689146700335","25","10524719.683","-9585416.808","939302.875","-932966.625"
"1_40_1_200_12.csv","2004/1/2","2007/12/31","1008118.063","2392006.0","1383887.937","0.689146700335","25","10524719.683","-9585416.808","939302.875","-932966.625"
"1_40_1_200_14.csv","2004/1/2","2007/12/31","1008118.063","2392006.0","1383887.937","0.689146700335","25","10524719.683","-9585416.808","939302.875","-932966.625"
"1_40_1_200_16.csv","2004/1/2","2007/12/31","1008118.063","2392006.0","1383887.937","0.689146700335","25","10524719.683","-9585416.808","939302.875","-932966.625"
"1_40_1_200_18.csv","2004/1/2","2007/12/31","1008118.063","2392006.0","1383887.937","0.689146700335","25","10524719.683","-9585416.808","939302.875","-932966.625"
"1_40_1_200_20.csv","2004/1/2","2007/12/31","1008118.063","2392006.0","1383887.937","0.689146700335","25","10524719.683","-9585416.808","939302.875","-932966.625"
"1_40_1_200_4.csv","2004/1/2","2007/12/31","1008118.063","2392006.0","1383887.937","0.689146700335","25","10524719.683","-9585416.808","939302.875","-932966.625"
"1_40_1_200_6.csv","2004/1/2","2007/12/31","1008118.063","2392006.0","1383887.937","0.689146700335","25","10524719.683","-9585416.808","939302.875","-932966.625"
"1_40_1_200_8.csv","2004/1/2","2007/12/31","1008118.063","2392006.0","1383887.937","0.689146700335","25","10524719.683","-9585416.808","939302.875","-932966.625"
"3_40_1_200_10.csv","2004/1/2","2007/12/31","1008118.063","2392006.0","1383887.937","0.689146700335","25","10524719.683","-9585416.808","939302.875","-932966.625"
"3_40_1_200_12.csv","2004/1/2","2007/12/31","1008118.063","2392006.0","1383887.937","0.689146700335","25","10524719.683","-9585416.808","939302.875","-932966.625"
"3_40_1_200_14.csv","2004/1/2","2007/12/31","1008118.063","2392006.0","1383887.937","0.689146700335","25","10524719.683","-9585416.808","939302.875","-932966.625"
"3_40_1_200_16.csv","2004/1/2","2007/12/31","1008118.063","2392006.0","1383887.937","0.689146700335","25","10524719.683","-9585416.808","939302.875","-932966.625"
"3_40_1_200_18.csv","2004/1/2","2007/12/31","1008118.063","2392006.0","1383887.937","0.689146700335","25","10524719.683","-9585416.808","939302.875","-932966.625"
"3_40_1_200_20.csv","2004/1/2","2007/12/31","1008118.063","2392006.0","1383887.937","0.689146700335","25","10524719.683","-9585416.808","939302.875","-932966.625"
"3_40_1_200_4.csv","2004/1/2","2007/12/31","1008118.063","2392006.0","1383887.937","0.689146700335","25","10524719.683","-9585416.808","939302.875","-932966.625"
"3_40_1_200_6.csv","2004/1/2","2007/12/31","1008118.063","2392006.0","1383887.937","0.689146700335","25","10524719.683","-9585416.808","939302.875","-932966.625"
"3_40_1_200_8.csv","2004/1/2","2007/12/31","1008118.063","2392006.0","1383887.937","0.689146700335","25","10524719.683","-9585416.808","939302.875","-932966.625"
"2_40_1.25_225_4.csv","2004/1/2","2007/12/31","-17082.598","1643081.375","1660163.973","1.68901676745","8","7249609.355","-5807132.246","1442477.109","-531115.907"
"1_120_1.5_200_10.csv","2004/1/2","2007/12/31","175339.547","822835.188","647495.641","0.550900922761","17","5949571.246","-5562444.996","387126.25","-654887.172"
"1_120_1.5_200_12.csv","2004/1/2","2007/12/31","175339.547","822835.188","647495.641","0.550900922761","17","5949571.246","-5562444.996","387126.25","-654887.172"
"1_120_1.5_200_14.csv","2004/1/2","2007/12/31","175339.547","822835.188","647495.641","0.550900922761","17","5949571.246","-5562444.996","387126.25","-654887.172"
"1_120_1.5_200_16.csv","2004/1/2","2007/12/31","175339.547","822835.188","647495.641","0.550900922761","17","5949571.246","-5562444.996","387126.25","-654887.172"
"1_120_1.5_200_18.csv","2004/1/2","2007/12/31","175339.547","822835.188","647495.641","0.550900922761","17","5949571.246","-5562444.996","387126.25","-654887.172"
"1_120_1.5_200_20.csv","2004/1/2","2007/12/31","175339.547","822835.188","647495.641","0.550900922761","17","5949571.246","-5562444.996","387126.25","-654887.172"
"1_120_1.5_200_4.csv","2004/1/2","2007/12/31","175339.547","822835.188","647495.641","0.550900922761","17","5949571.246","-5562444.996","387126.25","-654887.172"
"1_120_1.5_200_6.csv","2004/1/2","2007/12/31","175339.547","822835.188","647495.641","0.550900922761","17","5949571.246","-5562444.996","387126.25","-654887.172"
"1_120_1.5_200_8.csv","2004/1/2","2007/12/31","175339.547","822835.188","647495.641","0.550900922761","17","5949571.246","-5562444.996","387126.25","-654887.172"
"3_120_1.5_200_10.csv","2004/1/2","2007/12/31","175339.547","822835.188","647495.641","0.550900922761","17","5949571.246","-5562444.996","387126.25","-654887.172"
"3_120_1.5_200_12.csv","2004/1/2","2007/12/31","175339.547","822835.188","647495.641","0.550900922761","17","5949571.246","-5562444.996","387126.25","-654887.172"
"3_120_1.5_200_14.csv","2004/1/2","2007/12/31","175339.547","822835.188","647495.641","0.550900922761","17","5949571.246","-5562444.996","387126.25","-654887.172"
"3_120_1.5_200_16.csv","2004/1/2","2007/12/31","175339.547","822835.188","647495.641","0.550900922761","17","5949571.246","-5562444.996","387126.25","-654887.172"
"3_120_1.5_200_18.csv","2004/1/2","2007/12/31","175339.547","822835.188","647495.641","0.550900922761","17","5949571.246","-5562444.996","387126.25","-654887.172"
"3_120_1.5_200_20.csv","2004/1/2","2007/12/31","175339.547","822835.188","647495.641","0.550900922761","17","5949571.246","-5562444.996","387126.25","-654887.172"
"3_120_1.5_200_4.csv","2004/1/2","2007/12/31","175339.547","822835.188","647495.641","0.550900922761","17","5949571.246","-5562444.996","387126.25","-654887.172"
"3_120_1.5_200_6.csv","2004/1/2","2007/12/31","175339.547","822835.188","647495.641","0.550900922761","17","5949571.246","-5562444.996","387126.25","-654887.172"
"3_120_1.5_200_8.csv","2004/1/2","2007/12/31","175339.547","822835.188","647495.641","0.550900922761","17","5949571.246","-5562444.996","387126.25","-654887.172"
"1_120_1.5_175_10.csv","2004/1/2","2007/12/31","183416.141","835361.188","651945.047","0.550900925222","17","5990455.357","-5600668.919","389786.438","-659387.43"
"1_120_1.5_175_12.csv","2004/1/2","2007/12/31","183416.141","835361.188","651945.047","0.550900925222","17","5990455.357","-5600668.919","389786.438","-659387.43"
"1_120_1.5_175_14.csv","2004/1/2","2007/12/31","183416.141","835361.188","651945.047","0.550900925222","17","5990455.357","-5600668.919","389786.438","-659387.43"
"1_120_1.5_175_16.csv","2004/1/2","2007/12/31","183416.141","835361.188","651945.047","0.550900925222","17","5990455.357","-5600668.919","389786.438","-659387.43"
"1_120_1.5_175_18.csv","2004/1/2","2007/12/31","183416.141","835361.188","651945.047","0.550900925222","17","5990455.357","-5600668.919","389786.438","-659387.43"
"1_120_1.5_175_20.csv","2004/1/2","2007/12/31","183416.141","835361.188","651945.047","0.550900925222","17","5990455.357","-5600668.919","389786.438","-659387.43"
"1_120_1.5_175_4.csv","2004/1/2","2007/12/31","183416.141","835361.188","651945.047","0.550900925222","17","5990455.357","-5600668.919","389786.438","-659387.43"
"1_120_1.5_175_6.csv","2004/1/2","2007/12/31","183416.141","835361.188","651945.047","0.550900925222","17","5990455.357","-5600668.919","389786.438","-659387.43"
"1_120_1.5_175_8.csv","2004/1/2","2007/12/31","183416.141","835361.188","651945.047","0.550900925222","17","5990455.357","-5600668.919","389786.438","-659387.43"
"3_120_1.5_175_10.csv","2004/1/2","2007/12/31","183416.141","835361.188","651945.047","0.550900925222","17","5990455.357","-5600668.919","389786.438","-659387.43"
"3_120_1.5_175_12.csv","2004/1/2","2007/12/31","183416.141","835361.188","651945.047","0.550900925222","17","5990455.357","-5600668.919","389786.438","-659387.43"
"3_120_1.5_175_14.csv","2004/1/2","2007/12/31","183416.141","835361.188","651945.047","0.550900925222","17","5990455.357","-5600668.919","389786.438","-659387.43"
"3_120_1.5_175_16.csv","2004/1/2","2007/12/31","183416.141","835361.188","651945.047","0.550900925222","17","5990455.357","-5600668.919","389786.438","-659387.43"
"3_120_1.5_175_18.csv","2004/1/2","2007/12/31","183416.141","835361.188","651945.047","0.550900925222","17","5990455.357","-5600668.919","389786.438","-659387.43"
"3_120_1.5_175_20.csv","2004/1/2","2007/12/31","183416.141","835361.188","651945.047","0.550900925222","17","5990455.357","-5600668.919","389786.438","-659387.43"
"3_120_1.5_175_4.csv","2004/1/2","2007/12/31","183416.141","835361.188","651945.047","0.550900925222","17","5990455.357","-5600668.919","389786.438","-659387.43"
"3_120_1.5_175_6.csv","2004/1/2","2007/12/31","183416.141","835361.188","651945.047","0.550900925222","17","5990455.357","-5600668.919","389786.438","-659387.43"
"3_120_1.5_175_8.csv","2004/1/2","2007/12/31","183416.141","835361.188","651945.047","0.550900925222","17","5990455.357","-5600668.919","389786.438","-659387.43"
"1_120_1.5_150_10.csv","2004/1/2","2007/12/31","194999.531","853325.875","658326.344","0.550900922487","17","6049089.991","-5655488.366","393601.625","-665841.633"
"1_120_1.5_150_12.csv","2004/1/2","2007/12/31","194999.531","853325.875","658326.344","0.550900922487","17","6049089.991","-5655488.366","393601.625","-665841.633"
"1_120_1.5_150_14.csv","2004/1/2","2007/12/31","194999.531","853325.875","658326.344","0.550900922487","17","6049089.991","-5655488.366","393601.625","-665841.633"
"1_120_1.5_150_16.csv","2004/1/2","2007/12/31","194999.531","853325.875","658326.344","0.550900922487","17","6049089.991","-5655488.366","393601.625","-665841.633"
"1_120_1.5_150_18.csv","2004/1/2","2007/12/31","194999.531","853325.875","658326.344","0.550900922487","17","6049089.991","-5655488.366","393601.625","-665841.633"
"1_120_1.5_150_20.csv","2004/1/2","2007/12/31","194999.531","853325.875","658326.344","0.550900922487","17","6049089.991","-5655488.366","393601.625","-665841.633"
"1_120_1.5_150_4.csv","2004/1/2","2007/12/31","194999.531","853325.875","658326.344","0.550900922487","17","6049089.991","-5655488.366","393601.625","-665841.633"
"1_120_1.5_150_6.csv","2004/1/2","2007/12/31","194999.531","853325.875","658326.344","0.550900922487","17","6049089.991","-5655488.366","393601.625","-665841.633"
"1_120_1.5_150_8.csv","2004/1/2","2007/12/31","194999.531","853325.875","658326.344","0.550900922487","17","6049089.991","-5655488.366","393601.625","-665841.633"
"3_120_1.5_150_10.csv","2004/1/2","2007/12/31","194999.531","853325.875","658326.344","0.550900922487","17","6049089.991","-5655488.366","393601.625","-665841.633"
"3_120_1.5_150_12.csv","2004/1/2","2007/12/31","194999.531","853325.875","658326.344","0.550900922487","17","6049089.991","-5655488.366","393601.625","-665841.633"
"3_120_1.5_150_14.csv","2004/1/2","2007/12/31","194999.531","853325.875","658326.344","0.550900922487","17","6049089.991","-5655488.366","393601.625","-665841.633"
"3_120_1.5_150_16.csv","2004/1/2","2007/12/31","194999.531","853325.875","658326.344","0.550900922487","17","6049089.991","-5655488.366","393601.625","-665841.633"
"3_120_1.5_150_18.csv","2004/1/2","2007/12/31","194999.531","853325.875","658326.344","0.550900922487","17","6049089.991","-5655488.366","393601.625","-665841.633"
"3_120_1.5_150_20.csv","2004/1/2","2007/12/31","194999.531","853325.875","658326.344","0.550900922487","17","6049089.991","-5655488.366","393601.625","-665841.633"
"3_120_1.5_150_4.csv","2004/1/2","2007/12/31","194999.531","853325.875","658326.344","0.550900922487","17","6049089.991","-5655488.366","393601.625","-665841.633"
"3_120_1.5_150_6.csv","2004/1/2","2007/12/31","194999.531","853325.875","658326.344","0.550900922487","17","6049089.991","-5655488.366","393601.625","-665841.633"
"3_120_1.5_150_8.csv","2004/1/2","2007/12/31","194999.531","853325.875","658326.344","0.550900922487","17","6049089.991","-5655488.366","393601.625","-665841.633"
"1_120_1.5_100_10.csv","2004/1/2","2007/12/31","178777.766","828167.563","649389.797","0.550900954981","17","5966975.958","-5578717.333","388258.625","-656803.047"
"1_120_1.5_100_12.csv","2004/1/2","2007/12/31","178777.766","828167.563","649389.797","0.550900954981","17","5966975.958","-5578717.333","388258.625","-656803.047"
"1_120_1.5_100_14.csv","2004/1/2","2007/12/31","178777.766","828167.563","649389.797","0.550900954981","17","5966975.958","-5578717.333","388258.625","-656803.047"
"1_120_1.5_100_16.csv","2004/1/2","2007/12/31","178777.766","828167.563","649389.797","0.550900954981","17","5966975.958","-5578717.333","388258.625","-656803.047"
"1_120_1.5_100_18.csv","2004/1/2","2007/12/31","178777.766","828167.563","649389.797","0.550900954981","17","5966975.958","-5578717.333","388258.625","-656803.047"
"1_120_1.5_100_20.csv","2004/1/2","2007/12/31","178777.766","828167.563","649389.797","0.550900954981","17","5966975.958","-5578717.333","388258.625","-656803.047"
"1_120_1.5_100_4.csv","2004/1/2","2007/12/31","178777.766","828167.563","649389.797","0.550900954981","17","5966975.958","-5578717.333","388258.625","-656803.047"
"1_120_1.5_100_6.csv","2004/1/2","2007/12/31","178777.766","828167.563","649389.797","0.550900954981","17","5966975.958","-5578717.333","388258.625","-656803.047"
"1_120_1.5_100_8.csv","2004/1/2","2007/12/31","178777.766","828167.563","649389.797","0.550900954981","17","5966975.958","-5578717.333","388258.625","-656803.047"
"1_120_1.5_125_10.csv","2004/1/2","2007/12/31","178777.766","828167.563","649389.797","0.550900954981","17","5966975.958","-5578717.333","388258.625","-656803.047"
"1_120_1.5_125_12.csv","2004/1/2","2007/12/31","178777.766","828167.563","649389.797","0.550900954981","17","5966975.958","-5578717.333","388258.625","-656803.047"
"1_120_1.5_125_14.csv","2004/1/2","2007/12/31","178777.766","828167.563","649389.797","0.550900954981","17","5966975.958","-5578717.333","388258.625","-656803.047"
"1_120_1.5_125_16.csv","2004/1/2","2007/12/31","178777.766","828167.563","649389.797","0.550900954981","17","5966975.958","-5578717.333","388258.625","-656803.047"
"1_120_1.5_125_18.csv","2004/1/2","2007/12/31","178777.766","828167.563","649389.797","0.550900954981","17","5966975.958","-5578717.333","388258.625","-656803.047"
"1_120_1.5_125_20.csv","2004/1/2","2007/12/31","178777.766","828167.563","649389.797","0.550900954981","17","5966975.958","-5578717.333","388258.625","-656803.047"
"1_120_1.5_125_4.csv","2004/1/2","2007/12/31","178777.766","828167.563","649389.797","0.550900954981","17","5966975.958","-5578717.333","388258.625","-656803.047"
"1_120_1.5_125_6.csv","2004/1/2","2007/12/31","178777.766","828167.563","649389.797","0.550900954981","17","5966975.958","-5578717.333","388258.625","-656803.047"
"1_120_1.5_125_8.csv","2004/1/2","2007/12/31","178777.766","828167.563","649389.797","0.550900954981","17","5966975.958","-5578717.333","388258.625","-656803.047"
"1_120_1.5_50_10.csv","2004/1/2","2007/12/31","178777.766","828167.563","649389.797","0.550900954981","17","5966975.958","-5578717.333","388258.625","-656803.047"
"1_120_1.5_50_12.csv","2004/1/2","2007/12/31","178777.766","828167.563","649389.797","0.550900954981","17","5966975.958","-5578717.333","388258.625","-656803.047"
"1_120_1.5_50_14.csv","2004/1/2","2007/12/31","178777.766","828167.563","649389.797","0.550900954981","17","5966975.958","-5578717.333","388258.625","-656803.047"
"1_120_1.5_50_16.csv","2004/1/2","2007/12/31","178777.766","828167.563","649389.797","0.550900954981","17","5966975.958","-5578717.333","388258.625","-656803.047"
"1_120_1.5_50_18.csv","2004/1/2","2007/12/31","178777.766","828167.563","649389.797","0.550900954981","17","5966975.958","-5578717.333","388258.625","-656803.047"
"1_120_1.5_50_20.csv","2004/1/2","2007/12/31","178777.766","828167.563","649389.797","0.550900954981","17","5966975.958","-5578717.333","388258.625","-656803.047"
"1_120_1.5_50_4.csv","2004/1/2","2007/12/31","178777.766","828167.563","649389.797","0.550900954981","17","5966975.958","-5578717.333","388258.625","-656803.047"
"1_120_1.5_50_6.csv","2004/1/2","2007/12/31","178777.766","828167.563","649389.797","0.550900954981","17","5966975.958","-5578717.333","388258.625","-656803.047"
"1_120_1.5_50_8.csv","2004/1/2","2007/12/31","178777.766","828167.563","649389.797","0.550900954981","17","5966975.958","-5578717.333","388258.625","-656803.047"
"1_120_1.5_75_10.csv","2004/1/2","2007/12/31","178777.766","828167.563","649389.797","0.550900954981","17","5966975.958","-5578717.333","388258.625","-656803.047"
"1_120_1.5_75_12.csv","2004/1/2","2007/12/31","178777.766","828167.563","649389.797","0.550900954981","17","5966975.958","-5578717.333","388258.625","-656803.047"
"1_120_1.5_75_14.csv","2004/1/2","2007/12/31","178777.766","828167.563","649389.797","0.550900954981","17","5966975.958","-5578717.333","388258.625","-656803.047"
"1_120_1.5_75_16.csv","2004/1/2","2007/12/31","178777.766","828167.563","649389.797","0.550900954981","17","5966975.958","-5578717.333","388258.625","-656803.047"
"1_120_1.5_75_18.csv","2004/1/2","2007/12/31","178777.766","828167.563","649389.797","0.550900954981","17","5966975.958","-5578717.333","388258.625","-656803.047"
"1_120_1.5_75_20.csv","2004/1/2","2007/12/31","178777.766","828167.563","649389.797","0.550900954981","17","5966975.958","-5578717.333","388258.625","-656803.047"
"1_120_1.5_75_4.csv","2004/1/2","2007/12/31","178777.766","828167.563","649389.797","0.550900954981","17","5966975.958","-5578717.333","388258.625","-656803.047"
"1_120_1.5_75_6.csv","2004/1/2","2007/12/31","178777.766","828167.563","649389.797","0.550900954981","17","5966975.958","-5578717.333","388258.625","-656803.047"
"1_120_1.5_75_8.csv","2004/1/2","2007/12/31","178777.766","828167.563","649389.797","0.550900954981","17","5966975.958","-5578717.333","388258.625","-656803.047"
"3_120_1.5_100_10.csv","2004/1/2","2007/12/31","178777.766","828167.563","649389.797","0.550900954981","17","5966975.958","-5578717.333","388258.625","-656803.047"
"3_120_1.5_100_12.csv","2004/1/2","2007/12/31","178777.766","828167.563","649389.797","0.550900954981","17","5966975.958","-5578717.333","388258.625","-656803.047"
"3_120_1.5_100_14.csv","2004/1/2","2007/12/31","178777.766","828167.563","649389.797","0.550900954981","17","5966975.958","-5578717.333","388258.625","-656803.047"
"3_120_1.5_100_16.csv","2004/1/2","2007/12/31","178777.766","828167.563","649389.797","0.550900954981","17","5966975.958","-5578717.333","388258.625","-656803.047"
"3_120_1.5_100_18.csv","2004/1/2","2007/12/31","178777.766","828167.563","649389.797","0.550900954981","17","5966975.958","-5578717.333","388258.625","-656803.047"
"3_120_1.5_100_20.csv","2004/1/2","2007/12/31","178777.766","828167.563","649389.797","0.550900954981","17","5966975.958","-5578717.333","388258.625","-656803.047"
"3_120_1.5_100_4.csv","2004/1/2","2007/12/31","178777.766","828167.563","649389.797","0.550900954981","17","5966975.958","-5578717.333","388258.625","-656803.047"
"3_120_1.5_100_6.csv","2004/1/2","2007/12/31","178777.766","828167.563","649389.797","0.550900954981","17","5966975.958","-5578717.333","388258.625","-656803.047"
"3_120_1.5_100_8.csv","2004/1/2","2007/12/31","178777.766","828167.563","649389.797","0.550900954981","17","5966975.958","-5578717.333","388258.625","-656803.047"
"3_120_1.5_125_10.csv","2004/1/2","2007/12/31","178777.766","828167.563","649389.797","0.550900954981","17","5966975.958","-5578717.333","388258.625","-656803.047"
"3_120_1.5_125_12.csv","2004/1/2","2007/12/31","178777.766","828167.563","649389.797","0.550900954981","17","5966975.958","-5578717.333","388258.625","-656803.047"
"3_120_1.5_125_14.csv","2004/1/2","2007/12/31","178777.766","828167.563","649389.797","0.550900954981","17","5966975.958","-5578717.333","388258.625","-656803.047"
"3_120_1.5_125_16.csv","2004/1/2","2007/12/31","178777.766","828167.563","649389.797","0.550900954981","17","5966975.958","-5578717.333","388258.625","-656803.047"
"3_120_1.5_125_18.csv","2004/1/2","2007/12/31","178777.766","828167.563","649389.797","0.550900954981","17","5966975.958","-5578717.333","388258.625","-656803.047"
"3_120_1.5_125_20.csv","2004/1/2","2007/12/31","178777.766","828167.563","649389.797","0.550900954981","17","5966975.958","-5578717.333","388258.625","-656803.047"
"3_120_1.5_125_4.csv","2004/1/2","2007/12/31","178777.766","828167.563","649389.797","0.550900954981","17","5966975.958","-5578717.333","388258.625","-656803.047"
"3_120_1.5_125_6.csv","2004/1/2","2007/12/31","178777.766","828167.563","649389.797","0.550900954981","17","5966975.958","-5578717.333","388258.625","-656803.047"
"3_120_1.5_125_8.csv","2004/1/2","2007/12/31","178777.766","828167.563","649389.797","0.550900954981","17","5966975.958","-5578717.333","388258.625","-656803.047"
"3_120_1.5_50_10.csv","2004/1/2","2007/12/31","178777.766","828167.563","649389.797","0.550900954981","17","5966975.958","-5578717.333","388258.625","-656803.047"
"3_120_1.5_50_12.csv","2004/1/2","2007/12/31","178777.766","828167.563","649389.797","0.550900954981","17","5966975.958","-5578717.333","388258.625","-656803.047"
"3_120_1.5_50_14.csv","2004/1/2","2007/12/31","178777.766","828167.563","649389.797","0.550900954981","17","5966975.958","-5578717.333","388258.625","-656803.047"
"3_120_1.5_50_16.csv","2004/1/2","2007/12/31","178777.766","828167.563","649389.797","0.550900954981","17","5966975.958","-5578717.333","388258.625","-656803.047"
"3_120_1.5_50_18.csv","2004/1/2","2007/12/31","178777.766","828167.563","649389.797","0.550900954981","17","5966975.958","-5578717.333","388258.625","-656803.047"
"3_120_1.5_50_20.csv","2004/1/2","2007/12/31","178777.766","828167.563","649389.797","0.550900954981","17","5966975.958","-5578717.333","388258.625","-656803.047"
"3_120_1.5_50_4.csv","2004/1/2","2007/12/31","178777.766","828167.563","649389.797","0.550900954981","17","5966975.958","-5578717.333","388258.625","-656803.047"
"3_120_1.5_50_6.csv","2004/1/2","2007/12/31","178777.766","828167.563","649389.797","0.550900954981","17","5966975.958","-5578717.333","388258.625","-656803.047"
"3_120_1.5_50_8.csv","2004/1/2","2007/12/31","178777.766","828167.563","649389.797","0.550900954981","17","5966975.958","-5578717.333","388258.625","-656803.047"
"3_120_1.5_75_10.csv","2004/1/2","2007/12/31","178777.766","828167.563","649389.797","0.550900954981","17","5966975.958","-5578717.333","388258.625","-656803.047"
"3_120_1.5_75_12.csv","2004/1/2","2007/12/31","178777.766","828167.563","649389.797","0.550900954981","17","5966975.958","-5578717.333","388258.625","-656803.047"
"3_120_1.5_75_14.csv","2004/1/2","2007/12/31","178777.766","828167.563","649389.797","0.550900954981","17","5966975.958","-5578717.333","388258.625","-656803.047"
"3_120_1.5_75_16.csv","2004/1/2","2007/12/31","178777.766","828167.563","649389.797","0.550900954981","17","5966975.958","-5578717.333","388258.625","-656803.047"
"3_120_1.5_75_18.csv","2004/1/2","2007/12/31","178777.766","828167.563","649389.797","0.550900954981","17","5966975.958","-5578717.333","388258.625","-656803.047"
"3_120_1.5_75_20.csv","2004/1/2","2007/12/31","178777.766","828167.563","649389.797","0.550900954981","17","5966975.958","-5578717.333","388258.625","-656803.047"
"3_120_1.5_75_4.csv","2004/1/2","2007/12/31","178777.766","828167.563","649389.797","0.550900954981","17","5966975.958","-5578717.333","388258.625","-656803.047"
"3_120_1.5_75_6.csv","2004/1/2","2007/12/31","178777.766","828167.563","649389.797","0.550900954981","17","5966975.958","-5578717.333","388258.625","-656803.047"
"3_120_1.5_75_8.csv","2004/1/2","2007/12/31","178777.766","828167.563","649389.797","0.550900954981","17","5966975.958","-5578717.333","388258.625","-656803.047"
"1_120_1.5_225_10.csv","2004/1/2","2007/12/31","199056.766","859618.25","660561.484","0.550900927071","17","6069628.491","-5674690.554","394937.937","-668102.375"
"1_120_1.5_225_12.csv","2004/1/2","2007/12/31","199056.766","859618.25","660561.484","0.550900927071","17","6069628.491","-5674690.554","394937.937","-668102.375"
"1_120_1.5_225_14.csv","2004/1/2","2007/12/31","199056.766","859618.25","660561.484","0.550900927071","17","6069628.491","-5674690.554","394937.937","-668102.375"
"1_120_1.5_225_16.csv","2004/1/2","2007/12/31","199056.766","859618.25","660561.484","0.550900927071","17","6069628.491","-5674690.554","394937.937","-668102.375"
"1_120_1.5_225_18.csv","2004/1/2","2007/12/31","199056.766","859618.25","660561.484","0.550900927071","17","6069628.491","-5674690.554","394937.937","-668102.375"
"1_120_1.5_225_20.csv","2004/1/2","2007/12/31","199056.766","859618.25","660561.484","0.550900927071","17","6069628.491","-5674690.554","394937.937","-668102.375"
"1_120_1.5_225_4.csv","2004/1/2","2007/12/31","199056.766","859618.25","660561.484","0.550900927071","17","6069628.491","-5674690.554","394937.937","-668102.375"
"1_120_1.5_225_6.csv","2004/1/2","2007/12/31","199056.766","859618.25","660561.484","0.550900927071","17","6069628.491","-5674690.554","394937.937","-668102.375"
"1_120_1.5_225_8.csv","2004/1/2","2007/12/31","199056.766","859618.25","660561.484","0.550900927071","17","6069628.491","-5674690.554","394937.937","-668102.375"
"3_120_1.5_225_10.csv","2004/1/2","2007/12/31","199056.766","859618.25","660561.484","0.550900927071","17","6069628.491","-5674690.554","394937.937","-668102.375"
"3_120_1.5_225_12.csv","2004/1/2","2007/12/31","199056.766","859618.25","660561.484","0.550900927071","17","6069628.491","-5674690.554","394937.937","-668102.375"
"3_120_1.5_225_14.csv","2004/1/2","2007/12/31","199056.766","859618.25","660561.484","0.550900927071","17","6069628.491","-5674690.554","394937.937","-668102.375"
"3_120_1.5_225_16.csv","2004/1/2","2007/12/31","199056.766","859618.25","660561.484","0.550900927071","17","6069628.491","-5674690.554","394937.937","-668102.375"
"3_120_1.5_225_18.csv","2004/1/2","2007/12/31","199056.766","859618.25","660561.484","0.550900927071","17","6069628.491","-5674690.554","394937.937","-668102.375"
"3_120_1.5_225_20.csv","2004/1/2","2007/12/31","199056.766","859618.25","660561.484","0.550900927071","17","6069628.491","-5674690.554","394937.937","-668102.375"
"3_120_1.5_225_4.csv","2004/1/2","2007/12/31","199056.766","859618.25","660561.484","0.550900927071","17","6069628.491","-5674690.554","394937.937","-668102.375"
"3_120_1.5_225_6.csv","2004/1/2","2007/12/31","199056.766","859618.25","660561.484","0.550900927071","17","6069628.491","-5674690.554","394937.937","-668102.375"
"3_120_1.5_225_8.csv","2004/1/2","2007/12/31","199056.766","859618.25","660561.484","0.550900927071","17","6069628.491","-5674690.554","394937.937","-668102.375"
"2_20_1.5_150_6.csv","2004/1/2","2007/12/31","179281.375","1016696.5","837415.125","0.710106292487","18","6443493.144","-5867363.269","576129.875","-672927.782"
"2_40_1_125_6.csv","2004/1/2","2007/12/31","-7132.363","1701175.25","1708307.613","1.72057940992","9","8545741.845","-7057795.533","1487946.312","-588418.109"
"2_60_1.75_225_8.csv","2004/1/2","2007/12/31","-307434.781","605906.063","913340.844","1.31877954443","4","5408687.757","-4649705.741","758982.016","-319127.047"
"2_60_1.75_225_4.csv","2004/1/2","2007/12/31","16179.805","1144167.0","1127987.195","1.11002717182","8","5886181.11","-4984968.235","901212.875","-480420.313"
"2_60_1.75_225_18.csv","2004/1/2","2007/12/31","34670.641","1185138.25","1150467.609","1.11191674279","4","9031991.7","-8112786.075","919205.625","-561217.25"
"2_60_1.75_225_20.csv","2004/1/2","2007/12/31","34670.641","1185138.25","1150467.609","1.11191674279","4","9031991.7","-8112786.075","919205.625","-561217.25"
"2_60_1.75_225_14.csv","2004/1/2","2007/12/31","-363776.5","343651.156","707427.656","1.11191689084","4","5553812.029","-4988588.404","565223.625","-345094.969"
"2_60_1.75_225_16.csv","2004/1/2","2007/12/31","-353156.813","366079.125","719235.938","1.11191700315","4","5646515.878","-5071857.644","574658.234","-350855.313"
"1_20_0.75_50_10.csv","2004/1/2","2007/12/31","1532360.875","3866700.75","2334339.875","0.921803798994","38","15814239.875","-14053825.625","1760414.25","-1156993.25"
"1_20_0.75_50_12.csv","2004/1/2","2007/12/31","1532360.875","3866700.75","2334339.875","0.921803798994","38","15814239.875","-14053825.625","1760414.25","-1156993.25"
"1_20_0.75_50_14.csv","2004/1/2","2007/12/31","1532360.875","3866700.75","2334339.875","0.921803798994","38","15814239.875","-14053825.625","1760414.25","-1156993.25"
"1_20_0.75_50_16.csv","2004/1/2","2007/12/31","1532360.875","3866700.75","2334339.875","0.921803798994","38","15814239.875","-14053825.625","1760414.25","-1156993.25"
"1_20_0.75_50_18.csv","2004/1/2","2007/12/31","1532360.875","3866700.75","2334339.875","0.921803798994","38","15814239.875","-14053825.625","1760414.25","-1156993.25"
"1_20_0.75_50_20.csv","2004/1/2","2007/12/31","1532360.875","3866700.75","2334339.875","0.921803798994","38","15814239.875","-14053825.625","1760414.25","-1156993.25"
"1_20_0.75_50_4.csv","2004/1/2","2007/12/31","1532360.875","3866700.75","2334339.875","0.921803798994","38","15814239.875","-14053825.625","1760414.25","-1156993.25"
"1_20_0.75_50_6.csv","2004/1/2","2007/12/31","1532360.875","3866700.75","2334339.875","0.921803798994","38","15814239.875","-14053825.625","1760414.25","-1156993.25"
"1_20_0.75_50_8.csv","2004/1/2","2007/12/31","1532360.875","3866700.75","2334339.875","0.921803798994","38","15814239.875","-14053825.625","1760414.25","-1156993.25"
"3_20_0.75_50_10.csv","2004/1/2","2007/12/31","1532360.875","3866700.75","2334339.875","0.921803798994","38","15814239.875","-14053825.625","1760414.25","-1156993.25"
"3_20_0.75_50_12.csv","2004/1/2","2007/12/31","1532360.875","3866700.75","2334339.875","0.921803798994","38","15814239.875","-14053825.625","1760414.25","-1156993.25"
"3_20_0.75_50_14.csv","2004/1/2","2007/12/31","1532360.875","3866700.75","2334339.875","0.921803798994","38","15814239.875","-14053825.625","1760414.25","-1156993.25"
"3_20_0.75_50_16.csv","2004/1/2","2007/12/31","1532360.875","3866700.75","2334339.875","0.921803798994","38","15814239.875","-14053825.625","1760414.25","-1156993.25"
"3_20_0.75_50_18.csv","2004/1/2","2007/12/31","1532360.875","3866700.75","2334339.875","0.921803798994","38","15814239.875","-14053825.625","1760414.25","-1156993.25"
"3_20_0.75_50_20.csv","2004/1/2","2007/12/31","1532360.875","3866700.75","2334339.875","0.921803798994","38","15814239.875","-14053825.625","1760414.25","-1156993.25"
"3_20_0.75_50_4.csv","2004/1/2","2007/12/31","1532360.875","3866700.75","2334339.875","0.921803798994","38","15814239.875","-14053825.625","1760414.25","-1156993.25"
"3_20_0.75_50_6.csv","2004/1/2","2007/12/31","1532360.875","3866700.75","2334339.875","0.921803798994","38","15814239.875","-14053825.625","1760414.25","-1156993.25"
"3_20_0.75_50_8.csv","2004/1/2","2007/12/31","1532360.875","3866700.75","2334339.875","0.921803798994","38","15814239.875","-14053825.625","1760414.25","-1156993.25"
"1_20_0.75_75_10.csv","2004/1/2","2007/12/31","1281135.25","2789864.5","1508729.25","0.661394036149","31","12395374.126","-11404424.376","990949.75","-1127240.125"
"1_20_0.75_75_12.csv","2004/1/2","2007/12/31","1281135.25","2789864.5","1508729.25","0.661394036149","31","12395374.126","-11404424.376","990949.75","-1127240.125"
"1_20_0.75_75_14.csv","2004/1/2","2007/12/31","1281135.25","2789864.5","1508729.25","0.661394036149","31","12395374.126","-11404424.376","990949.75","-1127240.125"
"1_20_0.75_75_16.csv","2004/1/2","2007/12/31","1281135.25","2789864.5","1508729.25","0.661394036149","31","12395374.126","-11404424.376","990949.75","-1127240.125"
"1_20_0.75_75_18.csv","2004/1/2","2007/12/31","1281135.25","2789864.5","1508729.25","0.661394036149","31","12395374.126","-11404424.376","990949.75","-1127240.125"
"1_20_0.75_75_20.csv","2004/1/2","2007/12/31","1281135.25","2789864.5","1508729.25","0.661394036149","31","12395374.126","-11404424.376","990949.75","-1127240.125"
"1_20_0.75_75_4.csv","2004/1/2","2007/12/31","1281135.25","2789864.5","1508729.25","0.661394036149","31","12395374.126","-11404424.376","990949.75","-1127240.125"
"1_20_0.75_75_6.csv","2004/1/2","2007/12/31","1281135.25","2789864.5","1508729.25","0.661394036149","31","12395374.126","-11404424.376","990949.75","-1127240.125"
"1_20_0.75_75_8.csv","2004/1/2","2007/12/31","1281135.25","2789864.5","1508729.25","0.661394036149","31","12395374.126","-11404424.376","990949.75","-1127240.125"
"3_20_0.75_75_10.csv","2004/1/2","2007/12/31","1281135.25","2789864.5","1508729.25","0.661394036149","31","12395374.126","-11404424.376","990949.75","-1127240.125"
"3_20_0.75_75_12.csv","2004/1/2","2007/12/31","1281135.25","2789864.5","1508729.25","0.661394036149","31","12395374.126","-11404424.376","990949.75","-1127240.125"
"3_20_0.75_75_14.csv","2004/1/2","2007/12/31","1281135.25","2789864.5","1508729.25","0.661394036149","31","12395374.126","-11404424.376","990949.75","-1127240.125"
"3_20_0.75_75_16.csv","2004/1/2","2007/12/31","1281135.25","2789864.5","1508729.25","0.661394036149","31","12395374.126","-11404424.376","990949.75","-1127240.125"
"3_20_0.75_75_18.csv","2004/1/2","2007/12/31","1281135.25","2789864.5","1508729.25","0.661394036149","31","12395374.126","-11404424.376","990949.75","-1127240.125"
"3_20_0.75_75_20.csv","2004/1/2","2007/12/31","1281135.25","2789864.5","1508729.25","0.661394036149","31","12395374.126","-11404424.376","990949.75","-1127240.125"
"3_20_0.75_75_4.csv","2004/1/2","2007/12/31","1281135.25","2789864.5","1508729.25","0.661394036149","31","12395374.126","-11404424.376","990949.75","-1127240.125"
"3_20_0.75_75_6.csv","2004/1/2","2007/12/31","1281135.25","2789864.5","1508729.25","0.661394036149","31","12395374.126","-11404424.376","990949.75","-1127240.125"
"3_20_0.75_75_8.csv","2004/1/2","2007/12/31","1281135.25","2789864.5","1508729.25","0.661394036149","31","12395374.126","-11404424.376","990949.75","-1127240.125"
"2_40_1.5_200_6.csv","2004/1/2","2007/12/31","248394.281","2821246.75","2572852.469","2.06092939399","7","9160526.865","-6873196.928","2287329.937","-811690.125"
"2_20_1.75_200_10.csv","2004/1/2","2007/12/31","77826.227","662280.438","584454.211","0.542252727164","13","5608079.305","-5270533.586","337545.719","-620168.609"
"2_20_1.75_200_12.csv","2004/1/2","2007/12/31","77826.227","662280.438","584454.211","0.542252727164","13","5608079.305","-5270533.586","337545.719","-620168.609"
"2_20_1.75_200_14.csv","2004/1/2","2007/12/31","77826.227","662280.438","584454.211","0.542252727164","13","5608079.305","-5270533.586","337545.719","-620168.609"
"2_20_1.75_200_16.csv","2004/1/2","2007/12/31","77826.227","662280.438","584454.211","0.542252727164","13","5608079.305","-5270533.586","337545.719","-620168.609"
"2_20_1.75_200_18.csv","2004/1/2","2007/12/31","77826.227","662280.438","584454.211","0.542252727164","13","5608079.305","-5270533.586","337545.719","-620168.609"
"2_20_1.75_200_20.csv","2004/1/2","2007/12/31","77826.227","662280.438","584454.211","0.542252727164","13","5608079.305","-5270533.586","337545.719","-620168.609"
"1_20_1_150_10.csv","2004/1/2","2007/12/31","1469136.125","2124123.75","654987.625","0.265269953474","40","9936092.563","-9847107.188","88985.375","-1355343.187"
"1_20_1_150_12.csv","2004/1/2","2007/12/31","1469136.125","2124123.75","654987.625","0.265269953474","40","9936092.563","-9847107.188","88985.375","-1355343.187"
"1_20_1_150_14.csv","2004/1/2","2007/12/31","1469136.125","2124123.75","654987.625","0.265269953474","40","9936092.563","-9847107.188","88985.375","-1355343.187"
"1_20_1_150_16.csv","2004/1/2","2007/12/31","1469136.125","2124123.75","654987.625","0.265269953474","40","9936092.563","-9847107.188","88985.375","-1355343.187"
"1_20_1_150_18.csv","2004/1/2","2007/12/31","1469136.125","2124123.75","654987.625","0.265269953474","40","9936092.563","-9847107.188","88985.375","-1355343.187"
"1_20_1_150_20.csv","2004/1/2","2007/12/31","1469136.125","2124123.75","654987.625","0.265269953474","40","9936092.563","-9847107.188","88985.375","-1355343.187"
"1_20_1_150_4.csv","2004/1/2","2007/12/31","1469136.125","2124123.75","654987.625","0.265269953474","40","9936092.563","-9847107.188","88985.375","-1355343.187"
"1_20_1_150_6.csv","2004/1/2","2007/12/31","1469136.125","2124123.75","654987.625","0.265269953474","40","9936092.563","-9847107.188","88985.375","-1355343.187"
"1_20_1_150_8.csv","2004/1/2","2007/12/31","1469136.125","2124123.75","654987.625","0.265269953474","40","9936092.563","-9847107.188","88985.375","-1355343.187"
"3_20_1_150_10.csv","2004/1/2","2007/12/31","1469136.125","2124123.75","654987.625","0.265269953474","40","9936092.563","-9847107.188","88985.375","-1355343.187"
"3_20_1_150_12.csv","2004/1/2","2007/12/31","1469136.125","2124123.75","654987.625","0.265269953474","40","9936092.563","-9847107.188","88985.375","-1355343.187"
"3_20_1_150_14.csv","2004/1/2","2007/12/31","1469136.125","2124123.75","654987.625","0.265269953474","40","9936092.563","-9847107.188","88985.375","-1355343.187"
"3_20_1_150_16.csv","2004/1/2","2007/12/31","1469136.125","2124123.75","654987.625","0.265269953474","40","9936092.563","-9847107.188","88985.375","-1355343.187"
"3_20_1_150_18.csv","2004/1/2","2007/12/31","1469136.125","2124123.75","654987.625","0.265269953474","40","9936092.563","-9847107.188","88985.375","-1355343.187"
"3_20_1_150_20.csv","2004/1/2","2007/12/31","1469136.125","2124123.75","654987.625","0.265269953474","40","9936092.563","-9847107.188","88985.375","-1355343.187"
"3_20_1_150_4.csv","2004/1/2","2007/12/31","1469136.125","2124123.75","654987.625","0.265269953474","40","9936092.563","-9847107.188","88985.375","-1355343.187"
"3_20_1_150_6.csv","2004/1/2","2007/12/31","1469136.125","2124123.75","654987.625","0.265269953474","40","9936092.563","-9847107.188","88985.375","-1355343.187"
"3_20_1_150_8.csv","2004/1/2","2007/12/31","1469136.125","2124123.75","654987.625","0.265269953474","40","9936092.563","-9847107.188","88985.375","-1355343.187"
"1_40_1_225_10.csv","2004/1/2","2007/12/31","882301.063","2250852.0","1368550.937","0.727062723334","24","10009289.308","-9072689.183","936600.125","-881417.25"
"1_40_1_225_12.csv","2004/1/2","2007/12/31","882301.063","2250852.0","1368550.937","0.727062723334","24","10009289.308","-9072689.183","936600.125","-881417.25"
"1_40_1_225_14.csv","2004/1/2","2007/12/31","882301.063","2250852.0","1368550.937","0.727062723334","24","10009289.308","-9072689.183","936600.125","-881417.25"
"1_40_1_225_16.csv","2004/1/2","2007/12/31","882301.063","2250852.0","1368550.937","0.727062723334","24","10009289.308","-9072689.183","936600.125","-881417.25"
"1_40_1_225_18.csv","2004/1/2","2007/12/31","882301.063","2250852.0","1368550.937","0.727062723334","24","10009289.308","-9072689.183","936600.125","-881417.25"
"1_40_1_225_20.csv","2004/1/2","2007/12/31","882301.063","2250852.0","1368550.937","0.727062723334","24","10009289.308","-9072689.183","936600.125","-881417.25"
"1_40_1_225_4.csv","2004/1/2","2007/12/31","882301.063","2250852.0","1368550.937","0.727062723334","24","10009289.308","-9072689.183","936600.125","-881417.25"
"1_40_1_225_6.csv","2004/1/2","2007/12/31","882301.063","2250852.0","1368550.937","0.727062723334","24","10009289.308","-9072689.183","936600.125","-881417.25"
"1_40_1_225_8.csv","2004/1/2","2007/12/31","882301.063","2250852.0","1368550.937","0.727062723334","24","10009289.308","-9072689.183","936600.125","-881417.25"
"3_40_1_225_10.csv","2004/1/2","2007/12/31","882301.063","2250852.0","1368550.937","0.727062723334","24","10009289.308","-9072689.183","936600.125","-881417.25"
"3_40_1_225_12.csv","2004/1/2","2007/12/31","882301.063","2250852.0","1368550.937","0.727062723334","24","10009289.308","-9072689.183","936600.125","-881417.25"
"3_40_1_225_14.csv","2004/1/2","2007/12/31","882301.063","2250852.0","1368550.937","0.727062723334","24","10009289.308","-9072689.183","936600.125","-881417.25"
"3_40_1_225_16.csv","2004/1/2","2007/12/31","882301.063","2250852.0","1368550.937","0.727062723334","24","10009289.308","-9072689.183","936600.125","-881417.25"
"3_40_1_225_18.csv","2004/1/2","2007/12/31","882301.063","2250852.0","1368550.937","0.727062723334","24","10009289.308","-9072689.183","936600.125","-881417.25"
"3_40_1_225_20.csv","2004/1/2","2007/12/31","882301.063","2250852.0","1368550.937","0.727062723334","24","10009289.308","-9072689.183","936600.125","-881417.25"
"3_40_1_225_4.csv","2004/1/2","2007/12/31","882301.063","2250852.0","1368550.937","0.727062723334","24","10009289.308","-9072689.183","936600.125","-881417.25"
"3_40_1_225_6.csv","2004/1/2","2007/12/31","882301.063","2250852.0","1368550.937","0.727062723334","24","10009289.308","-9072689.183","936600.125","-881417.25"
"3_40_1_225_8.csv","2004/1/2","2007/12/31","882301.063","2250852.0","1368550.937","0.727062723334","24","10009289.308","-9072689.183","936600.125","-881417.25"
"2_20_1.75_125_8.csv","2004/1/2","2007/12/31","711787.75","1715856.25","1004068.5","0.586561330399","15","9550526.754","-8946936.129","603590.625","-877766.344"
"2_60_2_150_6.csv","2004/1/2","2007/12/31","1313471.75","3447481.5","2134009.75","0.922427408072","7","14242185.875","-12650245.125","1591940.75","-1050618.625"
"2_60_2_175_6.csv","2004/1/2","2007/12/31","1335023.0","3160455.25","1825432.25","0.781761999775","7","13573858.125","-12295544.625","1278313.5","-1060405.875"
"2_60_2_50_12.csv","2004/1/2","2007/12/31","954417.0","2344162.25","1389745.25","0.711079186274","6","16651932.408","-15727444.658","924487.75","-1297416.344"
"2_60_2_75_12.csv","2004/1/2","2007/12/31","954417.0","2344162.25","1389745.25","0.711079186274","6","16651932.408","-15727444.658","924487.75","-1297416.344"
"2_60_2_100_12.csv","2004/1/2","2007/12/31","424895.0","1438108.375","1013213.375","0.711079325143","6","12140325.567","-11466314.692","674010.875","-945899.528"
"2_60_2_125_12.csv","2004/1/2","2007/12/31","68825.547","828845.188","760019.641","0.711079224419","6","9106557.755","-8600976.723","505581.032","-709527.062"
"2_20_1.25_200_4.csv","2004/1/2","2007/12/31","215274.594","1236971.0","1021696.406","0.840712388002","18","6204452.478","-5472744.978","731707.5","-777776.156"
"2_20_1.5_125_6.csv","2004/1/2","2007/12/31","271699.688","1231512.625","959812.937","0.754748110782","17","7021795.728","-6367139.916","654655.812","-751156.93"
"2_20_1.75_225_8.csv","2004/1/2","2007/12/31","238633.0","1051313.0","812680.0","0.656110405584","13","6549519.706","-6034575.269","514944.437","-671044.305"
"2_60_2_200_6.csv","2004/1/2","2007/12/31","1162753.25","3196714.5","2033961.25","0.940449979673","6","12264522.936","-10761862.811","1502660.125","-982172.5"
"2_60_2_225_6.csv","2004/1/2","2007/12/31","1584846.0","4015764.75","2430918.75","0.940450127396","6","14658125.5","-12862199.25","1795926.25","-1173858.0"
"1_20_1_100_10.csv","2004/1/2","2007/12/31","2258522.5","3182958.0","924435.5","0.283697749517","37","13713542.0","-13593971.25","119570.75","-1976357.875"
"1_20_1_100_12.csv","2004/1/2","2007/12/31","2258522.5","3182958.0","924435.5","0.283697749517","37","13713542.0","-13593971.25","119570.75","-1976357.875"
"1_20_1_100_14.csv","2004/1/2","2007/12/31","2258522.5","3182958.0","924435.5","0.283697749517","37","13713542.0","-13593971.25","119570.75","-1976357.875"
"1_20_1_100_16.csv","2004/1/2","2007/12/31","2258522.5","3182958.0","924435.5","0.283697749517","37","13713542.0","-13593971.25","119570.75","-1976357.875"
"1_20_1_100_18.csv","2004/1/2","2007/12/31","2258522.5","3182958.0","924435.5","0.283697749517","37","13713542.0","-13593971.25","119570.75","-1976357.875"
"1_20_1_100_20.csv","2004/1/2","2007/12/31","2258522.5","3182958.0","924435.5","0.283697749517","37","13713542.0","-13593971.25","119570.75","-1976357.875"
"1_20_1_100_4.csv","2004/1/2","2007/12/31","2258522.5","3182958.0","924435.5","0.283697749517","37","13713542.0","-13593971.25","119570.75","-1976357.875"
"1_20_1_100_6.csv","2004/1/2","2007/12/31","2258522.5","3182958.0","924435.5","0.283697749517","37","13713542.0","-13593971.25","119570.75","-1976357.875"
"1_20_1_100_8.csv","2004/1/2","2007/12/31","2258522.5","3182958.0","924435.5","0.283697749517","37","13713542.0","-13593971.25","119570.75","-1976357.875"
"3_20_1_100_10.csv","2004/1/2","2007/12/31","2258522.5","3182958.0","924435.5","0.283697749517","37","13713542.0","-13593971.25","119570.75","-1976357.875"
"3_20_1_100_12.csv","2004/1/2","2007/12/31","2258522.5","3182958.0","924435.5","0.283697749517","37","13713542.0","-13593971.25","119570.75","-1976357.875"
"3_20_1_100_14.csv","2004/1/2","2007/12/31","2258522.5","3182958.0","924435.5","0.283697749517","37","13713542.0","-13593971.25","119570.75","-1976357.875"
"3_20_1_100_16.csv","2004/1/2","2007/12/31","2258522.5","3182958.0","924435.5","0.283697749517","37","13713542.0","-13593971.25","119570.75","-1976357.875"
"3_20_1_100_18.csv","2004/1/2","2007/12/31","2258522.5","3182958.0","924435.5","0.283697749517","37","13713542.0","-13593971.25","119570.75","-1976357.875"
"3_20_1_100_20.csv","2004/1/2","2007/12/31","2258522.5","3182958.0","924435.5","0.283697749517","37","13713542.0","-13593971.25","119570.75","-1976357.875"
"3_20_1_100_4.csv","2004/1/2","2007/12/31","2258522.5","3182958.0","924435.5","0.283697749517","37","13713542.0","-13593971.25","119570.75","-1976357.875"
"3_20_1_100_6.csv","2004/1/2","2007/12/31","2258522.5","3182958.0","924435.5","0.283697749517","37","13713542.0","-13593971.25","119570.75","-1976357.875"
"3_20_1_100_8.csv","2004/1/2","2007/12/31","2258522.5","3182958.0","924435.5","0.283697749517","37","13713542.0","-13593971.25","119570.75","-1976357.875"
"2_40_0.75_100_6.csv","2004/1/2","2007/12/31","178151.188","1594400.625","1416249.437","1.20209481722","15","10196212.376","-9072408.157","1123804.219","-717262.234"
"1_40_0.75_75_10.csv","2004/1/2","2007/12/31","540518.313","1815361.625","1274843.312","0.8275418093","33","12005776.183","-11114092.933","891683.25","-934623.156"
"1_40_0.75_75_12.csv","2004/1/2","2007/12/31","540518.313","1815361.625","1274843.312","0.8275418093","33","12005776.183","-11114092.933","891683.25","-934623.156"
"1_40_0.75_75_14.csv","2004/1/2","2007/12/31","540518.313","1815361.625","1274843.312","0.8275418093","33","12005776.183","-11114092.933","891683.25","-934623.156"
"1_40_0.75_75_16.csv","2004/1/2","2007/12/31","540518.313","1815361.625","1274843.312","0.8275418093","33","12005776.183","-11114092.933","891683.25","-934623.156"
"1_40_0.75_75_18.csv","2004/1/2","2007/12/31","540518.313","1815361.625","1274843.312","0.8275418093","33","12005776.183","-11114092.933","891683.25","-934623.156"
"1_40_0.75_75_20.csv","2004/1/2","2007/12/31","540518.313","1815361.625","1274843.312","0.8275418093","33","12005776.183","-11114092.933","891683.25","-934623.156"
"1_40_0.75_75_4.csv","2004/1/2","2007/12/31","540518.313","1815361.625","1274843.312","0.8275418093","33","12005776.183","-11114092.933","891683.25","-934623.156"
"1_40_0.75_75_6.csv","2004/1/2","2007/12/31","540518.313","1815361.625","1274843.312","0.8275418093","33","12005776.183","-11114092.933","891683.25","-934623.156"
"1_40_0.75_75_8.csv","2004/1/2","2007/12/31","540518.313","1815361.625","1274843.312","0.8275418093","33","12005776.183","-11114092.933","891683.25","-934623.156"
"3_40_0.75_75_10.csv","2004/1/2","2007/12/31","540518.313","1815361.625","1274843.312","0.8275418093","33","12005776.183","-11114092.933","891683.25","-934623.156"
"3_40_0.75_75_12.csv","2004/1/2","2007/12/31","540518.313","1815361.625","1274843.312","0.8275418093","33","12005776.183","-11114092.933","891683.25","-934623.156"
"3_40_0.75_75_14.csv","2004/1/2","2007/12/31","540518.313","1815361.625","1274843.312","0.8275418093","33","12005776.183","-11114092.933","891683.25","-934623.156"
"3_40_0.75_75_16.csv","2004/1/2","2007/12/31","540518.313","1815361.625","1274843.312","0.8275418093","33","12005776.183","-11114092.933","891683.25","-934623.156"
"3_40_0.75_75_18.csv","2004/1/2","2007/12/31","540518.313","1815361.625","1274843.312","0.8275418093","33","12005776.183","-11114092.933","891683.25","-934623.156"
"3_40_0.75_75_20.csv","2004/1/2","2007/12/31","540518.313","1815361.625","1274843.312","0.8275418093","33","12005776.183","-11114092.933","891683.25","-934623.156"
"3_40_0.75_75_4.csv","2004/1/2","2007/12/31","540518.313","1815361.625","1274843.312","0.8275418093","33","12005776.183","-11114092.933","891683.25","-934623.156"
"3_40_0.75_75_6.csv","2004/1/2","2007/12/31","540518.313","1815361.625","1274843.312","0.8275418093","33","12005776.183","-11114092.933","891683.25","-934623.156"
"3_40_0.75_75_8.csv","2004/1/2","2007/12/31","540518.313","1815361.625","1274843.312","0.8275418093","33","12005776.183","-11114092.933","891683.25","-934623.156"
"2_20_1.75_200_8.csv","2004/1/2","2007/12/31","-13041.691","522139.125","535180.816","0.542252708265","13","5037702.815","-4748127.299","289575.516","-588809.781"
"1_20_1_125_10.csv","2004/1/2","2007/12/31","1453639.875","2160373.25","706733.375","0.288034679498","36","10227909.311","-10132245.686","95663.625","-1463853.25"
"1_20_1_125_12.csv","2004/1/2","2007/12/31","1453639.875","2160373.25","706733.375","0.288034679498","36","10227909.311","-10132245.686","95663.625","-1463853.25"
"1_20_1_125_14.csv","2004/1/2","2007/12/31","1453639.875","2160373.25","706733.375","0.288034679498","36","10227909.311","-10132245.686","95663.625","-1463853.25"
"1_20_1_125_16.csv","2004/1/2","2007/12/31","1453639.875","2160373.25","706733.375","0.288034679498","36","10227909.311","-10132245.686","95663.625","-1463853.25"
"1_20_1_125_18.csv","2004/1/2","2007/12/31","1453639.875","2160373.25","706733.375","0.288034679498","36","10227909.311","-10132245.686","95663.625","-1463853.25"
"1_20_1_125_20.csv","2004/1/2","2007/12/31","1453639.875","2160373.25","706733.375","0.288034679498","36","10227909.311","-10132245.686","95663.625","-1463853.25"
"1_20_1_125_4.csv","2004/1/2","2007/12/31","1453639.875","2160373.25","706733.375","0.288034679498","36","10227909.311","-10132245.686","95663.625","-1463853.25"
"1_20_1_125_6.csv","2004/1/2","2007/12/31","1453639.875","2160373.25","706733.375","0.288034679498","36","10227909.311","-10132245.686","95663.625","-1463853.25"
"1_20_1_125_8.csv","2004/1/2","2007/12/31","1453639.875","2160373.25","706733.375","0.288034679498","36","10227909.311","-10132245.686","95663.625","-1463853.25"
"3_20_1_125_10.csv","2004/1/2","2007/12/31","1453639.875","2160373.25","706733.375","0.288034679498","36","10227909.311","-10132245.686","95663.625","-1463853.25"
"3_20_1_125_12.csv","2004/1/2","2007/12/31","1453639.875","2160373.25","706733.375","0.288034679498","36","10227909.311","-10132245.686","95663.625","-1463853.25"
"3_20_1_125_14.csv","2004/1/2","2007/12/31","1453639.875","2160373.25","706733.375","0.288034679498","36","10227909.311","-10132245.686","95663.625","-1463853.25"
"3_20_1_125_16.csv","2004/1/2","2007/12/31","1453639.875","2160373.25","706733.375","0.288034679498","36","10227909.311","-10132245.686","95663.625","-1463853.25"
"3_20_1_125_18.csv","2004/1/2","2007/12/31","1453639.875","2160373.25","706733.375","0.288034679498","36","10227909.311","-10132245.686","95663.625","-1463853.25"
"3_20_1_125_20.csv","2004/1/2","2007/12/31","1453639.875","2160373.25","706733.375","0.288034679498","36","10227909.311","-10132245.686","95663.625","-1463853.25"
"3_20_1_125_4.csv","2004/1/2","2007/12/31","1453639.875","2160373.25","706733.375","0.288034679498","36","10227909.311","-10132245.686","95663.625","-1463853.25"
"3_20_1_125_6.csv","2004/1/2","2007/12/31","1453639.875","2160373.25","706733.375","0.288034679498","36","10227909.311","-10132245.686","95663.625","-1463853.25"
"3_20_1_125_8.csv","2004/1/2","2007/12/31","1453639.875","2160373.25","706733.375","0.288034679498","36","10227909.311","-10132245.686","95663.625","-1463853.25"
"2_60_2_150_10.csv","2004/1/2","2007/12/31","93757.891","889060.563","795302.672","0.72712862558","6","8801649.792","-8283356.323","518293.469","-551097.602"
"2_60_2_175_10.csv","2004/1/2","2007/12/31","103946.844","767146.625","663199.781","0.600753364715","6","8492468.685","-8108858.623","383610.062","-624230.125"
"1_40_1_125_10.csv","2004/1/2","2007/12/31","1113065.125","2522611.5","1409546.375","0.667062438504","22","11804172.75","-10933007.5","871165.25","-1153760.812"
"1_40_1_125_12.csv","2004/1/2","2007/12/31","1113065.125","2522611.5","1409546.375","0.667062438504","22","11804172.75","-10933007.5","871165.25","-1153760.812"
"1_40_1_125_14.csv","2004/1/2","2007/12/31","1113065.125","2522611.5","1409546.375","0.667062438504","22","11804172.75","-10933007.5","871165.25","-1153760.812"
"1_40_1_125_16.csv","2004/1/2","2007/12/31","1113065.125","2522611.5","1409546.375","0.667062438504","22","11804172.75","-10933007.5","871165.25","-1153760.812"
"1_40_1_125_18.csv","2004/1/2","2007/12/31","1113065.125","2522611.5","1409546.375","0.667062438504","22","11804172.75","-10933007.5","871165.25","-1153760.812"
"1_40_1_125_20.csv","2004/1/2","2007/12/31","1113065.125","2522611.5","1409546.375","0.667062438504","22","11804172.75","-10933007.5","871165.25","-1153760.812"
"1_40_1_125_4.csv","2004/1/2","2007/12/31","1113065.125","2522611.5","1409546.375","0.667062438504","22","11804172.75","-10933007.5","871165.25","-1153760.812"
"1_40_1_125_6.csv","2004/1/2","2007/12/31","1113065.125","2522611.5","1409546.375","0.667062438504","22","11804172.75","-10933007.5","871165.25","-1153760.812"
"1_40_1_125_8.csv","2004/1/2","2007/12/31","1113065.125","2522611.5","1409546.375","0.667062438504","22","11804172.75","-10933007.5","871165.25","-1153760.812"
"3_40_1_125_10.csv","2004/1/2","2007/12/31","1113065.125","2522611.5","1409546.375","0.667062438504","22","11804172.75","-10933007.5","871165.25","-1153760.812"
"3_40_1_125_12.csv","2004/1/2","2007/12/31","1113065.125","2522611.5","1409546.375","0.667062438504","22","11804172.75","-10933007.5","871165.25","-1153760.812"
"3_40_1_125_14.csv","2004/1/2","2007/12/31","1113065.125","2522611.5","1409546.375","0.667062438504","22","11804172.75","-10933007.5","871165.25","-1153760.812"
"3_40_1_125_16.csv","2004/1/2","2007/12/31","1113065.125","2522611.5","1409546.375","0.667062438504","22","11804172.75","-10933007.5","871165.25","-1153760.812"
"3_40_1_125_18.csv","2004/1/2","2007/12/31","1113065.125","2522611.5","1409546.375","0.667062438504","22","11804172.75","-10933007.5","871165.25","-1153760.812"
"3_40_1_125_20.csv","2004/1/2","2007/12/31","1113065.125","2522611.5","1409546.375","0.667062438504","22","11804172.75","-10933007.5","871165.25","-1153760.812"
"3_40_1_125_4.csv","2004/1/2","2007/12/31","1113065.125","2522611.5","1409546.375","0.667062438504","22","11804172.75","-10933007.5","871165.25","-1153760.812"
"3_40_1_125_6.csv","2004/1/2","2007/12/31","1113065.125","2522611.5","1409546.375","0.667062438504","22","11804172.75","-10933007.5","871165.25","-1153760.812"
"3_40_1_125_8.csv","2004/1/2","2007/12/31","1113065.125","2522611.5","1409546.375","0.667062438504","22","11804172.75","-10933007.5","871165.25","-1153760.812"
"2_20_2_175_10.csv","2004/1/2","2007/12/31","-48524.426","431055.625","479580.051","0.504038216119","13","4879117.399","-4643703.055","235414.344","-594460.406"
"2_20_2_175_12.csv","2004/1/2","2007/12/31","-48524.426","431055.625","479580.051","0.504038216119","13","4879117.399","-4643703.055","235414.344","-594460.406"
"2_20_2_175_14.csv","2004/1/2","2007/12/31","-48524.426","431055.625","479580.051","0.504038216119","13","4879117.399","-4643703.055","235414.344","-594460.406"
"2_20_2_175_16.csv","2004/1/2","2007/12/31","-48524.426","431055.625","479580.051","0.504038216119","13","4879117.399","-4643703.055","235414.344","-594460.406"
"2_20_2_175_18.csv","2004/1/2","2007/12/31","-48524.426","431055.625","479580.051","0.504038216119","13","4879117.399","-4643703.055","235414.344","-594460.406"
"2_20_2_175_20.csv","2004/1/2","2007/12/31","-48524.426","431055.625","479580.051","0.504038216119","13","4879117.399","-4643703.055","235414.344","-594460.406"
"2_20_2_150_10.csv","2004/1/2","2007/12/31","27811.906","619005.0","591193.094","0.575195802412","15","5557921.906","-5230483.844","327438.062","-605019.75"
"2_20_2_150_12.csv","2004/1/2","2007/12/31","27811.906","619005.0","591193.094","0.575195802412","15","5557921.906","-5230483.844","327438.062","-605019.75"
"2_20_2_150_14.csv","2004/1/2","2007/12/31","27811.906","619005.0","591193.094","0.575195802412","15","5557921.906","-5230483.844","327438.062","-605019.75"
"2_20_2_150_16.csv","2004/1/2","2007/12/31","27811.906","619005.0","591193.094","0.575195802412","15","5557921.906","-5230483.844","327438.062","-605019.75"
"2_20_2_150_18.csv","2004/1/2","2007/12/31","27811.906","619005.0","591193.094","0.575195802412","15","5557921.906","-5230483.844","327438.062","-605019.75"
"2_20_2_150_20.csv","2004/1/2","2007/12/31","27811.906","619005.0","591193.094","0.575195802412","15","5557921.906","-5230483.844","327438.062","-605019.75"
"2_20_1.25_75_8.csv","2004/1/2","2007/12/31","1791392.625","4281407.0","2490014.375","0.89203301345","19","20695900.125","-18923536.625","1772363.5","-1883394.0"
"2_20_1.25_75_10.csv","2004/1/2","2007/12/31","1893581.25","4474752.5","2581171.25","0.892033444715","19","21453553.5","-19616305.75","1837247.75","-1952343.0"
"2_20_1.25_75_12.csv","2004/1/2","2007/12/31","1893581.25","4474752.5","2581171.25","0.892033444715","19","21453553.5","-19616305.75","1837247.75","-1952343.0"
"2_20_1.25_75_14.csv","2004/1/2","2007/12/31","1893581.25","4474752.5","2581171.25","0.892033444715","19","21453553.5","-19616305.75","1837247.75","-1952343.0"
"2_20_1.25_75_16.csv","2004/1/2","2007/12/31","1893581.25","4474752.5","2581171.25","0.892033444715","19","21453553.5","-19616305.75","1837247.75","-1952343.0"
"2_20_1.25_75_18.csv","2004/1/2","2007/12/31","1893581.25","4474752.5","2581171.25","0.892033444715","19","21453553.5","-19616305.75","1837247.75","-1952343.0"
"2_20_1.25_75_20.csv","2004/1/2","2007/12/31","1893581.25","4474752.5","2581171.25","0.892033444715","19","21453553.5","-19616305.75","1837247.75","-1952343.0"
"2_100_1.5_175_8.csv","2004/1/2","2007/12/31","-400843.125","-59175.031","341668.094","0.570248140773","7","5057327.657","-4871170.938","186156.719","-400526.75"
"2_100_1.5_150_8.csv","2004/1/2","2007/12/31","-262655.469","112409.469","375064.938","0.508669858162","8","6122023.765","-5938336.858","183686.907","-512630.649"
"2_100_1.5_200_8.csv","2004/1/2","2007/12/31","-379582.344","-25790.344","353792.0","0.570248116859","7","5236783.769","-5044021.394","192762.375","-414739.219"
"2_100_1.5_100_8.csv","2004/1/2","2007/12/31","-187616.031","225619.125","413235.156","0.508669756875","8","6745061.538","-6542680.991","202380.547","-564801.156"
"2_100_1.5_125_8.csv","2004/1/2","2007/12/31","-187616.031","225619.125","413235.156","0.508669756875","8","6745061.538","-6542680.991","202380.547","-564801.156"
"2_100_1.5_50_8.csv","2004/1/2","2007/12/31","-187616.031","225619.125","413235.156","0.508669756875","8","6745061.538","-6542680.991","202380.547","-564801.156"
"2_100_1.5_75_8.csv","2004/1/2","2007/12/31","-187616.031","225619.125","413235.156","0.508669756875","8","6745061.538","-6542680.991","202380.547","-564801.156"
"1_120_1.25_100_10.csv","2004/1/2","2007/12/31","374400.594","1269938.375","895537.781","0.651584250552","24","8183342.515","-7645662.515","537680.0","-822549.186"
"1_120_1.25_100_12.csv","2004/1/2","2007/12/31","374400.594","1269938.375","895537.781","0.651584250552","24","8183342.515","-7645662.515","537680.0","-822549.186"
"1_120_1.25_100_14.csv","2004/1/2","2007/12/31","374400.594","1269938.375","895537.781","0.651584250552","24","8183342.515","-7645662.515","537680.0","-822549.186"
"1_120_1.25_100_16.csv","2004/1/2","2007/12/31","374400.594","1269938.375","895537.781","0.651584250552","24","8183342.515","-7645662.515","537680.0","-822549.186"
"1_120_1.25_100_18.csv","2004/1/2","2007/12/31","374400.594","1269938.375","895537.781","0.651584250552","24","8183342.515","-7645662.515","537680.0","-822549.186"
"1_120_1.25_100_20.csv","2004/1/2","2007/12/31","374400.594","1269938.375","895537.781","0.651584250552","24","8183342.515","-7645662.515","537680.0","-822549.186"
"1_120_1.25_100_4.csv","2004/1/2","2007/12/31","374400.594","1269938.375","895537.781","0.651584250552","24","8183342.515","-7645662.515","537680.0","-822549.186"
"1_120_1.25_100_6.csv","2004/1/2","2007/12/31","374400.594","1269938.375","895537.781","0.651584250552","24","8183342.515","-7645662.515","537680.0","-822549.186"
"1_120_1.25_100_8.csv","2004/1/2","2007/12/31","374400.594","1269938.375","895537.781","0.651584250552","24","8183342.515","-7645662.515","537680.0","-822549.186"
"1_120_1.25_125_10.csv","2004/1/2","2007/12/31","374400.594","1269938.375","895537.781","0.651584250552","24","8183342.515","-7645662.515","537680.0","-822549.186"
"1_120_1.25_125_12.csv","2004/1/2","2007/12/31","374400.594","1269938.375","895537.781","0.651584250552","24","8183342.515","-7645662.515","537680.0","-822549.186"
"1_120_1.25_125_14.csv","2004/1/2","2007/12/31","374400.594","1269938.375","895537.781","0.651584250552","24","8183342.515","-7645662.515","537680.0","-822549.186"
"1_120_1.25_125_16.csv","2004/1/2","2007/12/31","374400.594","1269938.375","895537.781","0.651584250552","24","8183342.515","-7645662.515","537680.0","-822549.186"
"1_120_1.25_125_18.csv","2004/1/2","2007/12/31","374400.594","1269938.375","895537.781","0.651584250552","24","8183342.515","-7645662.515","537680.0","-822549.186"
"1_120_1.25_125_20.csv","2004/1/2","2007/12/31","374400.594","1269938.375","895537.781","0.651584250552","24","8183342.515","-7645662.515","537680.0","-822549.186"
"1_120_1.25_125_4.csv","2004/1/2","2007/12/31","374400.594","1269938.375","895537.781","0.651584250552","24","8183342.515","-7645662.515","537680.0","-822549.186"
"1_120_1.25_125_6.csv","2004/1/2","2007/12/31","374400.594","1269938.375","895537.781","0.651584250552","24","8183342.515","-7645662.515","537680.0","-822549.186"
"1_120_1.25_125_8.csv","2004/1/2","2007/12/31","374400.594","1269938.375","895537.781","0.651584250552","24","8183342.515","-7645662.515","537680.0","-822549.186"
"1_120_1.25_150_10.csv","2004/1/2","2007/12/31","374400.594","1269938.375","895537.781","0.651584250552","24","8183342.515","-7645662.515","537680.0","-822549.186"
"1_120_1.25_150_12.csv","2004/1/2","2007/12/31","374400.594","1269938.375","895537.781","0.651584250552","24","8183342.515","-7645662.515","537680.0","-822549.186"
"1_120_1.25_150_14.csv","2004/1/2","2007/12/31","374400.594","1269938.375","895537.781","0.651584250552","24","8183342.515","-7645662.515","537680.0","-822549.186"
"1_120_1.25_150_16.csv","2004/1/2","2007/12/31","374400.594","1269938.375","895537.781","0.651584250552","24","8183342.515","-7645662.515","537680.0","-822549.186"
"1_120_1.25_150_18.csv","2004/1/2","2007/12/31","374400.594","1269938.375","895537.781","0.651584250552","24","8183342.515","-7645662.515","537680.0","-822549.186"
"1_120_1.25_150_20.csv","2004/1/2","2007/12/31","374400.594","1269938.375","895537.781","0.651584250552","24","8183342.515","-7645662.515","537680.0","-822549.186"
"1_120_1.25_150_4.csv","2004/1/2","2007/12/31","374400.594","1269938.375","895537.781","0.651584250552","24","8183342.515","-7645662.515","537680.0","-822549.186"
"1_120_1.25_150_6.csv","2004/1/2","2007/12/31","374400.594","1269938.375","895537.781","0.651584250552","24","8183342.515","-7645662.515","537680.0","-822549.186"
"1_120_1.25_150_8.csv","2004/1/2","2007/12/31","374400.594","1269938.375","895537.781","0.651584250552","24","8183342.515","-7645662.515","537680.0","-822549.186"
"1_120_1.25_50_10.csv","2004/1/2","2007/12/31","374400.594","1269938.375","895537.781","0.651584250552","24","8183342.515","-7645662.515","537680.0","-822549.186"
"1_120_1.25_50_12.csv","2004/1/2","2007/12/31","374400.594","1269938.375","895537.781","0.651584250552","24","8183342.515","-7645662.515","537680.0","-822549.186"
"1_120_1.25_50_14.csv","2004/1/2","2007/12/31","374400.594","1269938.375","895537.781","0.651584250552","24","8183342.515","-7645662.515","537680.0","-822549.186"
"1_120_1.25_50_16.csv","2004/1/2","2007/12/31","374400.594","1269938.375","895537.781","0.651584250552","24","8183342.515","-7645662.515","537680.0","-822549.186"
"1_120_1.25_50_18.csv","2004/1/2","2007/12/31","374400.594","1269938.375","895537.781","0.651584250552","24","8183342.515","-7645662.515","537680.0","-822549.186"
"1_120_1.25_50_20.csv","2004/1/2","2007/12/31","374400.594","1269938.375","895537.781","0.651584250552","24","8183342.515","-7645662.515","537680.0","-822549.186"
"1_120_1.25_50_4.csv","2004/1/2","2007/12/31","374400.594","1269938.375","895537.781","0.651584250552","24","8183342.515","-7645662.515","537680.0","-822549.186"
"1_120_1.25_50_6.csv","2004/1/2","2007/12/31","374400.594","1269938.375","895537.781","0.651584250552","24","8183342.515","-7645662.515","537680.0","-822549.186"
"1_120_1.25_50_8.csv","2004/1/2","2007/12/31","374400.594","1269938.375","895537.781","0.651584250552","24","8183342.515","-7645662.515","537680.0","-822549.186"
"1_120_1.25_75_10.csv","2004/1/2","2007/12/31","374400.594","1269938.375","895537.781","0.651584250552","24","8183342.515","-7645662.515","537680.0","-822549.186"
"1_120_1.25_75_12.csv","2004/1/2","2007/12/31","374400.594","1269938.375","895537.781","0.651584250552","24","8183342.515","-7645662.515","537680.0","-822549.186"
"1_120_1.25_75_14.csv","2004/1/2","2007/12/31","374400.594","1269938.375","895537.781","0.651584250552","24","8183342.515","-7645662.515","537680.0","-822549.186"
"1_120_1.25_75_16.csv","2004/1/2","2007/12/31","374400.594","1269938.375","895537.781","0.651584250552","24","8183342.515","-7645662.515","537680.0","-822549.186"
"1_120_1.25_75_18.csv","2004/1/2","2007/12/31","374400.594","1269938.375","895537.781","0.651584250552","24","8183342.515","-7645662.515","537680.0","-822549.186"
"1_120_1.25_75_20.csv","2004/1/2","2007/12/31","374400.594","1269938.375","895537.781","0.651584250552","24","8183342.515","-7645662.515","537680.0","-822549.186"
"1_120_1.25_75_4.csv","2004/1/2","2007/12/31","374400.594","1269938.375","895537.781","0.651584250552","24","8183342.515","-7645662.515","537680.0","-822549.186"
"1_120_1.25_75_6.csv","2004/1/2","2007/12/31","374400.594","1269938.375","895537.781","0.651584250552","24","8183342.515","-7645662.515","537680.0","-822549.186"
"1_120_1.25_75_8.csv","2004/1/2","2007/12/31","374400.594","1269938.375","895537.781","0.651584250552","24","8183342.515","-7645662.515","537680.0","-822549.186"
"3_120_1.25_100_10.csv","2004/1/2","2007/12/31","374400.594","1269938.375","895537.781","0.651584250552","24","8183342.515","-7645662.515","537680.0","-822549.186"
"3_120_1.25_100_12.csv","2004/1/2","2007/12/31","374400.594","1269938.375","895537.781","0.651584250552","24","8183342.515","-7645662.515","537680.0","-822549.186"
"3_120_1.25_100_14.csv","2004/1/2","2007/12/31","374400.594","1269938.375","895537.781","0.651584250552","24","8183342.515","-7645662.515","537680.0","-822549.186"
"3_120_1.25_100_16.csv","2004/1/2","2007/12/31","374400.594","1269938.375","895537.781","0.651584250552","24","8183342.515","-7645662.515","537680.0","-822549.186"
"3_120_1.25_100_18.csv","2004/1/2","2007/12/31","374400.594","1269938.375","895537.781","0.651584250552","24","8183342.515","-7645662.515","537680.0","-822549.186"
"3_120_1.25_100_20.csv","2004/1/2","2007/12/31","374400.594","1269938.375","895537.781","0.651584250552","24","8183342.515","-7645662.515","537680.0","-822549.186"
"3_120_1.25_100_4.csv","2004/1/2","2007/12/31","374400.594","1269938.375","895537.781","0.651584250552","24","8183342.515","-7645662.515","537680.0","-822549.186"
"3_120_1.25_100_6.csv","2004/1/2","2007/12/31","374400.594","1269938.375","895537.781","0.651584250552","24","8183342.515","-7645662.515","537680.0","-822549.186"
"3_120_1.25_100_8.csv","2004/1/2","2007/12/31","374400.594","1269938.375","895537.781","0.651584250552","24","8183342.515","-7645662.515","537680.0","-822549.186"
"3_120_1.25_125_10.csv","2004/1/2","2007/12/31","374400.594","1269938.375","895537.781","0.651584250552","24","8183342.515","-7645662.515","537680.0","-822549.186"
"3_120_1.25_125_12.csv","2004/1/2","2007/12/31","374400.594","1269938.375","895537.781","0.651584250552","24","8183342.515","-7645662.515","537680.0","-822549.186"
"3_120_1.25_125_14.csv","2004/1/2","2007/12/31","374400.594","1269938.375","895537.781","0.651584250552","24","8183342.515","-7645662.515","537680.0","-822549.186"
"3_120_1.25_125_16.csv","2004/1/2","2007/12/31","374400.594","1269938.375","895537.781","0.651584250552","24","8183342.515","-7645662.515","537680.0","-822549.186"
"3_120_1.25_125_18.csv","2004/1/2","2007/12/31","374400.594","1269938.375","895537.781","0.651584250552","24","8183342.515","-7645662.515","537680.0","-822549.186"
"3_120_1.25_125_20.csv","2004/1/2","2007/12/31","374400.594","1269938.375","895537.781","0.651584250552","24","8183342.515","-7645662.515","537680.0","-822549.186"
"3_120_1.25_125_4.csv","2004/1/2","2007/12/31","374400.594","1269938.375","895537.781","0.651584250552","24","8183342.515","-7645662.515","537680.0","-822549.186"
"3_120_1.25_125_6.csv","2004/1/2","2007/12/31","374400.594","1269938.375","895537.781","0.651584250552","24","8183342.515","-7645662.515","537680.0","-822549.186"
"3_120_1.25_125_8.csv","2004/1/2","2007/12/31","374400.594","1269938.375","895537.781","0.651584250552","24","8183342.515","-7645662.515","537680.0","-822549.186"
"3_120_1.25_150_10.csv","2004/1/2","2007/12/31","374400.594","1269938.375","895537.781","0.651584250552","24","8183342.515","-7645662.515","537680.0","-822549.186"
"3_120_1.25_150_12.csv","2004/1/2","2007/12/31","374400.594","1269938.375","895537.781","0.651584250552","24","8183342.515","-7645662.515","537680.0","-822549.186"
"3_120_1.25_150_14.csv","2004/1/2","2007/12/31","374400.594","1269938.375","895537.781","0.651584250552","24","8183342.515","-7645662.515","537680.0","-822549.186"
"3_120_1.25_150_16.csv","2004/1/2","2007/12/31","374400.594","1269938.375","895537.781","0.651584250552","24","8183342.515","-7645662.515","537680.0","-822549.186"
"3_120_1.25_150_18.csv","2004/1/2","2007/12/31","374400.594","1269938.375","895537.781","0.651584250552","24","8183342.515","-7645662.515","537680.0","-822549.186"
"3_120_1.25_150_20.csv","2004/1/2","2007/12/31","374400.594","1269938.375","895537.781","0.651584250552","24","8183342.515","-7645662.515","537680.0","-822549.186"
"3_120_1.25_150_4.csv","2004/1/2","2007/12/31","374400.594","1269938.375","895537.781","0.651584250552","24","8183342.515","-7645662.515","537680.0","-822549.186"
"3_120_1.25_150_6.csv","2004/1/2","2007/12/31","374400.594","1269938.375","895537.781","0.651584250552","24","8183342.515","-7645662.515","537680.0","-822549.186"
"3_120_1.25_150_8.csv","2004/1/2","2007/12/31","374400.594","1269938.375","895537.781","0.651584250552","24","8183342.515","-7645662.515","537680.0","-822549.186"
"3_120_1.25_50_10.csv","2004/1/2","2007/12/31","374400.594","1269938.375","895537.781","0.651584250552","24","8183342.515","-7645662.515","537680.0","-822549.186"
"3_120_1.25_50_12.csv","2004/1/2","2007/12/31","374400.594","1269938.375","895537.781","0.651584250552","24","8183342.515","-7645662.515","537680.0","-822549.186"
"3_120_1.25_50_14.csv","2004/1/2","2007/12/31","374400.594","1269938.375","895537.781","0.651584250552","24","8183342.515","-7645662.515","537680.0","-822549.186"
"3_120_1.25_50_16.csv","2004/1/2","2007/12/31","374400.594","1269938.375","895537.781","0.651584250552","24","8183342.515","-7645662.515","537680.0","-822549.186"
"3_120_1.25_50_18.csv","2004/1/2","2007/12/31","374400.594","1269938.375","895537.781","0.651584250552","24","8183342.515","-7645662.515","537680.0","-822549.186"
"3_120_1.25_50_20.csv","2004/1/2","2007/12/31","374400.594","1269938.375","895537.781","0.651584250552","24","8183342.515","-7645662.515","537680.0","-822549.186"
"3_120_1.25_50_4.csv","2004/1/2","2007/12/31","374400.594","1269938.375","895537.781","0.651584250552","24","8183342.515","-7645662.515","537680.0","-822549.186"
"3_120_1.25_50_6.csv","2004/1/2","2007/12/31","374400.594","1269938.375","895537.781","0.651584250552","24","8183342.515","-7645662.515","537680.0","-822549.186"
"3_120_1.25_50_8.csv","2004/1/2","2007/12/31","374400.594","1269938.375","895537.781","0.651584250552","24","8183342.515","-7645662.515","537680.0","-822549.186"
"3_120_1.25_75_10.csv","2004/1/2","2007/12/31","374400.594","1269938.375","895537.781","0.651584250552","24","8183342.515","-7645662.515","537680.0","-822549.186"
"3_120_1.25_75_12.csv","2004/1/2","2007/12/31","374400.594","1269938.375","895537.781","0.651584250552","24","8183342.515","-7645662.515","537680.0","-822549.186"
"3_120_1.25_75_14.csv","2004/1/2","2007/12/31","374400.594","1269938.375","895537.781","0.651584250552","24","8183342.515","-7645662.515","537680.0","-822549.186"
"3_120_1.25_75_16.csv","2004/1/2","2007/12/31","374400.594","1269938.375","895537.781","0.651584250552","24","8183342.515","-7645662.515","537680.0","-822549.186"
"3_120_1.25_75_18.csv","2004/1/2","2007/12/31","374400.594","1269938.375","895537.781","0.651584250552","24","8183342.515","-7645662.515","537680.0","-822549.186"
"3_120_1.25_75_20.csv","2004/1/2","2007/12/31","374400.594","1269938.375","895537.781","0.651584250552","24","8183342.515","-7645662.515","537680.0","-822549.186"
"3_120_1.25_75_4.csv","2004/1/2","2007/12/31","374400.594","1269938.375","895537.781","0.651584250552","24","8183342.515","-7645662.515","537680.0","-822549.186"
"3_120_1.25_75_6.csv","2004/1/2","2007/12/31","374400.594","1269938.375","895537.781","0.651584250552","24","8183342.515","-7645662.515","537680.0","-822549.186"
"3_120_1.25_75_8.csv","2004/1/2","2007/12/31","374400.594","1269938.375","895537.781","0.651584250552","24","8183342.515","-7645662.515","537680.0","-822549.186"
"1_120_1.25_175_10.csv","2004/1/2","2007/12/31","7290.131","663624.438","656334.307","0.651584173021","24","5997523.045","-5603460.638","394062.407","-602841.5"
"1_120_1.25_175_12.csv","2004/1/2","2007/12/31","7290.131","663624.438","656334.307","0.651584173021","24","5997523.045","-5603460.638","394062.407","-602841.5"
"1_120_1.25_175_14.csv","2004/1/2","2007/12/31","7290.131","663624.438","656334.307","0.651584173021","24","5997523.045","-5603460.638","394062.407","-602841.5"
"1_120_1.25_175_16.csv","2004/1/2","2007/12/31","7290.131","663624.438","656334.307","0.651584173021","24","5997523.045","-5603460.638","394062.407","-602841.5"
"1_120_1.25_175_18.csv","2004/1/2","2007/12/31","7290.131","663624.438","656334.307","0.651584173021","24","5997523.045","-5603460.638","394062.407","-602841.5"
"1_120_1.25_175_20.csv","2004/1/2","2007/12/31","7290.131","663624.438","656334.307","0.651584173021","24","5997523.045","-5603460.638","394062.407","-602841.5"
"1_120_1.25_175_4.csv","2004/1/2","2007/12/31","7290.131","663624.438","656334.307","0.651584173021","24","5997523.045","-5603460.638","394062.407","-602841.5"
"1_120_1.25_175_6.csv","2004/1/2","2007/12/31","7290.131","663624.438","656334.307","0.651584173021","24","5997523.045","-5603460.638","394062.407","-602841.5"
"1_120_1.25_175_8.csv","2004/1/2","2007/12/31","7290.131","663624.438","656334.307","0.651584173021","24","5997523.045","-5603460.638","394062.407","-602841.5"
"3_120_1.25_175_10.csv","2004/1/2","2007/12/31","7290.131","663624.438","656334.307","0.651584173021","24","5997523.045","-5603460.638","394062.407","-602841.5"
"3_120_1.25_175_12.csv","2004/1/2","2007/12/31","7290.131","663624.438","656334.307","0.651584173021","24","5997523.045","-5603460.638","394062.407","-602841.5"
"3_120_1.25_175_14.csv","2004/1/2","2007/12/31","7290.131","663624.438","656334.307","0.651584173021","24","5997523.045","-5603460.638","394062.407","-602841.5"
"3_120_1.25_175_16.csv","2004/1/2","2007/12/31","7290.131","663624.438","656334.307","0.651584173021","24","5997523.045","-5603460.638","394062.407","-602841.5"
"3_120_1.25_175_18.csv","2004/1/2","2007/12/31","7290.131","663624.438","656334.307","0.651584173021","24","5997523.045","-5603460.638","394062.407","-602841.5"
"3_120_1.25_175_20.csv","2004/1/2","2007/12/31","7290.131","663624.438","656334.307","0.651584173021","24","5997523.045","-5603460.638","394062.407","-602841.5"
"3_120_1.25_175_4.csv","2004/1/2","2007/12/31","7290.131","663624.438","656334.307","0.651584173021","24","5997523.045","-5603460.638","394062.407","-602841.5"
"3_120_1.25_175_6.csv","2004/1/2","2007/12/31","7290.131","663624.438","656334.307","0.651584173021","24","5997523.045","-5603460.638","394062.407","-602841.5"
"3_120_1.25_175_8.csv","2004/1/2","2007/12/31","7290.131","663624.438","656334.307","0.651584173021","24","5997523.045","-5603460.638","394062.407","-602841.5"
"1_120_1.25_200_10.csv","2004/1/2","2007/12/31","17621.264","680687.25","663065.986","0.651584247949","24","6059036.359","-5660932.234","398104.125","-609024.438"
"1_120_1.25_200_12.csv","2004/1/2","2007/12/31","17621.264","680687.25","663065.986","0.651584247949","24","6059036.359","-5660932.234","398104.125","-609024.438"
"1_120_1.25_200_14.csv","2004/1/2","2007/12/31","17621.264","680687.25","663065.986","0.651584247949","24","6059036.359","-5660932.234","398104.125","-609024.438"
"1_120_1.25_200_16.csv","2004/1/2","2007/12/31","17621.264","680687.25","663065.986","0.651584247949","24","6059036.359","-5660932.234","398104.125","-609024.438"
"1_120_1.25_200_18.csv","2004/1/2","2007/12/31","17621.264","680687.25","663065.986","0.651584247949","24","6059036.359","-5660932.234","398104.125","-609024.438"
"1_120_1.25_200_20.csv","2004/1/2","2007/12/31","17621.264","680687.25","663065.986","0.651584247949","24","6059036.359","-5660932.234","398104.125","-609024.438"
"1_120_1.25_200_4.csv","2004/1/2","2007/12/31","17621.264","680687.25","663065.986","0.651584247949","24","6059036.359","-5660932.234","398104.125","-609024.438"
"1_120_1.25_200_6.csv","2004/1/2","2007/12/31","17621.264","680687.25","663065.986","0.651584247949","24","6059036.359","-5660932.234","398104.125","-609024.438"
"1_120_1.25_200_8.csv","2004/1/2","2007/12/31","17621.264","680687.25","663065.986","0.651584247949","24","6059036.359","-5660932.234","398104.125","-609024.438"
"3_120_1.25_200_10.csv","2004/1/2","2007/12/31","17621.264","680687.25","663065.986","0.651584247949","24","6059036.359","-5660932.234","398104.125","-609024.438"
"3_120_1.25_200_12.csv","2004/1/2","2007/12/31","17621.264","680687.25","663065.986","0.651584247949","24","6059036.359","-5660932.234","398104.125","-609024.438"
"3_120_1.25_200_14.csv","2004/1/2","2007/12/31","17621.264","680687.25","663065.986","0.651584247949","24","6059036.359","-5660932.234","398104.125","-609024.438"
"3_120_1.25_200_16.csv","2004/1/2","2007/12/31","17621.264","680687.25","663065.986","0.651584247949","24","6059036.359","-5660932.234","398104.125","-609024.438"
"3_120_1.25_200_18.csv","2004/1/2","2007/12/31","17621.264","680687.25","663065.986","0.651584247949","24","6059036.359","-5660932.234","398104.125","-609024.438"
"3_120_1.25_200_20.csv","2004/1/2","2007/12/31","17621.264","680687.25","663065.986","0.651584247949","24","6059036.359","-5660932.234","398104.125","-609024.438"
"3_120_1.25_200_4.csv","2004/1/2","2007/12/31","17621.264","680687.25","663065.986","0.651584247949","24","6059036.359","-5660932.234","398104.125","-609024.438"
"3_120_1.25_200_6.csv","2004/1/2","2007/12/31","17621.264","680687.25","663065.986","0.651584247949","24","6059036.359","-5660932.234","398104.125","-609024.438"
"3_120_1.25_200_8.csv","2004/1/2","2007/12/31","17621.264","680687.25","663065.986","0.651584247949","24","6059036.359","-5660932.234","398104.125","-609024.438"
"1_120_1.25_225_10.csv","2004/1/2","2007/12/31","131291.672","868423.5","737131.828","0.651584243254","24","6735843.431","-6293270.306","442573.125","-677053.828"
"1_120_1.25_225_12.csv","2004/1/2","2007/12/31","131291.672","868423.5","737131.828","0.651584243254","24","6735843.431","-6293270.306","442573.125","-677053.828"
"1_120_1.25_225_14.csv","2004/1/2","2007/12/31","131291.672","868423.5","737131.828","0.651584243254","24","6735843.431","-6293270.306","442573.125","-677053.828"
"1_120_1.25_225_16.csv","2004/1/2","2007/12/31","131291.672","868423.5","737131.828","0.651584243254","24","6735843.431","-6293270.306","442573.125","-677053.828"
"1_120_1.25_225_18.csv","2004/1/2","2007/12/31","131291.672","868423.5","737131.828","0.651584243254","24","6735843.431","-6293270.306","442573.125","-677053.828"
"1_120_1.25_225_20.csv","2004/1/2","2007/12/31","131291.672","868423.5","737131.828","0.651584243254","24","6735843.431","-6293270.306","442573.125","-677053.828"
"1_120_1.25_225_4.csv","2004/1/2","2007/12/31","131291.672","868423.5","737131.828","0.651584243254","24","6735843.431","-6293270.306","442573.125","-677053.828"
"1_120_1.25_225_6.csv","2004/1/2","2007/12/31","131291.672","868423.5","737131.828","0.651584243254","24","6735843.431","-6293270.306","442573.125","-677053.828"
"1_120_1.25_225_8.csv","2004/1/2","2007/12/31","131291.672","868423.5","737131.828","0.651584243254","24","6735843.431","-6293270.306","442573.125","-677053.828"
"3_120_1.25_225_10.csv","2004/1/2","2007/12/31","131291.672","868423.5","737131.828","0.651584243254","24","6735843.431","-6293270.306","442573.125","-677053.828"
"3_120_1.25_225_12.csv","2004/1/2","2007/12/31","131291.672","868423.5","737131.828","0.651584243254","24","6735843.431","-6293270.306","442573.125","-677053.828"
"3_120_1.25_225_14.csv","2004/1/2","2007/12/31","131291.672","868423.5","737131.828","0.651584243254","24","6735843.431","-6293270.306","442573.125","-677053.828"
"3_120_1.25_225_16.csv","2004/1/2","2007/12/31","131291.672","868423.5","737131.828","0.651584243254","24","6735843.431","-6293270.306","442573.125","-677053.828"
"3_120_1.25_225_18.csv","2004/1/2","2007/12/31","131291.672","868423.5","737131.828","0.651584243254","24","6735843.431","-6293270.306","442573.125","-677053.828"
"3_120_1.25_225_20.csv","2004/1/2","2007/12/31","131291.672","868423.5","737131.828","0.651584243254","24","6735843.431","-6293270.306","442573.125","-677053.828"
"3_120_1.25_225_4.csv","2004/1/2","2007/12/31","131291.672","868423.5","737131.828","0.651584243254","24","6735843.431","-6293270.306","442573.125","-677053.828"
"3_120_1.25_225_6.csv","2004/1/2","2007/12/31","131291.672","868423.5","737131.828","0.651584243254","24","6735843.431","-6293270.306","442573.125","-677053.828"
"3_120_1.25_225_8.csv","2004/1/2","2007/12/31","131291.672","868423.5","737131.828","0.651584243254","24","6735843.431","-6293270.306","442573.125","-677053.828"
"2_60_2_200_10.csv","2004/1/2","2007/12/31","42951.531","818198.688","775247.157","0.743320407475","5","7966942.406","-7467856.281","499086.125","-525498.407"
"2_60_2_225_10.csv","2004/1/2","2007/12/31","317055.063","1296049.25","978994.187","0.743320620757","5","10060778.746","-9430524.996","630253.75","-663607.484"
"2_40_1.75_175_6.csv","2004/1/2","2007/12/31","319619.5","1405717.75","1086098.25","0.823038951758","7","8532754.952","-7796814.39","735940.562","-649336.625"
"2_40_1.75_150_6.csv","2004/1/2","2007/12/31","671669.313","2159166.0","1487496.687","0.889827117979","8","11156032.12","-10112108.87","1043923.25","-766746.187"
"2_40_1.25_200_6.csv","2004/1/2","2007/12/31","-156286.469","1475209.875","1631496.344","1.93370887636","7","6871841.225","-5464782.405","1407058.82","-485377.313"
"2_40_1.25_125_4.csv","2004/1/2","2007/12/31","367280.063","2154928.25","1787648.187","1.30744844116","10","10250620.312","-8828714.625","1421905.687","-802953.493"
"2_40_1.5_225_6.csv","2004/1/2","2007/12/31","375132.344","3209182.75","2834050.406","2.06092920319","7","9895851.386","-7430814.511","2465036.875","-894093.571"
"1_120_0.75_50_6.csv","2004/1/2","2007/12/31","36640.359","438773.781","402133.422","0.387919897686","22","6512505.605","-6390654.137","121851.468","-717364.719"
"3_120_0.75_50_6.csv","2004/1/2","2007/12/31","36640.359","438773.781","402133.422","0.387919897686","22","6512505.605","-6390654.137","121851.468","-717364.719"
"1_120_0.75_50_4.csv","2004/1/2","2007/12/31","54827.035","464015.375","409188.34","0.387919845077","22","6626760.155","-6502770.999","123989.156","-729950.094"
"3_120_0.75_50_4.csv","2004/1/2","2007/12/31","54827.035","464015.375","409188.34","0.387919845077","22","6626760.155","-6502770.999","123989.156","-729950.094"
"1_120_0.75_50_10.csv","2004/1/2","2007/12/31","-50502.883","317825.969","368328.852","0.38791992667","22","5965044.427","-5853436.177","111608.25","-657060.844"
"1_120_0.75_50_12.csv","2004/1/2","2007/12/31","-50502.883","317825.969","368328.852","0.38791992667","22","5965044.427","-5853436.177","111608.25","-657060.844"
"1_120_0.75_50_14.csv","2004/1/2","2007/12/31","-50502.883","317825.969","368328.852","0.38791992667","22","5965044.427","-5853436.177","111608.25","-657060.844"
"1_120_0.75_50_16.csv","2004/1/2","2007/12/31","-50502.883","317825.969","368328.852","0.38791992667","22","5965044.427","-5853436.177","111608.25","-657060.844"
"1_120_0.75_50_18.csv","2004/1/2","2007/12/31","-50502.883","317825.969","368328.852","0.38791992667","22","5965044.427","-5853436.177","111608.25","-657060.844"
"1_120_0.75_50_20.csv","2004/1/2","2007/12/31","-50502.883","317825.969","368328.852","0.38791992667","22","5965044.427","-5853436.177","111608.25","-657060.844"
"1_120_0.75_50_8.csv","2004/1/2","2007/12/31","-50502.883","317825.969","368328.852","0.38791992667","22","5965044.427","-5853436.177","111608.25","-657060.844"
"3_120_0.75_50_10.csv","2004/1/2","2007/12/31","-50502.883","317825.969","368328.852","0.38791992667","22","5965044.427","-5853436.177","111608.25","-657060.844"
"3_120_0.75_50_12.csv","2004/1/2","2007/12/31","-50502.883","317825.969","368328.852","0.38791992667","22","5965044.427","-5853436.177","111608.25","-657060.844"
"3_120_0.75_50_14.csv","2004/1/2","2007/12/31","-50502.883","317825.969","368328.852","0.38791992667","22","5965044.427","-5853436.177","111608.25","-657060.844"
"3_120_0.75_50_16.csv","2004/1/2","2007/12/31","-50502.883","317825.969","368328.852","0.38791992667","22","5965044.427","-5853436.177","111608.25","-657060.844"
"3_120_0.75_50_18.csv","2004/1/2","2007/12/31","-50502.883","317825.969","368328.852","0.38791992667","22","5965044.427","-5853436.177","111608.25","-657060.844"
"3_120_0.75_50_20.csv","2004/1/2","2007/12/31","-50502.883","317825.969","368328.852","0.38791992667","22","5965044.427","-5853436.177","111608.25","-657060.844"
"3_120_0.75_50_8.csv","2004/1/2","2007/12/31","-50502.883","317825.969","368328.852","0.38791992667","22","5965044.427","-5853436.177","111608.25","-657060.844"
"2_60_2_50_16.csv","2004/1/2","2007/12/31","621341.063","1774243.125","1152902.062","0.711079296213","6","13996664.905","-13285334.405","711330.5","-1138912.219"
"2_60_2_75_16.csv","2004/1/2","2007/12/31","621341.063","1774243.125","1152902.062","0.711079296213","6","13996664.905","-13285334.405","711330.5","-1138912.219"
"2_60_2_50_20.csv","2004/1/2","2007/12/31","870903.75","2201264.75","1330361.0","0.711079337994","6","16151083.681","-15330262.556","820821.125","-1314217.812"
"2_60_2_75_20.csv","2004/1/2","2007/12/31","870903.75","2201264.75","1330361.0","0.711079337994","6","16151083.681","-15330262.556","820821.125","-1314217.812"
"2_60_2_100_20.csv","2004/1/2","2007/12/31","364008.75","1333927.125","969918.375","0.711079291097","6","11775173.564","-11176742.439","598431.125","-958148.898"
"2_60_2_100_16.csv","2004/1/2","2007/12/31","182061.313","1022600.75","840539.437","0.71107938967","6","10204464.994","-9685859.494","518605.5","-830339.906"
"2_60_2_100_14.csv","2004/1/2","2007/12/31","282357.594","1194215.5","911857.906","0.711079273259","6","11070296.807","-10507688.495","562608.312","-900793.012"
"2_60_2_125_18.csv","2004/1/2","2007/12/31","15644.707","737848.688","722203.981","0.711079352871","6","8767827.509","-8322233.977","445593.532","-713440.422"
"2_60_2_125_20.csv","2004/1/2","2007/12/31","23154.059","750697.875","727543.816","0.711079440677","6","8832654.733","-8383766.546","448888.187","-718715.407"
"2_60_2_125_16.csv","2004/1/2","2007/12/31","-113326.07","517169.438","630495.508","0.711079334429","6","7654452.479","-7265442.291","389010.188","-622844.813"
"2_60_2_50_14.csv","2004/1/2","2007/12/31","758909.313","2009633.25","1250723.937","0.711079262447","6","15184259.844","-14412574.219","771685.625","-1235547.25"
"2_60_2_75_14.csv","2004/1/2","2007/12/31","758909.313","2009633.25","1250723.937","0.711079262447","6","15184259.844","-14412574.219","771685.625","-1235547.25"
"2_60_2_125_14.csv","2004/1/2","2007/12/31","-38093.211","645898.875","683992.086","0.711079382973","6","8303921.911","-7881904.817","422017.094","-675692.281"
"2_60_2_100_18.csv","2004/1/2","2007/12/31","353997.438","1316797.125","962799.687","0.711079400875","6","11688750.764","-11094711.889","594038.875","-951116.754"
"2_60_2_50_18.csv","2004/1/2","2007/12/31","857171.75","2177768.5","1320596.75","0.711079494936","6","16032542.528","-15217746.028","814796.5","-1304572.25"
"2_60_2_75_18.csv","2004/1/2","2007/12/31","857171.75","2177768.5","1320596.75","0.711079494936","6","16032542.528","-15217746.028","814796.5","-1304572.25"
"2_80_1.5_175_4.csv","2004/1/2","2007/12/31","-609402.938","-503013.781","106389.157","0.27237572258","10","2155248.692","-2155292.785","-44.0930000001","-327612.687"
"2_20_1.25_50_10.csv","2004/1/2","2007/12/31","1745363.75","4521833.5","2776469.75","1.01133037471","20","21471217.25","-19454559.25","2016658.0","-1912700.0"
"2_20_1.25_50_12.csv","2004/1/2","2007/12/31","1745363.75","4521833.5","2776469.75","1.01133037471","20","21471217.25","-19454559.25","2016658.0","-1912700.0"
"2_20_1.25_50_14.csv","2004/1/2","2007/12/31","1745363.75","4521833.5","2776469.75","1.01133037471","20","21471217.25","-19454559.25","2016658.0","-1912700.0"
"2_20_1.25_50_16.csv","2004/1/2","2007/12/31","1745363.75","4521833.5","2776469.75","1.01133037471","20","21471217.25","-19454559.25","2016658.0","-1912700.0"
"2_20_1.25_50_18.csv","2004/1/2","2007/12/31","1745363.75","4521833.5","2776469.75","1.01133037471","20","21471217.25","-19454559.25","2016658.0","-1912700.0"
"2_20_1.25_50_20.csv","2004/1/2","2007/12/31","1745363.75","4521833.5","2776469.75","1.01133037471","20","21471217.25","-19454559.25","2016658.0","-1912700.0"
"2_20_1.25_50_8.csv","2004/1/2","2007/12/31","1648408.25","4326824.5","2678416.25","1.01133057942","20","20712939.811","-18767501.811","1945438.0","-1845150.937"
"2_20_2_175_8.csv","2004/1/2","2007/12/31","75364.328","617389.0","542024.672","0.504038173749","13","5397880.765","-5153550.89","244329.875","-695880.359"
"2_20_2_150_8.csv","2004/1/2","2007/12/31","161639.906","829810.375","668170.469","0.575195863666","15","6155721.067","-5809129.38","346591.687","-709741.571"
"2_20_1.5_150_10.csv","2004/1/2","2007/12/31","275884.563","1202033.75","926149.187","0.725887916398","17","7686526.711","-7114769.149","571757.562","-803599.653"
"2_20_1.5_150_12.csv","2004/1/2","2007/12/31","275884.563","1202033.75","926149.187","0.725887916398","17","7686526.711","-7114769.149","571757.562","-803599.653"
"2_20_1.5_150_14.csv","2004/1/2","2007/12/31","275884.563","1202033.75","926149.187","0.725887916398","17","7686526.711","-7114769.149","571757.562","-803599.653"
"2_20_1.5_150_16.csv","2004/1/2","2007/12/31","275884.563","1202033.75","926149.187","0.725887916398","17","7686526.711","-7114769.149","571757.562","-803599.653"
"2_20_1.5_150_18.csv","2004/1/2","2007/12/31","275884.563","1202033.75","926149.187","0.725887916398","17","7686526.711","-7114769.149","571757.562","-803599.653"
"2_20_1.5_150_20.csv","2004/1/2","2007/12/31","275884.563","1202033.75","926149.187","0.725887916398","17","7686526.711","-7114769.149","571757.562","-803599.653"
"1_20_1.25_225_10.csv","2004/1/2","2007/12/31","223659.188","542623.25","318964.062","0.26066413355","38","3931446.708","-3953382.833","-21936.125","-636554.125"
"1_20_1.25_225_12.csv","2004/1/2","2007/12/31","223659.188","542623.25","318964.062","0.26066413355","38","3931446.708","-3953382.833","-21936.125","-636554.125"
"1_20_1.25_225_14.csv","2004/1/2","2007/12/31","223659.188","542623.25","318964.062","0.26066413355","38","3931446.708","-3953382.833","-21936.125","-636554.125"
"1_20_1.25_225_16.csv","2004/1/2","2007/12/31","223659.188","542623.25","318964.062","0.26066413355","38","3931446.708","-3953382.833","-21936.125","-636554.125"
"1_20_1.25_225_18.csv","2004/1/2","2007/12/31","223659.188","542623.25","318964.062","0.26066413355","38","3931446.708","-3953382.833","-21936.125","-636554.125"
"1_20_1.25_225_20.csv","2004/1/2","2007/12/31","223659.188","542623.25","318964.062","0.26066413355","38","3931446.708","-3953382.833","-21936.125","-636554.125"
"1_20_1.25_225_4.csv","2004/1/2","2007/12/31","223659.188","542623.25","318964.062","0.26066413355","38","3931446.708","-3953382.833","-21936.125","-636554.125"
"1_20_1.25_225_6.csv","2004/1/2","2007/12/31","223659.188","542623.25","318964.062","0.26066413355","38","3931446.708","-3953382.833","-21936.125","-636554.125"
"1_20_1.25_225_8.csv","2004/1/2","2007/12/31","223659.188","542623.25","318964.062","0.26066413355","38","3931446.708","-3953382.833","-21936.125","-636554.125"
"3_20_1.25_225_10.csv","2004/1/2","2007/12/31","223659.188","542623.25","318964.062","0.26066413355","38","3931446.708","-3953382.833","-21936.125","-636554.125"
"3_20_1.25_225_12.csv","2004/1/2","2007/12/31","223659.188","542623.25","318964.062","0.26066413355","38","3931446.708","-3953382.833","-21936.125","-636554.125"
"3_20_1.25_225_14.csv","2004/1/2","2007/12/31","223659.188","542623.25","318964.062","0.26066413355","38","3931446.708","-3953382.833","-21936.125","-636554.125"
"3_20_1.25_225_16.csv","2004/1/2","2007/12/31","223659.188","542623.25","318964.062","0.26066413355","38","3931446.708","-3953382.833","-21936.125","-636554.125"
"3_20_1.25_225_18.csv","2004/1/2","2007/12/31","223659.188","542623.25","318964.062","0.26066413355","38","3931446.708","-3953382.833","-21936.125","-636554.125"
"3_20_1.25_225_20.csv","2004/1/2","2007/12/31","223659.188","542623.25","318964.062","0.26066413355","38","3931446.708","-3953382.833","-21936.125","-636554.125"
"3_20_1.25_225_4.csv","2004/1/2","2007/12/31","223659.188","542623.25","318964.062","0.26066413355","38","3931446.708","-3953382.833","-21936.125","-636554.125"
"3_20_1.25_225_6.csv","2004/1/2","2007/12/31","223659.188","542623.25","318964.062","0.26066413355","38","3931446.708","-3953382.833","-21936.125","-636554.125"
"3_20_1.25_225_8.csv","2004/1/2","2007/12/31","223659.188","542623.25","318964.062","0.26066413355","38","3931446.708","-3953382.833","-21936.125","-636554.125"
"2_20_1_50_8.csv","2004/1/2","2007/12/31","2785934.5","6645624.0","3859689.5","1.01948131961","22","28955644.75","-26152251.5","2803393.25","-2868872.0"
"2_20_1_50_10.csv","2004/1/2","2007/12/31","2924534.0","6925522.0","4000988.0","1.01948103902","22","30015676.0","-27109654.5","2906021.5","-2973898.125"
"2_20_1_50_12.csv","2004/1/2","2007/12/31","2924534.0","6925522.0","4000988.0","1.01948103902","22","30015676.0","-27109654.5","2906021.5","-2973898.125"
"2_20_1_50_14.csv","2004/1/2","2007/12/31","2924534.0","6925522.0","4000988.0","1.01948103902","22","30015676.0","-27109654.5","2906021.5","-2973898.125"
"2_20_1_50_16.csv","2004/1/2","2007/12/31","2924534.0","6925522.0","4000988.0","1.01948103902","22","30015676.0","-27109654.5","2906021.5","-2973898.125"
"2_20_1_50_18.csv","2004/1/2","2007/12/31","2924534.0","6925522.0","4000988.0","1.01948103902","22","30015676.0","-27109654.5","2906021.5","-2973898.125"
"2_20_1_50_20.csv","2004/1/2","2007/12/31","2924534.0","6925522.0","4000988.0","1.01948103902","22","30015676.0","-27109654.5","2906021.5","-2973898.125"
"2_60_2_175_12.csv","2004/1/2","2007/12/31","-136221.938","619898.188","756120.126","0.875363891796","5","7336608.82","-6821676.913","514931.907","-512860.969"
"2_60_2_150_12.csv","2004/1/2","2007/12/31","-144194.25","731653.563","875847.813","1.0234189394","5","7612487.684","-6975602.027","636885.657","-454064.938"
"1_80_0.75_200_10.csv","2004/1/2","2007/12/31","-190653.172","451443.688","642096.86","0.793351920074","23","6888233.914","-6472636.402","415597.512","-753702.782"
"1_80_0.75_200_12.csv","2004/1/2","2007/12/31","-190653.172","451443.688","642096.86","0.793351920074","23","6888233.914","-6472636.402","415597.512","-753702.782"
"1_80_0.75_200_14.csv","2004/1/2","2007/12/31","-190653.172","451443.688","642096.86","0.793351920074","23","6888233.914","-6472636.402","415597.512","-753702.782"
"1_80_0.75_200_16.csv","2004/1/2","2007/12/31","-190653.172","451443.688","642096.86","0.793351920074","23","6888233.914","-6472636.402","415597.512","-753702.782"
"1_80_0.75_200_18.csv","2004/1/2","2007/12/31","-190653.172","451443.688","642096.86","0.793351920074","23","6888233.914","-6472636.402","415597.512","-753702.782"
"1_80_0.75_200_20.csv","2004/1/2","2007/12/31","-190653.172","451443.688","642096.86","0.793351920074","23","6888233.914","-6472636.402","415597.512","-753702.782"
"1_80_0.75_200_4.csv","2004/1/2","2007/12/31","-190653.172","451443.688","642096.86","0.793351920074","23","6888233.914","-6472636.402","415597.512","-753702.782"
"1_80_0.75_200_6.csv","2004/1/2","2007/12/31","-190653.172","451443.688","642096.86","0.793351920074","23","6888233.914","-6472636.402","415597.512","-753702.782"
"1_80_0.75_200_8.csv","2004/1/2","2007/12/31","-190653.172","451443.688","642096.86","0.793351920074","23","6888233.914","-6472636.402","415597.512","-753702.782"
"3_80_0.75_200_10.csv","2004/1/2","2007/12/31","-190653.172","451443.688","642096.86","0.793351920074","23","6888233.914","-6472636.402","415597.512","-753702.782"
"3_80_0.75_200_12.csv","2004/1/2","2007/12/31","-190653.172","451443.688","642096.86","0.793351920074","23","6888233.914","-6472636.402","415597.512","-753702.782"
"3_80_0.75_200_14.csv","2004/1/2","2007/12/31","-190653.172","451443.688","642096.86","0.793351920074","23","6888233.914","-6472636.402","415597.512","-753702.782"
"3_80_0.75_200_16.csv","2004/1/2","2007/12/31","-190653.172","451443.688","642096.86","0.793351920074","23","6888233.914","-6472636.402","415597.512","-753702.782"
"3_80_0.75_200_18.csv","2004/1/2","2007/12/31","-190653.172","451443.688","642096.86","0.793351920074","23","6888233.914","-6472636.402","415597.512","-753702.782"
"3_80_0.75_200_20.csv","2004/1/2","2007/12/31","-190653.172","451443.688","642096.86","0.793351920074","23","6888233.914","-6472636.402","415597.512","-753702.782"
"3_80_0.75_200_4.csv","2004/1/2","2007/12/31","-190653.172","451443.688","642096.86","0.793351920074","23","6888233.914","-6472636.402","415597.512","-753702.782"
"3_80_0.75_200_6.csv","2004/1/2","2007/12/31","-190653.172","451443.688","642096.86","0.793351920074","23","6888233.914","-6472636.402","415597.512","-753702.782"
"3_80_0.75_200_8.csv","2004/1/2","2007/12/31","-190653.172","451443.688","642096.86","0.793351920074","23","6888233.914","-6472636.402","415597.512","-753702.782"
"1_80_0.75_175_10.csv","2004/1/2","2007/12/31","-242091.656","300591.875","542683.531","0.716027914584","25","6470277.11","-6139697.661","330579.449","-728463.828"
"1_80_0.75_175_12.csv","2004/1/2","2007/12/31","-242091.656","300591.875","542683.531","0.716027914584","25","6470277.11","-6139697.661","330579.449","-728463.828"
"1_80_0.75_175_14.csv","2004/1/2","2007/12/31","-242091.656","300591.875","542683.531","0.716027914584","25","6470277.11","-6139697.661","330579.449","-728463.828"
"1_80_0.75_175_16.csv","2004/1/2","2007/12/31","-242091.656","300591.875","542683.531","0.716027914584","25","6470277.11","-6139697.661","330579.449","-728463.828"
"1_80_0.75_175_18.csv","2004/1/2","2007/12/31","-242091.656","300591.875","542683.531","0.716027914584","25","6470277.11","-6139697.661","330579.449","-728463.828"
"1_80_0.75_175_20.csv","2004/1/2","2007/12/31","-242091.656","300591.875","542683.531","0.716027914584","25","6470277.11","-6139697.661","330579.449","-728463.828"
"1_80_0.75_175_4.csv","2004/1/2","2007/12/31","-242091.656","300591.875","542683.531","0.716027914584","25","6470277.11","-6139697.661","330579.449","-728463.828"
"1_80_0.75_175_6.csv","2004/1/2","2007/12/31","-242091.656","300591.875","542683.531","0.716027914584","25","6470277.11","-6139697.661","330579.449","-728463.828"
"1_80_0.75_175_8.csv","2004/1/2","2007/12/31","-242091.656","300591.875","542683.531","0.716027914584","25","6470277.11","-6139697.661","330579.449","-728463.828"
"3_80_0.75_175_10.csv","2004/1/2","2007/12/31","-242091.656","300591.875","542683.531","0.716027914584","25","6470277.11","-6139697.661","330579.449","-728463.828"
"3_80_0.75_175_12.csv","2004/1/2","2007/12/31","-242091.656","300591.875","542683.531","0.716027914584","25","6470277.11","-6139697.661","330579.449","-728463.828"
"3_80_0.75_175_14.csv","2004/1/2","2007/12/31","-242091.656","300591.875","542683.531","0.716027914584","25","6470277.11","-6139697.661","330579.449","-728463.828"
"3_80_0.75_175_16.csv","2004/1/2","2007/12/31","-242091.656","300591.875","542683.531","0.716027914584","25","6470277.11","-6139697.661","330579.449","-728463.828"
"3_80_0.75_175_18.csv","2004/1/2","2007/12/31","-242091.656","300591.875","542683.531","0.716027914584","25","6470277.11","-6139697.661","330579.449","-728463.828"
"3_80_0.75_175_20.csv","2004/1/2","2007/12/31","-242091.656","300591.875","542683.531","0.716027914584","25","6470277.11","-6139697.661","330579.449","-728463.828"
"3_80_0.75_175_4.csv","2004/1/2","2007/12/31","-242091.656","300591.875","542683.531","0.716027914584","25","6470277.11","-6139697.661","330579.449","-728463.828"
"3_80_0.75_175_6.csv","2004/1/2","2007/12/31","-242091.656","300591.875","542683.531","0.716027914584","25","6470277.11","-6139697.661","330579.449","-728463.828"
"3_80_0.75_175_8.csv","2004/1/2","2007/12/31","-242091.656","300591.875","542683.531","0.716027914584","25","6470277.11","-6139697.661","330579.449","-728463.828"
"1_80_0.75_225_10.csv","2004/1/2","2007/12/31","-12138.199","771583.75","783721.949","0.793351811161","23","8407549.133","-7900284.789","507264.344","-919944.594"
"1_80_0.75_225_12.csv","2004/1/2","2007/12/31","-12138.199","771583.75","783721.949","0.793351811161","23","8407549.133","-7900284.789","507264.344","-919944.594"
"1_80_0.75_225_14.csv","2004/1/2","2007/12/31","-12138.199","771583.75","783721.949","0.793351811161","23","8407549.133","-7900284.789","507264.344","-919944.594"
"1_80_0.75_225_16.csv","2004/1/2","2007/12/31","-12138.199","771583.75","783721.949","0.793351811161","23","8407549.133","-7900284.789","507264.344","-919944.594"
"1_80_0.75_225_18.csv","2004/1/2","2007/12/31","-12138.199","771583.75","783721.949","0.793351811161","23","8407549.133","-7900284.789","507264.344","-919944.594"
"1_80_0.75_225_20.csv","2004/1/2","2007/12/31","-12138.199","771583.75","783721.949","0.793351811161","23","8407549.133","-7900284.789","507264.344","-919944.594"
"1_80_0.75_225_4.csv","2004/1/2","2007/12/31","-12138.199","771583.75","783721.949","0.793351811161","23","8407549.133","-7900284.789","507264.344","-919944.594"
"1_80_0.75_225_6.csv","2004/1/2","2007/12/31","-12138.199","771583.75","783721.949","0.793351811161","23","8407549.133","-7900284.789","507264.344","-919944.594"
"1_80_0.75_225_8.csv","2004/1/2","2007/12/31","-12138.199","771583.75","783721.949","0.793351811161","23","8407549.133","-7900284.789","507264.344","-919944.594"
"3_80_0.75_225_10.csv","2004/1/2","2007/12/31","-12138.199","771583.75","783721.949","0.793351811161","23","8407549.133","-7900284.789","507264.344","-919944.594"
"3_80_0.75_225_12.csv","2004/1/2","2007/12/31","-12138.199","771583.75","783721.949","0.793351811161","23","8407549.133","-7900284.789","507264.344","-919944.594"
"3_80_0.75_225_14.csv","2004/1/2","2007/12/31","-12138.199","771583.75","783721.949","0.793351811161","23","8407549.133","-7900284.789","507264.344","-919944.594"
"3_80_0.75_225_16.csv","2004/1/2","2007/12/31","-12138.199","771583.75","783721.949","0.793351811161","23","8407549.133","-7900284.789","507264.344","-919944.594"
"3_80_0.75_225_18.csv","2004/1/2","2007/12/31","-12138.199","771583.75","783721.949","0.793351811161","23","8407549.133","-7900284.789","507264.344","-919944.594"
"3_80_0.75_225_20.csv","2004/1/2","2007/12/31","-12138.199","771583.75","783721.949","0.793351811161","23","8407549.133","-7900284.789","507264.344","-919944.594"
"3_80_0.75_225_4.csv","2004/1/2","2007/12/31","-12138.199","771583.75","783721.949","0.793351811161","23","8407549.133","-7900284.789","507264.344","-919944.594"
"3_80_0.75_225_6.csv","2004/1/2","2007/12/31","-12138.199","771583.75","783721.949","0.793351811161","23","8407549.133","-7900284.789","507264.344","-919944.594"
"3_80_0.75_225_8.csv","2004/1/2","2007/12/31","-12138.199","771583.75","783721.949","0.793351811161","23","8407549.133","-7900284.789","507264.344","-919944.594"
"1_20_1_200_10.csv","2004/1/2","2007/12/31","1306020.375","2140865.0","834844.625","0.362028295175","38","9159021.496","-8970429.621","188591.875","-1319771.625"
"1_20_1_200_12.csv","2004/1/2","2007/12/31","1306020.375","2140865.0","834844.625","0.362028295175","38","9159021.496","-8970429.621","188591.875","-1319771.625"
"1_20_1_200_14.csv","2004/1/2","2007/12/31","1306020.375","2140865.0","834844.625","0.362028295175","38","9159021.496","-8970429.621","188591.875","-1319771.625"
"1_20_1_200_16.csv","2004/1/2","2007/12/31","1306020.375","2140865.0","834844.625","0.362028295175","38","9159021.496","-8970429.621","188591.875","-1319771.625"
"1_20_1_200_18.csv","2004/1/2","2007/12/31","1306020.375","2140865.0","834844.625","0.362028295175","38","9159021.496","-8970429.621","188591.875","-1319771.625"
"1_20_1_200_20.csv","2004/1/2","2007/12/31","1306020.375","2140865.0","834844.625","0.362028295175","38","9159021.496","-8970429.621","188591.875","-1319771.625"
"1_20_1_200_4.csv","2004/1/2","2007/12/31","1306020.375","2140865.0","834844.625","0.362028295175","38","9159021.496","-8970429.621","188591.875","-1319771.625"
"1_20_1_200_6.csv","2004/1/2","2007/12/31","1306020.375","2140865.0","834844.625","0.362028295175","38","9159021.496","-8970429.621","188591.875","-1319771.625"
"1_20_1_200_8.csv","2004/1/2","2007/12/31","1306020.375","2140865.0","834844.625","0.362028295175","38","9159021.496","-8970429.621","188591.875","-1319771.625"
"3_20_1_200_10.csv","2004/1/2","2007/12/31","1306020.375","2140865.0","834844.625","0.362028295175","38","9159021.496","-8970429.621","188591.875","-1319771.625"
"3_20_1_200_12.csv","2004/1/2","2007/12/31","1306020.375","2140865.0","834844.625","0.362028295175","38","9159021.496","-8970429.621","188591.875","-1319771.625"
"3_20_1_200_14.csv","2004/1/2","2007/12/31","1306020.375","2140865.0","834844.625","0.362028295175","38","9159021.496","-8970429.621","188591.875","-1319771.625"
"3_20_1_200_16.csv","2004/1/2","2007/12/31","1306020.375","2140865.0","834844.625","0.362028295175","38","9159021.496","-8970429.621","188591.875","-1319771.625"
"3_20_1_200_18.csv","2004/1/2","2007/12/31","1306020.375","2140865.0","834844.625","0.362028295175","38","9159021.496","-8970429.621","188591.875","-1319771.625"
"3_20_1_200_20.csv","2004/1/2","2007/12/31","1306020.375","2140865.0","834844.625","0.362028295175","38","9159021.496","-8970429.621","188591.875","-1319771.625"
"3_20_1_200_4.csv","2004/1/2","2007/12/31","1306020.375","2140865.0","834844.625","0.362028295175","38","9159021.496","-8970429.621","188591.875","-1319771.625"
"3_20_1_200_6.csv","2004/1/2","2007/12/31","1306020.375","2140865.0","834844.625","0.362028295175","38","9159021.496","-8970429.621","188591.875","-1319771.625"
"3_20_1_200_8.csv","2004/1/2","2007/12/31","1306020.375","2140865.0","834844.625","0.362028295175","38","9159021.496","-8970429.621","188591.875","-1319771.625"
"2_20_1.75_175_10.csv","2004/1/2","2007/12/31","380790.188","1281348.0","900557.812","0.652204672242","13","7594636.47","-7088959.783","505676.687","-803042.047"
"2_20_1.75_175_12.csv","2004/1/2","2007/12/31","380790.188","1281348.0","900557.812","0.652204672242","13","7594636.47","-7088959.783","505676.687","-803042.047"
"2_20_1.75_175_14.csv","2004/1/2","2007/12/31","380790.188","1281348.0","900557.812","0.652204672242","13","7594636.47","-7088959.783","505676.687","-803042.047"
"2_20_1.75_175_16.csv","2004/1/2","2007/12/31","380790.188","1281348.0","900557.812","0.652204672242","13","7594636.47","-7088959.783","505676.687","-803042.047"
"2_20_1.75_175_18.csv","2004/1/2","2007/12/31","380790.188","1281348.0","900557.812","0.652204672242","13","7594636.47","-7088959.783","505676.687","-803042.047"
"2_20_1.75_175_20.csv","2004/1/2","2007/12/31","380790.188","1281348.0","900557.812","0.652204672242","13","7594636.47","-7088959.783","505676.687","-803042.047"
"2_20_1.5_75_8.csv","2004/1/2","2007/12/31","1531720.625","3424749.0","1893028.375","0.747724040444","18","17266458.06","-16098267.56","1168190.5","-1798541.062"
"1_80_0.75_150_10.csv","2004/1/2","2007/12/31","-306460.531","111341.469","417802.0","0.602419932354","27","5863415.115","-5645268.31","218146.805","-697065.297"
"1_80_0.75_150_12.csv","2004/1/2","2007/12/31","-306460.531","111341.469","417802.0","0.602419932354","27","5863415.115","-5645268.31","218146.805","-697065.297"
"1_80_0.75_150_14.csv","2004/1/2","2007/12/31","-306460.531","111341.469","417802.0","0.602419932354","27","5863415.115","-5645268.31","218146.805","-697065.297"
"1_80_0.75_150_16.csv","2004/1/2","2007/12/31","-306460.531","111341.469","417802.0","0.602419932354","27","5863415.115","-5645268.31","218146.805","-697065.297"
"1_80_0.75_150_18.csv","2004/1/2","2007/12/31","-306460.531","111341.469","417802.0","0.602419932354","27","5863415.115","-5645268.31","218146.805","-697065.297"
"1_80_0.75_150_20.csv","2004/1/2","2007/12/31","-306460.531","111341.469","417802.0","0.602419932354","27","5863415.115","-5645268.31","218146.805","-697065.297"
"1_80_0.75_150_4.csv","2004/1/2","2007/12/31","-306460.531","111341.469","417802.0","0.602419932354","27","5863415.115","-5645268.31","218146.805","-697065.297"
"1_80_0.75_150_6.csv","2004/1/2","2007/12/31","-306460.531","111341.469","417802.0","0.602419932354","27","5863415.115","-5645268.31","218146.805","-697065.297"
"1_80_0.75_150_8.csv","2004/1/2","2007/12/31","-306460.531","111341.469","417802.0","0.602419932354","27","5863415.115","-5645268.31","218146.805","-697065.297"
"3_80_0.75_150_10.csv","2004/1/2","2007/12/31","-306460.531","111341.469","417802.0","0.602419932354","27","5863415.115","-5645268.31","218146.805","-697065.297"
"3_80_0.75_150_12.csv","2004/1/2","2007/12/31","-306460.531","111341.469","417802.0","0.602419932354","27","5863415.115","-5645268.31","218146.805","-697065.297"
"3_80_0.75_150_14.csv","2004/1/2","2007/12/31","-306460.531","111341.469","417802.0","0.602419932354","27","5863415.115","-5645268.31","218146.805","-697065.297"
"3_80_0.75_150_16.csv","2004/1/2","2007/12/31","-306460.531","111341.469","417802.0","0.602419932354","27","5863415.115","-5645268.31","218146.805","-697065.297"
"3_80_0.75_150_18.csv","2004/1/2","2007/12/31","-306460.531","111341.469","417802.0","0.602419932354","27","5863415.115","-5645268.31","218146.805","-697065.297"
"3_80_0.75_150_20.csv","2004/1/2","2007/12/31","-306460.531","111341.469","417802.0","0.602419932354","27","5863415.115","-5645268.31","218146.805","-697065.297"
"3_80_0.75_150_4.csv","2004/1/2","2007/12/31","-306460.531","111341.469","417802.0","0.602419932354","27","5863415.115","-5645268.31","218146.805","-697065.297"
"3_80_0.75_150_6.csv","2004/1/2","2007/12/31","-306460.531","111341.469","417802.0","0.602419932354","27","5863415.115","-5645268.31","218146.805","-697065.297"
"3_80_0.75_150_8.csv","2004/1/2","2007/12/31","-306460.531","111341.469","417802.0","0.602419932354","27","5863415.115","-5645268.31","218146.805","-697065.297"
"2_20_1.25_225_10.csv","2004/1/2","2007/12/31","309704.219","1565375.125","1255670.906","0.958743881087","15","7925357.794","-7047718.357","877639.437","-836008.199"
"2_20_1.25_225_12.csv","2004/1/2","2007/12/31","309704.219","1565375.125","1255670.906","0.958743881087","15","7925357.794","-7047718.357","877639.437","-836008.199"
"2_20_1.25_225_14.csv","2004/1/2","2007/12/31","309704.219","1565375.125","1255670.906","0.958743881087","15","7925357.794","-7047718.357","877639.437","-836008.199"
"2_20_1.25_225_16.csv","2004/1/2","2007/12/31","309704.219","1565375.125","1255670.906","0.958743881087","15","7925357.794","-7047718.357","877639.437","-836008.199"
"2_20_1.25_225_18.csv","2004/1/2","2007/12/31","309704.219","1565375.125","1255670.906","0.958743881087","15","7925357.794","-7047718.357","877639.437","-836008.199"
"2_20_1.25_225_20.csv","2004/1/2","2007/12/31","309704.219","1565375.125","1255670.906","0.958743881087","15","7925357.794","-7047718.357","877639.437","-836008.199"
"2_20_1.25_225_8.csv","2004/1/2","2007/12/31","263450.531","1474776.25","1211325.719","0.958744081607","15","7645466.991","-6798822.241","846644.75","-806483.829"
"2_40_1.75_125_6.csv","2004/1/2","2007/12/31","716965.188","2262188.75","1545223.562","0.89997372853","8","11944401.994","-10895191.744","1049210.25","-860546.875"
"2_40_1.75_75_6.csv","2004/1/2","2007/12/31","1808824.75","4672035.5","2863210.75","1.01936254656","10","21256528.5","-19204758.0","2051770.5","-1385011.125"
"2_40_1.75_100_6.csv","2004/1/2","2007/12/31","1267118.75","3307467.0","2040348.25","0.899974141187","8","15771659.75","-14386258.875","1385400.875","-1136285.625"
"2_40_1.75_50_6.csv","2004/1/2","2007/12/31","1981891.0","4685564.0","2703673.0","0.906697461443","11","21990497.375","-20148262.625","1842234.75","-1484508.625"
"1_20_1.25_150_10.csv","2004/1/2","2007/12/31","386120.0","529318.313","143198.313","0.103308741667","39","4408370.123","-4667382.248","-259012.125","-721620.719"
"1_20_1.25_150_12.csv","2004/1/2","2007/12/31","386120.0","529318.313","143198.313","0.103308741667","39","4408370.123","-4667382.248","-259012.125","-721620.719"
"1_20_1.25_150_14.csv","2004/1/2","2007/12/31","386120.0","529318.313","143198.313","0.103308741667","39","4408370.123","-4667382.248","-259012.125","-721620.719"
"1_20_1.25_150_16.csv","2004/1/2","2007/12/31","386120.0","529318.313","143198.313","0.103308741667","39","4408370.123","-4667382.248","-259012.125","-721620.719"
"1_20_1.25_150_18.csv","2004/1/2","2007/12/31","386120.0","529318.313","143198.313","0.103308741667","39","4408370.123","-4667382.248","-259012.125","-721620.719"
"1_20_1.25_150_20.csv","2004/1/2","2007/12/31","386120.0","529318.313","143198.313","0.103308741667","39","4408370.123","-4667382.248","-259012.125","-721620.719"
"1_20_1.25_150_4.csv","2004/1/2","2007/12/31","386120.0","529318.313","143198.313","0.103308741667","39","4408370.123","-4667382.248","-259012.125","-721620.719"
"1_20_1.25_150_6.csv","2004/1/2","2007/12/31","386120.0","529318.313","143198.313","0.103308741667","39","4408370.123","-4667382.248","-259012.125","-721620.719"
"1_20_1.25_150_8.csv","2004/1/2","2007/12/31","386120.0","529318.313","143198.313","0.103308741667","39","4408370.123","-4667382.248","-259012.125","-721620.719"
"3_20_1.25_150_10.csv","2004/1/2","2007/12/31","386120.0","529318.313","143198.313","0.103308741667","39","4408370.123","-4667382.248","-259012.125","-721620.719"
"3_20_1.25_150_12.csv","2004/1/2","2007/12/31","386120.0","529318.313","143198.313","0.103308741667","39","4408370.123","-4667382.248","-259012.125","-721620.719"
"3_20_1.25_150_14.csv","2004/1/2","2007/12/31","386120.0","529318.313","143198.313","0.103308741667","39","4408370.123","-4667382.248","-259012.125","-721620.719"
"3_20_1.25_150_16.csv","2004/1/2","2007/12/31","386120.0","529318.313","143198.313","0.103308741667","39","4408370.123","-4667382.248","-259012.125","-721620.719"
"3_20_1.25_150_18.csv","2004/1/2","2007/12/31","386120.0","529318.313","143198.313","0.103308741667","39","4408370.123","-4667382.248","-259012.125","-721620.719"
"3_20_1.25_150_20.csv","2004/1/2","2007/12/31","386120.0","529318.313","143198.313","0.103308741667","39","4408370.123","-4667382.248","-259012.125","-721620.719"
"3_20_1.25_150_4.csv","2004/1/2","2007/12/31","386120.0","529318.313","143198.313","0.103308741667","39","4408370.123","-4667382.248","-259012.125","-721620.719"
"3_20_1.25_150_6.csv","2004/1/2","2007/12/31","386120.0","529318.313","143198.313","0.103308741667","39","4408370.123","-4667382.248","-259012.125","-721620.719"
"3_20_1.25_150_8.csv","2004/1/2","2007/12/31","386120.0","529318.313","143198.313","0.103308741667","39","4408370.123","-4667382.248","-259012.125","-721620.719"
"2_60_2_200_12.csv","2004/1/2","2007/12/31","-174829.531","685318.5","860148.031","1.0423882862","4","7006652.903","-6386619.309","620033.594","-432846.625"
"2_60_2_225_12.csv","2004/1/2","2007/12/31","42037.781","1128246.125","1086208.344","1.04238863869","4","8848110.188","-8065122.126","782988.062","-546605.5"
"2_40_1_50_6.csv","2004/1/2","2007/12/31","516686.813","2972514.0","2455827.187","1.61920520832","16","14660463.656","-12650565.656","2009898.0","-1203736.176"
"2_20_1.5_125_10.csv","2004/1/2","2007/12/31","608051.25","1847765.5","1239714.25","0.770942002004","16","9798137.848","-9036022.973","762114.875","-1046529.844"
"2_20_1.5_125_12.csv","2004/1/2","2007/12/31","608051.25","1847765.5","1239714.25","0.770942002004","16","9798137.848","-9036022.973","762114.875","-1046529.844"
"2_20_1.5_125_14.csv","2004/1/2","2007/12/31","608051.25","1847765.5","1239714.25","0.770942002004","16","9798137.848","-9036022.973","762114.875","-1046529.844"
"2_20_1.5_125_16.csv","2004/1/2","2007/12/31","608051.25","1847765.5","1239714.25","0.770942002004","16","9798137.848","-9036022.973","762114.875","-1046529.844"
"2_20_1.5_125_18.csv","2004/1/2","2007/12/31","608051.25","1847765.5","1239714.25","0.770942002004","16","9798137.848","-9036022.973","762114.875","-1046529.844"
"2_20_1.5_125_20.csv","2004/1/2","2007/12/31","608051.25","1847765.5","1239714.25","0.770942002004","16","9798137.848","-9036022.973","762114.875","-1046529.844"
"2_20_1.5_50_8.csv","2004/1/2","2007/12/31","1242117.75","2852822.75","1610705.0","0.718385553123","20","15796211.187","-14860703.187","935508.0","-1892508.75"
"1_40_1.25_125_10.csv","2004/1/2","2007/12/31","336114.75","1029205.75","693091.0","0.518736134003","25","6237584.026","-5946854.839","290729.187","-856501.523"
"1_40_1.25_125_12.csv","2004/1/2","2007/12/31","336114.75","1029205.75","693091.0","0.518736134003","25","6237584.026","-5946854.839","290729.187","-856501.523"
"1_40_1.25_125_14.csv","2004/1/2","2007/12/31","336114.75","1029205.75","693091.0","0.518736134003","25","6237584.026","-5946854.839","290729.187","-856501.523"
"1_40_1.25_125_16.csv","2004/1/2","2007/12/31","336114.75","1029205.75","693091.0","0.518736134003","25","6237584.026","-5946854.839","290729.187","-856501.523"
"1_40_1.25_125_18.csv","2004/1/2","2007/12/31","336114.75","1029205.75","693091.0","0.518736134003","25","6237584.026","-5946854.839","290729.187","-856501.523"
"1_40_1.25_125_20.csv","2004/1/2","2007/12/31","336114.75","1029205.75","693091.0","0.518736134003","25","6237584.026","-5946854.839","290729.187","-856501.523"
"1_40_1.25_125_4.csv","2004/1/2","2007/12/31","336114.75","1029205.75","693091.0","0.518736134003","25","6237584.026","-5946854.839","290729.187","-856501.523"
"1_40_1.25_125_6.csv","2004/1/2","2007/12/31","336114.75","1029205.75","693091.0","0.518736134003","25","6237584.026","-5946854.839","290729.187","-856501.523"
"1_40_1.25_125_8.csv","2004/1/2","2007/12/31","336114.75","1029205.75","693091.0","0.518736134003","25","6237584.026","-5946854.839","290729.187","-856501.523"
"3_40_1.25_125_10.csv","2004/1/2","2007/12/31","336114.75","1029205.75","693091.0","0.518736134003","25","6237584.026","-5946854.839","290729.187","-856501.523"
"3_40_1.25_125_12.csv","2004/1/2","2007/12/31","336114.75","1029205.75","693091.0","0.518736134003","25","6237584.026","-5946854.839","290729.187","-856501.523"
"3_40_1.25_125_14.csv","2004/1/2","2007/12/31","336114.75","1029205.75","693091.0","0.518736134003","25","6237584.026","-5946854.839","290729.187","-856501.523"
"3_40_1.25_125_16.csv","2004/1/2","2007/12/31","336114.75","1029205.75","693091.0","0.518736134003","25","6237584.026","-5946854.839","290729.187","-856501.523"
"3_40_1.25_125_18.csv","2004/1/2","2007/12/31","336114.75","1029205.75","693091.0","0.518736134003","25","6237584.026","-5946854.839","290729.187","-856501.523"
"3_40_1.25_125_20.csv","2004/1/2","2007/12/31","336114.75","1029205.75","693091.0","0.518736134003","25","6237584.026","-5946854.839","290729.187","-856501.523"
"3_40_1.25_125_4.csv","2004/1/2","2007/12/31","336114.75","1029205.75","693091.0","0.518736134003","25","6237584.026","-5946854.839","290729.187","-856501.523"
"3_40_1.25_125_6.csv","2004/1/2","2007/12/31","336114.75","1029205.75","693091.0","0.518736134003","25","6237584.026","-5946854.839","290729.187","-856501.523"
"3_40_1.25_125_8.csv","2004/1/2","2007/12/31","336114.75","1029205.75","693091.0","0.518736134003","25","6237584.026","-5946854.839","290729.187","-856501.523"
"1_80_2_225_10.csv","2004/1/2","2007/12/31","133113.797","389738.75","256624.953","0.226477652712","14","2788849.47","-2874191.908","-85342.438","-666889.188"
"1_80_2_225_12.csv","2004/1/2","2007/12/31","133113.797","389738.75","256624.953","0.226477652712","14","2788849.47","-2874191.908","-85342.438","-666889.188"
"1_80_2_225_14.csv","2004/1/2","2007/12/31","133113.797","389738.75","256624.953","0.226477652712","14","2788849.47","-2874191.908","-85342.438","-666889.188"
"1_80_2_225_16.csv","2004/1/2","2007/12/31","133113.797","389738.75","256624.953","0.226477652712","14","2788849.47","-2874191.908","-85342.438","-666889.188"
"1_80_2_225_18.csv","2004/1/2","2007/12/31","133113.797","389738.75","256624.953","0.226477652712","14","2788849.47","-2874191.908","-85342.438","-666889.188"
"1_80_2_225_20.csv","2004/1/2","2007/12/31","133113.797","389738.75","256624.953","0.226477652712","14","2788849.47","-2874191.908","-85342.438","-666889.188"
"1_80_2_225_4.csv","2004/1/2","2007/12/31","133113.797","389738.75","256624.953","0.226477652712","14","2788849.47","-2874191.908","-85342.438","-666889.188"
"1_80_2_225_6.csv","2004/1/2","2007/12/31","133113.797","389738.75","256624.953","0.226477652712","14","2788849.47","-2874191.908","-85342.438","-666889.188"
"1_80_2_225_8.csv","2004/1/2","2007/12/31","133113.797","389738.75","256624.953","0.226477652712","14","2788849.47","-2874191.908","-85342.438","-666889.188"
"3_80_2_225_10.csv","2004/1/2","2007/12/31","133113.797","389738.75","256624.953","0.226477652712","14","2788849.47","-2874191.908","-85342.438","-666889.188"
"3_80_2_225_12.csv","2004/1/2","2007/12/31","133113.797","389738.75","256624.953","0.226477652712","14","2788849.47","-2874191.908","-85342.438","-666889.188"
"3_80_2_225_14.csv","2004/1/2","2007/12/31","133113.797","389738.75","256624.953","0.226477652712","14","2788849.47","-2874191.908","-85342.438","-666889.188"
"3_80_2_225_16.csv","2004/1/2","2007/12/31","133113.797","389738.75","256624.953","0.226477652712","14","2788849.47","-2874191.908","-85342.438","-666889.188"
"3_80_2_225_18.csv","2004/1/2","2007/12/31","133113.797","389738.75","256624.953","0.226477652712","14","2788849.47","-2874191.908","-85342.438","-666889.188"
"3_80_2_225_20.csv","2004/1/2","2007/12/31","133113.797","389738.75","256624.953","0.226477652712","14","2788849.47","-2874191.908","-85342.438","-666889.188"
"3_80_2_225_4.csv","2004/1/2","2007/12/31","133113.797","389738.75","256624.953","0.226477652712","14","2788849.47","-2874191.908","-85342.438","-666889.188"
"3_80_2_225_6.csv","2004/1/2","2007/12/31","133113.797","389738.75","256624.953","0.226477652712","14","2788849.47","-2874191.908","-85342.438","-666889.188"
"3_80_2_225_8.csv","2004/1/2","2007/12/31","133113.797","389738.75","256624.953","0.226477652712","14","2788849.47","-2874191.908","-85342.438","-666889.188"
"2_20_1_50_6.csv","2004/1/2","2007/12/31","3249226.5","7399206.5","4149980.0","0.976643631494","22","30242044.375","-27391543.375","2850501.0","-3371173.75"
"2_20_1.75_175_8.csv","2004/1/2","2007/12/31","264380.469","1089015.25","824634.781","0.652204618165","13","6831129.915","-6394240.04","436889.875","-763388.687"
"2_20_2_125_10.csv","2004/1/2","2007/12/31","207202.844","648985.688","441782.844","0.365955768076","16","6068775.874","-5997894.249","70881.625","-845078.079"
"2_20_2_125_12.csv","2004/1/2","2007/12/31","207202.844","648985.688","441782.844","0.365955768076","16","6068775.874","-5997894.249","70881.625","-845078.079"
"2_20_2_125_14.csv","2004/1/2","2007/12/31","207202.844","648985.688","441782.844","0.365955768076","16","6068775.874","-5997894.249","70881.625","-845078.079"
"2_20_2_125_16.csv","2004/1/2","2007/12/31","207202.844","648985.688","441782.844","0.365955768076","16","6068775.874","-5997894.249","70881.625","-845078.079"
"2_20_2_125_18.csv","2004/1/2","2007/12/31","207202.844","648985.688","441782.844","0.365955768076","16","6068775.874","-5997894.249","70881.625","-845078.079"
"2_20_2_125_20.csv","2004/1/2","2007/12/31","207202.844","648985.688","441782.844","0.365955768076","16","6068775.874","-5997894.249","70881.625","-845078.079"
"1_40_1.25_100_10.csv","2004/1/2","2007/12/31","616294.938","1325438.125","709143.187","0.438746153519","26","7674638.108","-7463983.983","210654.125","-1149905.672"
"1_40_1.25_100_12.csv","2004/1/2","2007/12/31","616294.938","1325438.125","709143.187","0.438746153519","26","7674638.108","-7463983.983","210654.125","-1149905.672"
"1_40_1.25_100_14.csv","2004/1/2","2007/12/31","616294.938","1325438.125","709143.187","0.438746153519","26","7674638.108","-7463983.983","210654.125","-1149905.672"
"1_40_1.25_100_16.csv","2004/1/2","2007/12/31","616294.938","1325438.125","709143.187","0.438746153519","26","7674638.108","-7463983.983","210654.125","-1149905.672"
"1_40_1.25_100_18.csv","2004/1/2","2007/12/31","616294.938","1325438.125","709143.187","0.438746153519","26","7674638.108","-7463983.983","210654.125","-1149905.672"
"1_40_1.25_100_20.csv","2004/1/2","2007/12/31","616294.938","1325438.125","709143.187","0.438746153519","26","7674638.108","-7463983.983","210654.125","-1149905.672"
"1_40_1.25_100_4.csv","2004/1/2","2007/12/31","616294.938","1325438.125","709143.187","0.438746153519","26","7674638.108","-7463983.983","210654.125","-1149905.672"
"1_40_1.25_100_6.csv","2004/1/2","2007/12/31","616294.938","1325438.125","709143.187","0.438746153519","26","7674638.108","-7463983.983","210654.125","-1149905.672"
"1_40_1.25_100_8.csv","2004/1/2","2007/12/31","616294.938","1325438.125","709143.187","0.438746153519","26","7674638.108","-7463983.983","210654.125","-1149905.672"
"3_40_1.25_100_10.csv","2004/1/2","2007/12/31","616294.938","1325438.125","709143.187","0.438746153519","26","7674638.108","-7463983.983","210654.125","-1149905.672"
"3_40_1.25_100_12.csv","2004/1/2","2007/12/31","616294.938","1325438.125","709143.187","0.438746153519","26","7674638.108","-7463983.983","210654.125","-1149905.672"
"3_40_1.25_100_14.csv","2004/1/2","2007/12/31","616294.938","1325438.125","709143.187","0.438746153519","26","7674638.108","-7463983.983","210654.125","-1149905.672"
"3_40_1.25_100_16.csv","2004/1/2","2007/12/31","616294.938","1325438.125","709143.187","0.438746153519","26","7674638.108","-7463983.983","210654.125","-1149905.672"
"3_40_1.25_100_18.csv","2004/1/2","2007/12/31","616294.938","1325438.125","709143.187","0.438746153519","26","7674638.108","-7463983.983","210654.125","-1149905.672"
"3_40_1.25_100_20.csv","2004/1/2","2007/12/31","616294.938","1325438.125","709143.187","0.438746153519","26","7674638.108","-7463983.983","210654.125","-1149905.672"
"3_40_1.25_100_4.csv","2004/1/2","2007/12/31","616294.938","1325438.125","709143.187","0.438746153519","26","7674638.108","-7463983.983","210654.125","-1149905.672"
"3_40_1.25_100_6.csv","2004/1/2","2007/12/31","616294.938","1325438.125","709143.187","0.438746153519","26","7674638.108","-7463983.983","210654.125","-1149905.672"
"3_40_1.25_100_8.csv","2004/1/2","2007/12/31","616294.938","1325438.125","709143.187","0.438746153519","26","7674638.108","-7463983.983","210654.125","-1149905.672"
"1_20_1_175_10.csv","2004/1/2","2007/12/31","1273109.625","1864922.0","591812.375","0.260353644405","39","8592847.562","-8702350.562","-109503.0","-1461637.25"
"1_20_1_175_12.csv","2004/1/2","2007/12/31","1273109.625","1864922.0","591812.375","0.260353644405","39","8592847.562","-8702350.562","-109503.0","-1461637.25"
"1_20_1_175_14.csv","2004/1/2","2007/12/31","1273109.625","1864922.0","591812.375","0.260353644405","39","8592847.562","-8702350.562","-109503.0","-1461637.25"
"1_20_1_175_16.csv","2004/1/2","2007/12/31","1273109.625","1864922.0","591812.375","0.260353644405","39","8592847.562","-8702350.562","-109503.0","-1461637.25"
"1_20_1_175_18.csv","2004/1/2","2007/12/31","1273109.625","1864922.0","591812.375","0.260353644405","39","8592847.562","-8702350.562","-109503.0","-1461637.25"
"1_20_1_175_20.csv","2004/1/2","2007/12/31","1273109.625","1864922.0","591812.375","0.260353644405","39","8592847.562","-8702350.562","-109503.0","-1461637.25"
"1_20_1_175_4.csv","2004/1/2","2007/12/31","1273109.625","1864922.0","591812.375","0.260353644405","39","8592847.562","-8702350.562","-109503.0","-1461637.25"
"1_20_1_175_6.csv","2004/1/2","2007/12/31","1273109.625","1864922.0","591812.375","0.260353644405","39","8592847.562","-8702350.562","-109503.0","-1461637.25"
"1_20_1_175_8.csv","2004/1/2","2007/12/31","1273109.625","1864922.0","591812.375","0.260353644405","39","8592847.562","-8702350.562","-109503.0","-1461637.25"
"3_20_1_175_10.csv","2004/1/2","2007/12/31","1273109.625","1864922.0","591812.375","0.260353644405","39","8592847.562","-8702350.562","-109503.0","-1461637.25"
"3_20_1_175_12.csv","2004/1/2","2007/12/31","1273109.625","1864922.0","591812.375","0.260353644405","39","8592847.562","-8702350.562","-109503.0","-1461637.25"
"3_20_1_175_14.csv","2004/1/2","2007/12/31","1273109.625","1864922.0","591812.375","0.260353644405","39","8592847.562","-8702350.562","-109503.0","-1461637.25"
"3_20_1_175_16.csv","2004/1/2","2007/12/31","1273109.625","1864922.0","591812.375","0.260353644405","39","8592847.562","-8702350.562","-109503.0","-1461637.25"
"3_20_1_175_18.csv","2004/1/2","2007/12/31","1273109.625","1864922.0","591812.375","0.260353644405","39","8592847.562","-8702350.562","-109503.0","-1461637.25"
"3_20_1_175_20.csv","2004/1/2","2007/12/31","1273109.625","1864922.0","591812.375","0.260353644405","39","8592847.562","-8702350.562","-109503.0","-1461637.25"
"3_20_1_175_4.csv","2004/1/2","2007/12/31","1273109.625","1864922.0","591812.375","0.260353644405","39","8592847.562","-8702350.562","-109503.0","-1461637.25"
"3_20_1_175_6.csv","2004/1/2","2007/12/31","1273109.625","1864922.0","591812.375","0.260353644405","39","8592847.562","-8702350.562","-109503.0","-1461637.25"
"3_20_1_175_8.csv","2004/1/2","2007/12/31","1273109.625","1864922.0","591812.375","0.260353644405","39","8592847.562","-8702350.562","-109503.0","-1461637.25"
"1_20_1.25_100_10.csv","2004/1/2","2007/12/31","903262.125","1170248.875","266986.75","0.140278496847","38","6539239.336","-6865847.836","-326608.5","-1019852.844"
"1_20_1.25_100_12.csv","2004/1/2","2007/12/31","903262.125","1170248.875","266986.75","0.140278496847","38","6539239.336","-6865847.836","-326608.5","-1019852.844"
"1_20_1.25_100_14.csv","2004/1/2","2007/12/31","903262.125","1170248.875","266986.75","0.140278496847","38","6539239.336","-6865847.836","-326608.5","-1019852.844"
"1_20_1.25_100_16.csv","2004/1/2","2007/12/31","903262.125","1170248.875","266986.75","0.140278496847","38","6539239.336","-6865847.836","-326608.5","-1019852.844"
"1_20_1.25_100_18.csv","2004/1/2","2007/12/31","903262.125","1170248.875","266986.75","0.140278496847","38","6539239.336","-6865847.836","-326608.5","-1019852.844"
"1_20_1.25_100_20.csv","2004/1/2","2007/12/31","903262.125","1170248.875","266986.75","0.140278496847","38","6539239.336","-6865847.836","-326608.5","-1019852.844"
"1_20_1.25_100_4.csv","2004/1/2","2007/12/31","903262.125","1170248.875","266986.75","0.140278496847","38","6539239.336","-6865847.836","-326608.5","-1019852.844"
"1_20_1.25_100_6.csv","2004/1/2","2007/12/31","903262.125","1170248.875","266986.75","0.140278496847","38","6539239.336","-6865847.836","-326608.5","-1019852.844"
"1_20_1.25_100_8.csv","2004/1/2","2007/12/31","903262.125","1170248.875","266986.75","0.140278496847","38","6539239.336","-6865847.836","-326608.5","-1019852.844"
"3_20_1.25_100_10.csv","2004/1/2","2007/12/31","903262.125","1170248.875","266986.75","0.140278496847","38","6539239.336","-6865847.836","-326608.5","-1019852.844"
"3_20_1.25_100_12.csv","2004/1/2","2007/12/31","903262.125","1170248.875","266986.75","0.140278496847","38","6539239.336","-6865847.836","-326608.5","-1019852.844"
"3_20_1.25_100_14.csv","2004/1/2","2007/12/31","903262.125","1170248.875","266986.75","0.140278496847","38","6539239.336","-6865847.836","-326608.5","-1019852.844"
"3_20_1.25_100_16.csv","2004/1/2","2007/12/31","903262.125","1170248.875","266986.75","0.140278496847","38","6539239.336","-6865847.836","-326608.5","-1019852.844"
"3_20_1.25_100_18.csv","2004/1/2","2007/12/31","903262.125","1170248.875","266986.75","0.140278496847","38","6539239.336","-6865847.836","-326608.5","-1019852.844"
"3_20_1.25_100_20.csv","2004/1/2","2007/12/31","903262.125","1170248.875","266986.75","0.140278496847","38","6539239.336","-6865847.836","-326608.5","-1019852.844"
"3_20_1.25_100_4.csv","2004/1/2","2007/12/31","903262.125","1170248.875","266986.75","0.140278496847","38","6539239.336","-6865847.836","-326608.5","-1019852.844"
"3_20_1.25_100_6.csv","2004/1/2","2007/12/31","903262.125","1170248.875","266986.75","0.140278496847","38","6539239.336","-6865847.836","-326608.5","-1019852.844"
"3_20_1.25_100_8.csv","2004/1/2","2007/12/31","903262.125","1170248.875","266986.75","0.140278496847","38","6539239.336","-6865847.836","-326608.5","-1019852.844"
"2_60_2_175_18.csv","2004/1/2","2007/12/31","-179200.313","539298.188","718498.501","0.875364004616","5","7061327.272","-6601101.959","460225.313","-519036.219"
"2_60_2_150_14.csv","2004/1/2","2007/12/31","-229803.75","558429.875","788233.625","1.02341919348","5","6935209.394","-6389326.066","545883.328","-438382.469"
"2_60_2_150_20.csv","2004/1/2","2007/12/31","-180763.344","657659.25","838422.594","1.02341928655","5","7376792.749","-6796151.53","580641.219","-466295.469"
"2_60_2_175_16.csv","2004/1/2","2007/12/31","-283428.875","343831.75","627260.625","0.875364081967","5","6164651.135","-5762867.104","401784.031","-453126.867"
"2_60_2_175_14.csv","2004/1/2","2007/12/31","-222628.891","457853.781","680482.672","0.87536398526","5","6687712.407","-6251837.689","435874.718","-491574.0"
"2_60_2_175_20.csv","2004/1/2","2007/12/31","-173131.781","550679.125","723810.906","0.875364283411","5","7113536.978","-6649908.853","463628.125","-522873.813"
"2_60_2_150_16.csv","2004/1/2","2007/12/31","-290042.656","436541.438","726584.094","1.02341936476","5","6392790.438","-5889601.891","503188.547","-404095.578"
"2_60_2_150_18.csv","2004/1/2","2007/12/31","-186776.203","645492.75","832268.953","1.02341932943","5","7322651.133","-6746271.633","576379.5","-462873.156"
"2_40_0.75_75_4.csv","2004/1/2","2007/12/31","-246460.406","495677.188","742137.594","0.984868744667","17","6538232.838","-6033833.24","504399.598","-596744.641"
"1_40_1_175_10.csv","2004/1/2","2007/12/31","868226.625","2155709.25","1287482.625","0.689146920278","25","10277672.432","-9584433.932","693238.5","-1154847.281"
"1_40_1_175_12.csv","2004/1/2","2007/12/31","868226.625","2155709.25","1287482.625","0.689146920278","25","10277672.432","-9584433.932","693238.5","-1154847.281"
"1_40_1_175_14.csv","2004/1/2","2007/12/31","868226.625","2155709.25","1287482.625","0.689146920278","25","10277672.432","-9584433.932","693238.5","-1154847.281"
"1_40_1_175_16.csv","2004/1/2","2007/12/31","868226.625","2155709.25","1287482.625","0.689146920278","25","10277672.432","-9584433.932","693238.5","-1154847.281"
"1_40_1_175_18.csv","2004/1/2","2007/12/31","868226.625","2155709.25","1287482.625","0.689146920278","25","10277672.432","-9584433.932","693238.5","-1154847.281"
"1_40_1_175_20.csv","2004/1/2","2007/12/31","868226.625","2155709.25","1287482.625","0.689146920278","25","10277672.432","-9584433.932","693238.5","-1154847.281"
"1_40_1_175_4.csv","2004/1/2","2007/12/31","868226.625","2155709.25","1287482.625","0.689146920278","25","10277672.432","-9584433.932","693238.5","-1154847.281"
"1_40_1_175_6.csv","2004/1/2","2007/12/31","868226.625","2155709.25","1287482.625","0.689146920278","25","10277672.432","-9584433.932","693238.5","-1154847.281"
"1_40_1_175_8.csv","2004/1/2","2007/12/31","868226.625","2155709.25","1287482.625","0.689146920278","25","10277672.432","-9584433.932","693238.5","-1154847.281"
"3_40_1_175_10.csv","2004/1/2","2007/12/31","868226.625","2155709.25","1287482.625","0.689146920278","25","10277672.432","-9584433.932","693238.5","-1154847.281"
"3_40_1_175_12.csv","2004/1/2","2007/12/31","868226.625","2155709.25","1287482.625","0.689146920278","25","10277672.432","-9584433.932","693238.5","-1154847.281"
"3_40_1_175_14.csv","2004/1/2","2007/12/31","868226.625","2155709.25","1287482.625","0.689146920278","25","10277672.432","-9584433.932","693238.5","-1154847.281"
"3_40_1_175_16.csv","2004/1/2","2007/12/31","868226.625","2155709.25","1287482.625","0.689146920278","25","10277672.432","-9584433.932","693238.5","-1154847.281"
"3_40_1_175_18.csv","2004/1/2","2007/12/31","868226.625","2155709.25","1287482.625","0.689146920278","25","10277672.432","-9584433.932","693238.5","-1154847.281"
"3_40_1_175_20.csv","2004/1/2","2007/12/31","868226.625","2155709.25","1287482.625","0.689146920278","25","10277672.432","-9584433.932","693238.5","-1154847.281"
"3_40_1_175_4.csv","2004/1/2","2007/12/31","868226.625","2155709.25","1287482.625","0.689146920278","25","10277672.432","-9584433.932","693238.5","-1154847.281"
"3_40_1_175_6.csv","2004/1/2","2007/12/31","868226.625","2155709.25","1287482.625","0.689146920278","25","10277672.432","-9584433.932","693238.5","-1154847.281"
"3_40_1_175_8.csv","2004/1/2","2007/12/31","868226.625","2155709.25","1287482.625","0.689146920278","25","10277672.432","-9584433.932","693238.5","-1154847.281"
"2_20_1.25_150_8.csv","2004/1/2","2007/12/31","216808.375","923674.313","706865.938","0.580918041429","17","7165467.974","-6848474.036","316993.938","-861700.984"
"2_20_1.25_150_10.csv","2004/1/2","2007/12/31","261354.25","994097.75","732743.5","0.580918088634","17","7427787.867","-7099189.117","328598.75","-893246.844"
"2_20_1.25_150_12.csv","2004/1/2","2007/12/31","261354.25","994097.75","732743.5","0.580918088634","17","7427787.867","-7099189.117","328598.75","-893246.844"
"2_20_1.25_150_14.csv","2004/1/2","2007/12/31","261354.25","994097.75","732743.5","0.580918088634","17","7427787.867","-7099189.117","328598.75","-893246.844"
"2_20_1.25_150_16.csv","2004/1/2","2007/12/31","261354.25","994097.75","732743.5","0.580918088634","17","7427787.867","-7099189.117","328598.75","-893246.844"
"2_20_1.25_150_18.csv","2004/1/2","2007/12/31","261354.25","994097.75","732743.5","0.580918088634","17","7427787.867","-7099189.117","328598.75","-893246.844"
"2_20_1.25_150_20.csv","2004/1/2","2007/12/31","261354.25","994097.75","732743.5","0.580918088634","17","7427787.867","-7099189.117","328598.75","-893246.844"
"1_100_1_100_4.csv","2004/1/2","2007/12/31","-150069.5","290408.938","440478.438","0.518252301806","29","6730388.732","-6562287.716","168101.016","-737721.157"
"1_100_1_125_4.csv","2004/1/2","2007/12/31","-150069.5","290408.938","440478.438","0.518252301806","29","6730388.732","-6562287.716","168101.016","-737721.157"
"1_100_1_50_4.csv","2004/1/2","2007/12/31","-150069.5","290408.938","440478.438","0.518252301806","29","6730388.732","-6562287.716","168101.016","-737721.157"
"1_100_1_75_4.csv","2004/1/2","2007/12/31","-150069.5","290408.938","440478.438","0.518252301806","29","6730388.732","-6562287.716","168101.016","-737721.157"
"3_100_1_100_4.csv","2004/1/2","2007/12/31","-150069.5","290408.938","440478.438","0.518252301806","29","6730388.732","-6562287.716","168101.016","-737721.157"
"3_100_1_125_4.csv","2004/1/2","2007/12/31","-150069.5","290408.938","440478.438","0.518252301806","29","6730388.732","-6562287.716","168101.016","-737721.157"
"3_100_1_50_4.csv","2004/1/2","2007/12/31","-150069.5","290408.938","440478.438","0.518252301806","29","6730388.732","-6562287.716","168101.016","-737721.157"
"3_100_1_75_4.csv","2004/1/2","2007/12/31","-150069.5","290408.938","440478.438","0.518252301806","29","6730388.732","-6562287.716","168101.016","-737721.157"
"1_100_1_150_4.csv","2004/1/2","2007/12/31","-269335.25","109333.469","378668.719","0.5182523435","29","5785952.629","-5641440.222","144512.407","-634201.031"
"3_100_1_150_4.csv","2004/1/2","2007/12/31","-269335.25","109333.469","378668.719","0.5182523435","29","5785952.629","-5641440.222","144512.407","-634201.031"
"1_100_1_175_4.csv","2004/1/2","2007/12/31","-158407.063","329903.563","488310.626","0.580221867998","28","6767108.049","-6548502.955","218605.094","-708221.094"
"3_100_1_175_4.csv","2004/1/2","2007/12/31","-158407.063","329903.563","488310.626","0.580221867998","28","6767108.049","-6548502.955","218605.094","-708221.094"
"1_40_1.25_150_10.csv","2004/1/2","2007/12/31","491339.031","1402559.75","911220.719","0.611008429377","26","7160999.278","-6727933.903","433065.375","-898448.641"
"1_40_1.25_150_12.csv","2004/1/2","2007/12/31","491339.031","1402559.75","911220.719","0.611008429377","26","7160999.278","-6727933.903","433065.375","-898448.641"
"1_40_1.25_150_14.csv","2004/1/2","2007/12/31","491339.031","1402559.75","911220.719","0.611008429377","26","7160999.278","-6727933.903","433065.375","-898448.641"
"1_40_1.25_150_16.csv","2004/1/2","2007/12/31","491339.031","1402559.75","911220.719","0.611008429377","26","7160999.278","-6727933.903","433065.375","-898448.641"
"1_40_1.25_150_18.csv","2004/1/2","2007/12/31","491339.031","1402559.75","911220.719","0.611008429377","26","7160999.278","-6727933.903","433065.375","-898448.641"
"1_40_1.25_150_20.csv","2004/1/2","2007/12/31","491339.031","1402559.75","911220.719","0.611008429377","26","7160999.278","-6727933.903","433065.375","-898448.641"
"1_40_1.25_150_4.csv","2004/1/2","2007/12/31","491339.031","1402559.75","911220.719","0.611008429377","26","7160999.278","-6727933.903","433065.375","-898448.641"
"1_40_1.25_150_6.csv","2004/1/2","2007/12/31","491339.031","1402559.75","911220.719","0.611008429377","26","7160999.278","-6727933.903","433065.375","-898448.641"
"1_40_1.25_150_8.csv","2004/1/2","2007/12/31","491339.031","1402559.75","911220.719","0.611008429377","26","7160999.278","-6727933.903","433065.375","-898448.641"
"3_40_1.25_150_10.csv","2004/1/2","2007/12/31","491339.031","1402559.75","911220.719","0.611008429377","26","7160999.278","-6727933.903","433065.375","-898448.641"
"3_40_1.25_150_12.csv","2004/1/2","2007/12/31","491339.031","1402559.75","911220.719","0.611008429377","26","7160999.278","-6727933.903","433065.375","-898448.641"
"3_40_1.25_150_14.csv","2004/1/2","2007/12/31","491339.031","1402559.75","911220.719","0.611008429377","26","7160999.278","-6727933.903","433065.375","-898448.641"
"3_40_1.25_150_16.csv","2004/1/2","2007/12/31","491339.031","1402559.75","911220.719","0.611008429377","26","7160999.278","-6727933.903","433065.375","-898448.641"
"3_40_1.25_150_18.csv","2004/1/2","2007/12/31","491339.031","1402559.75","911220.719","0.611008429377","26","7160999.278","-6727933.903","433065.375","-898448.641"
"3_40_1.25_150_20.csv","2004/1/2","2007/12/31","491339.031","1402559.75","911220.719","0.611008429377","26","7160999.278","-6727933.903","433065.375","-898448.641"
"3_40_1.25_150_4.csv","2004/1/2","2007/12/31","491339.031","1402559.75","911220.719","0.611008429377","26","7160999.278","-6727933.903","433065.375","-898448.641"
"3_40_1.25_150_6.csv","2004/1/2","2007/12/31","491339.031","1402559.75","911220.719","0.611008429377","26","7160999.278","-6727933.903","433065.375","-898448.641"
"3_40_1.25_150_8.csv","2004/1/2","2007/12/31","491339.031","1402559.75","911220.719","0.611008429377","26","7160999.278","-6727933.903","433065.375","-898448.641"
"1_40_1.25_175_10.csv","2004/1/2","2007/12/31","156532.969","797337.688","640804.719","0.55407388823","24","5204501.432","-4934506.057","269995.375","-686936.281"
"1_40_1.25_175_12.csv","2004/1/2","2007/12/31","156532.969","797337.688","640804.719","0.55407388823","24","5204501.432","-4934506.057","269995.375","-686936.281"
"1_40_1.25_175_14.csv","2004/1/2","2007/12/31","156532.969","797337.688","640804.719","0.55407388823","24","5204501.432","-4934506.057","269995.375","-686936.281"
"1_40_1.25_175_16.csv","2004/1/2","2007/12/31","156532.969","797337.688","640804.719","0.55407388823","24","5204501.432","-4934506.057","269995.375","-686936.281"
"1_40_1.25_175_18.csv","2004/1/2","2007/12/31","156532.969","797337.688","640804.719","0.55407388823","24","5204501.432","-4934506.057","269995.375","-686936.281"
"1_40_1.25_175_20.csv","2004/1/2","2007/12/31","156532.969","797337.688","640804.719","0.55407388823","24","5204501.432","-4934506.057","269995.375","-686936.281"
"1_40_1.25_175_4.csv","2004/1/2","2007/12/31","156532.969","797337.688","640804.719","0.55407388823","24","5204501.432","-4934506.057","269995.375","-686936.281"
"1_40_1.25_175_6.csv","2004/1/2","2007/12/31","156532.969","797337.688","640804.719","0.55407388823","24","5204501.432","-4934506.057","269995.375","-686936.281"
"1_40_1.25_175_8.csv","2004/1/2","2007/12/31","156532.969","797337.688","640804.719","0.55407388823","24","5204501.432","-4934506.057","269995.375","-686936.281"
"3_40_1.25_175_10.csv","2004/1/2","2007/12/31","156532.969","797337.688","640804.719","0.55407388823","24","5204501.432","-4934506.057","269995.375","-686936.281"
"3_40_1.25_175_12.csv","2004/1/2","2007/12/31","156532.969","797337.688","640804.719","0.55407388823","24","5204501.432","-4934506.057","269995.375","-686936.281"
"3_40_1.25_175_14.csv","2004/1/2","2007/12/31","156532.969","797337.688","640804.719","0.55407388823","24","5204501.432","-4934506.057","269995.375","-686936.281"
"3_40_1.25_175_16.csv","2004/1/2","2007/12/31","156532.969","797337.688","640804.719","0.55407388823","24","5204501.432","-4934506.057","269995.375","-686936.281"
"3_40_1.25_175_18.csv","2004/1/2","2007/12/31","156532.969","797337.688","640804.719","0.55407388823","24","5204501.432","-4934506.057","269995.375","-686936.281"
"3_40_1.25_175_20.csv","2004/1/2","2007/12/31","156532.969","797337.688","640804.719","0.55407388823","24","5204501.432","-4934506.057","269995.375","-686936.281"
"3_40_1.25_175_4.csv","2004/1/2","2007/12/31","156532.969","797337.688","640804.719","0.55407388823","24","5204501.432","-4934506.057","269995.375","-686936.281"
"3_40_1.25_175_6.csv","2004/1/2","2007/12/31","156532.969","797337.688","640804.719","0.55407388823","24","5204501.432","-4934506.057","269995.375","-686936.281"
"3_40_1.25_175_8.csv","2004/1/2","2007/12/31","156532.969","797337.688","640804.719","0.55407388823","24","5204501.432","-4934506.057","269995.375","-686936.281"
"2_20_1.25_225_6.csv","2004/1/2","2007/12/31","194784.563","1362396.625","1167612.062","0.977257405359","16","6915587.556","-6131769.931","783817.625","-781938.266"
"2_40_1_100_4.csv","2004/1/2","2007/12/31","281290.875","2621027.25","2339736.375","1.82607745099","11","11265554.228","-9340305.978","1925248.25","-966211.16"
"2_100_1.5_225_8.csv","2004/1/2","2007/12/31","-293779.781","108941.031","402720.812","0.570248204689","7","5846309.44","-5673175.628","173133.812","-472096.926"
"1_20_1.25_125_10.csv","2004/1/2","2007/12/31","410998.531","575986.625","164988.094","0.116930025351","37","4509383.939","-4803776.252","-294392.313","-771560.016"
"1_20_1.25_125_12.csv","2004/1/2","2007/12/31","410998.531","575986.625","164988.094","0.116930025351","37","4509383.939","-4803776.252","-294392.313","-771560.016"
"1_20_1.25_125_14.csv","2004/1/2","2007/12/31","410998.531","575986.625","164988.094","0.116930025351","37","4509383.939","-4803776.252","-294392.313","-771560.016"
"1_20_1.25_125_16.csv","2004/1/2","2007/12/31","410998.531","575986.625","164988.094","0.116930025351","37","4509383.939","-4803776.252","-294392.313","-771560.016"
"1_20_1.25_125_18.csv","2004/1/2","2007/12/31","410998.531","575986.625","164988.094","0.116930025351","37","4509383.939","-4803776.252","-294392.313","-771560.016"
"1_20_1.25_125_20.csv","2004/1/2","2007/12/31","410998.531","575986.625","164988.094","0.116930025351","37","4509383.939","-4803776.252","-294392.313","-771560.016"
"1_20_1.25_125_4.csv","2004/1/2","2007/12/31","410998.531","575986.625","164988.094","0.116930025351","37","4509383.939","-4803776.252","-294392.313","-771560.016"
"1_20_1.25_125_6.csv","2004/1/2","2007/12/31","410998.531","575986.625","164988.094","0.116930025351","37","4509383.939","-4803776.252","-294392.313","-771560.016"
"1_20_1.25_125_8.csv","2004/1/2","2007/12/31","410998.531","575986.625","164988.094","0.116930025351","37","4509383.939","-4803776.252","-294392.313","-771560.016"
"3_20_1.25_125_10.csv","2004/1/2","2007/12/31","410998.531","575986.625","164988.094","0.116930025351","37","4509383.939","-4803776.252","-294392.313","-771560.016"
"3_20_1.25_125_12.csv","2004/1/2","2007/12/31","410998.531","575986.625","164988.094","0.116930025351","37","4509383.939","-4803776.252","-294392.313","-771560.016"
"3_20_1.25_125_14.csv","2004/1/2","2007/12/31","410998.531","575986.625","164988.094","0.116930025351","37","4509383.939","-4803776.252","-294392.313","-771560.016"
"3_20_1.25_125_16.csv","2004/1/2","2007/12/31","410998.531","575986.625","164988.094","0.116930025351","37","4509383.939","-4803776.252","-294392.313","-771560.016"
"3_20_1.25_125_18.csv","2004/1/2","2007/12/31","410998.531","575986.625","164988.094","0.116930025351","37","4509383.939","-4803776.252","-294392.313","-771560.016"
"3_20_1.25_125_20.csv","2004/1/2","2007/12/31","410998.531","575986.625","164988.094","0.116930025351","37","4509383.939","-4803776.252","-294392.313","-771560.016"
"3_20_1.25_125_4.csv","2004/1/2","2007/12/31","410998.531","575986.625","164988.094","0.116930025351","37","4509383.939","-4803776.252","-294392.313","-771560.016"
"3_20_1.25_125_6.csv","2004/1/2","2007/12/31","410998.531","575986.625","164988.094","0.116930025351","37","4509383.939","-4803776.252","-294392.313","-771560.016"
"3_20_1.25_125_8.csv","2004/1/2","2007/12/31","410998.531","575986.625","164988.094","0.116930025351","37","4509383.939","-4803776.252","-294392.313","-771560.016"
"2_60_1.25_200_4.csv","2004/1/2","2007/12/31","-506628.25","135167.469","641795.719","1.30083597004","8","3406676.749","-2925667.53","481009.219","-243572.063"
"2_60_1.25_225_4.csv","2004/1/2","2007/12/31","-375501.188","557412.063","932913.251","1.49385912843","8","4628513.818","-3899120.505","729393.313","-308308.031"
"2_60_2_200_18.csv","2004/1/2","2007/12/31","-82639.086","873607.5","956246.586","1.04238862961","4","7887686.276","-7231186.682","656499.594","-514721.063"
"2_60_2_225_14.csv","2004/1/2","2007/12/31","-62201.141","915349.938","977551.079","1.04238885516","4","8063417.958","-7392292.02","671125.938","-526188.688"
"2_60_2_225_16.csv","2004/1/2","2007/12/31","-62201.141","915349.938","977551.079","1.04238885516","4","8063417.958","-7392292.02","671125.938","-526188.688"
"2_60_2_225_20.csv","2004/1/2","2007/12/31","167022.875","1383514.25","1216491.375","1.04238862927","4","10034338.816","-9199171.379","835167.437","-654803.77"
"2_60_2_200_20.csv","2004/1/2","2007/12/31","-75856.578","887460.25","963316.828","1.0423888815","4","7946005.608","-7284652.046","661353.562","-518526.813"
"2_60_2_225_18.csv","2004/1/2","2007/12/31","158457.313","1366020.25","1207562.937","1.04238880747","4","9960693.225","-9131655.475","829037.75","-649997.848"
"2_60_2_200_14.csv","2004/1/2","2007/12/31","-257374.563","516729.844","774104.407","1.04238875809","4","6385269.67","-5853817.67","531452.0","-416679.047"
"2_60_2_200_16.csv","2004/1/2","2007/12/31","-257374.563","516729.844","774104.407","1.04238875809","4","6385269.67","-5853817.67","531452.0","-416679.047"
"2_60_2_125_8.csv","2004/1/2","2007/12/31","339002.438","1147202.375","808199.937","0.603583618718","7","9929822.49","-9559184.99","370637.5","-1022644.695"
"2_60_2_50_8.csv","2004/1/2","2007/12/31","1448453.0","2926299.25","1477846.25","0.603583670996","7","18157326.185","-17479591.435","677734.75","-1869972.25"
"2_60_2_75_8.csv","2004/1/2","2007/12/31","1448453.0","2926299.25","1477846.25","0.603583670996","7","18157326.185","-17479591.435","677734.75","-1869972.25"
"2_60_2_100_8.csv","2004/1/2","2007/12/31","785079.0","1862523.5","1077444.5","0.60358365092","7","13237852.591","-12743740.841","494111.75","-1363329.937"
"2_20_2_125_8.csv","2004/1/2","2007/12/31","364389.094","863695.0","499305.906","0.365955656048","16","6715917.376","-6664496.876","51420.5","-986812.79"
"2_40_1.25_100_6.csv","2004/1/2","2007/12/31","514580.563","2724250.5","2209669.937","1.45893192543","9","13137674.722","-11425228.16","1712446.562","-1198057.344"
"2_20_1.5_175_6.csv","2004/1/2","2007/12/31","35609.625","774045.125","738435.5","0.713044261249","17","5588612.274","-5190696.587","397915.687","-711416.391"
"1_100_1_150_10.csv","2004/1/2","2007/12/31","-298454.75","65122.656","363577.406","0.518252252438","29","5577354.39","-5445194.671","132159.719","-616496.063"
"1_100_1_150_12.csv","2004/1/2","2007/12/31","-298454.75","65122.656","363577.406","0.518252252438","29","5577354.39","-5445194.671","132159.719","-616496.063"
"1_100_1_150_14.csv","2004/1/2","2007/12/31","-298454.75","65122.656","363577.406","0.518252252438","29","5577354.39","-5445194.671","132159.719","-616496.063"
"1_100_1_150_16.csv","2004/1/2","2007/12/31","-298454.75","65122.656","363577.406","0.518252252438","29","5577354.39","-5445194.671","132159.719","-616496.063"
"1_100_1_150_18.csv","2004/1/2","2007/12/31","-298454.75","65122.656","363577.406","0.518252252438","29","5577354.39","-5445194.671","132159.719","-616496.063"
"1_100_1_150_20.csv","2004/1/2","2007/12/31","-298454.75","65122.656","363577.406","0.518252252438","29","5577354.39","-5445194.671","132159.719","-616496.063"
"1_100_1_150_6.csv","2004/1/2","2007/12/31","-298454.75","65122.656","363577.406","0.518252252438","29","5577354.39","-5445194.671","132159.719","-616496.063"
"1_100_1_150_8.csv","2004/1/2","2007/12/31","-298454.75","65122.656","363577.406","0.518252252438","29","5577354.39","-5445194.671","132159.719","-616496.063"
"3_100_1_150_10.csv","2004/1/2","2007/12/31","-298454.75","65122.656","363577.406","0.518252252438","29","5577354.39","-5445194.671","132159.719","-616496.063"
"3_100_1_150_12.csv","2004/1/2","2007/12/31","-298454.75","65122.656","363577.406","0.518252252438","29","5577354.39","-5445194.671","132159.719","-616496.063"
"3_100_1_150_14.csv","2004/1/2","2007/12/31","-298454.75","65122.656","363577.406","0.518252252438","29","5577354.39","-5445194.671","132159.719","-616496.063"
"3_100_1_150_16.csv","2004/1/2","2007/12/31","-298454.75","65122.656","363577.406","0.518252252438","29","5577354.39","-5445194.671","132159.719","-616496.063"
"3_100_1_150_18.csv","2004/1/2","2007/12/31","-298454.75","65122.656","363577.406","0.518252252438","29","5577354.39","-5445194.671","132159.719","-616496.063"
"3_100_1_150_20.csv","2004/1/2","2007/12/31","-298454.75","65122.656","363577.406","0.518252252438","29","5577354.39","-5445194.671","132159.719","-616496.063"
"3_100_1_150_6.csv","2004/1/2","2007/12/31","-298454.75","65122.656","363577.406","0.518252252438","29","5577354.39","-5445194.671","132159.719","-616496.063"
"3_100_1_150_8.csv","2004/1/2","2007/12/31","-298454.75","65122.656","363577.406","0.518252252438","29","5577354.39","-5445194.671","132159.719","-616496.063"
"1_100_1_100_10.csv","2004/1/2","2007/12/31","-183942.219","238981.672","422923.891","0.518252384631","29","6487741.556","-6334009.525","153732.031","-717126.188"
"1_100_1_100_12.csv","2004/1/2","2007/12/31","-183942.219","238981.672","422923.891","0.518252384631","29","6487741.556","-6334009.525","153732.031","-717126.188"
"1_100_1_100_14.csv","2004/1/2","2007/12/31","-183942.219","238981.672","422923.891","0.518252384631","29","6487741.556","-6334009.525","153732.031","-717126.188"
"1_100_1_100_16.csv","2004/1/2","2007/12/31","-183942.219","238981.672","422923.891","0.518252384631","29","6487741.556","-6334009.525","153732.031","-717126.188"
"1_100_1_100_18.csv","2004/1/2","2007/12/31","-183942.219","238981.672","422923.891","0.518252384631","29","6487741.556","-6334009.525","153732.031","-717126.188"
"1_100_1_100_20.csv","2004/1/2","2007/12/31","-183942.219","238981.672","422923.891","0.518252384631","29","6487741.556","-6334009.525","153732.031","-717126.188"
"1_100_1_100_6.csv","2004/1/2","2007/12/31","-183942.219","238981.672","422923.891","0.518252384631","29","6487741.556","-6334009.525","153732.031","-717126.188"
"1_100_1_100_8.csv","2004/1/2","2007/12/31","-183942.219","238981.672","422923.891","0.518252384631","29","6487741.556","-6334009.525","153732.031","-717126.188"
"1_100_1_125_10.csv","2004/1/2","2007/12/31","-183942.219","238981.672","422923.891","0.518252384631","29","6487741.556","-6334009.525","153732.031","-717126.188"
"1_100_1_125_12.csv","2004/1/2","2007/12/31","-183942.219","238981.672","422923.891","0.518252384631","29","6487741.556","-6334009.525","153732.031","-717126.188"
"1_100_1_125_14.csv","2004/1/2","2007/12/31","-183942.219","238981.672","422923.891","0.518252384631","29","6487741.556","-6334009.525","153732.031","-717126.188"
"1_100_1_125_16.csv","2004/1/2","2007/12/31","-183942.219","238981.672","422923.891","0.518252384631","29","6487741.556","-6334009.525","153732.031","-717126.188"
"1_100_1_125_18.csv","2004/1/2","2007/12/31","-183942.219","238981.672","422923.891","0.518252384631","29","6487741.556","-6334009.525","153732.031","-717126.188"
"1_100_1_125_20.csv","2004/1/2","2007/12/31","-183942.219","238981.672","422923.891","0.518252384631","29","6487741.556","-6334009.525","153732.031","-717126.188"
"1_100_1_125_6.csv","2004/1/2","2007/12/31","-183942.219","238981.672","422923.891","0.518252384631","29","6487741.556","-6334009.525","153732.031","-717126.188"
"1_100_1_125_8.csv","2004/1/2","2007/12/31","-183942.219","238981.672","422923.891","0.518252384631","29","6487741.556","-6334009.525","153732.031","-717126.188"
"1_100_1_50_10.csv","2004/1/2","2007/12/31","-183942.219","238981.672","422923.891","0.518252384631","29","6487741.556","-6334009.525","153732.031","-717126.188"
"1_100_1_50_12.csv","2004/1/2","2007/12/31","-183942.219","238981.672","422923.891","0.518252384631","29","6487741.556","-6334009.525","153732.031","-717126.188"
"1_100_1_50_14.csv","2004/1/2","2007/12/31","-183942.219","238981.672","422923.891","0.518252384631","29","6487741.556","-6334009.525","153732.031","-717126.188"
"1_100_1_50_16.csv","2004/1/2","2007/12/31","-183942.219","238981.672","422923.891","0.518252384631","29","6487741.556","-6334009.525","153732.031","-717126.188"
"1_100_1_50_18.csv","2004/1/2","2007/12/31","-183942.219","238981.672","422923.891","0.518252384631","29","6487741.556","-6334009.525","153732.031","-717126.188"
"1_100_1_50_20.csv","2004/1/2","2007/12/31","-183942.219","238981.672","422923.891","0.518252384631","29","6487741.556","-6334009.525","153732.031","-717126.188"
"1_100_1_50_6.csv","2004/1/2","2007/12/31","-183942.219","238981.672","422923.891","0.518252384631","29","6487741.556","-6334009.525","153732.031","-717126.188"
"1_100_1_50_8.csv","2004/1/2","2007/12/31","-183942.219","238981.672","422923.891","0.518252384631","29","6487741.556","-6334009.525","153732.031","-717126.188"
"1_100_1_75_10.csv","2004/1/2","2007/12/31","-183942.219","238981.672","422923.891","0.518252384631","29","6487741.556","-6334009.525","153732.031","-717126.188"
"1_100_1_75_12.csv","2004/1/2","2007/12/31","-183942.219","238981.672","422923.891","0.518252384631","29","6487741.556","-6334009.525","153732.031","-717126.188"
"1_100_1_75_14.csv","2004/1/2","2007/12/31","-183942.219","238981.672","422923.891","0.518252384631","29","6487741.556","-6334009.525","153732.031","-717126.188"
"1_100_1_75_16.csv","2004/1/2","2007/12/31","-183942.219","238981.672","422923.891","0.518252384631","29","6487741.556","-6334009.525","153732.031","-717126.188"
"1_100_1_75_18.csv","2004/1/2","2007/12/31","-183942.219","238981.672","422923.891","0.518252384631","29","6487741.556","-6334009.525","153732.031","-717126.188"
"1_100_1_75_20.csv","2004/1/2","2007/12/31","-183942.219","238981.672","422923.891","0.518252384631","29","6487741.556","-6334009.525","153732.031","-717126.188"
"1_100_1_75_6.csv","2004/1/2","2007/12/31","-183942.219","238981.672","422923.891","0.518252384631","29","6487741.556","-6334009.525","153732.031","-717126.188"
"1_100_1_75_8.csv","2004/1/2","2007/12/31","-183942.219","238981.672","422923.891","0.518252384631","29","6487741.556","-6334009.525","153732.031","-717126.188"
"3_100_1_100_10.csv","2004/1/2","2007/12/31","-183942.219","238981.672","422923.891","0.518252384631","29","6487741.556","-6334009.525","153732.031","-717126.188"
"3_100_1_100_12.csv","2004/1/2","2007/12/31","-183942.219","238981.672","422923.891","0.518252384631","29","6487741.556","-6334009.525","153732.031","-717126.188"
"3_100_1_100_14.csv","2004/1/2","2007/12/31","-183942.219","238981.672","422923.891","0.518252384631","29","6487741.556","-6334009.525","153732.031","-717126.188"
"3_100_1_100_16.csv","2004/1/2","2007/12/31","-183942.219","238981.672","422923.891","0.518252384631","29","6487741.556","-6334009.525","153732.031","-717126.188"
"3_100_1_100_18.csv","2004/1/2","2007/12/31","-183942.219","238981.672","422923.891","0.518252384631","29","6487741.556","-6334009.525","153732.031","-717126.188"
"3_100_1_100_20.csv","2004/1/2","2007/12/31","-183942.219","238981.672","422923.891","0.518252384631","29","6487741.556","-6334009.525","153732.031","-717126.188"
"3_100_1_100_6.csv","2004/1/2","2007/12/31","-183942.219","238981.672","422923.891","0.518252384631","29","6487741.556","-6334009.525","153732.031","-717126.188"
"3_100_1_100_8.csv","2004/1/2","2007/12/31","-183942.219","238981.672","422923.891","0.518252384631","29","6487741.556","-6334009.525","153732.031","-717126.188"
"3_100_1_125_10.csv","2004/1/2","2007/12/31","-183942.219","238981.672","422923.891","0.518252384631","29","6487741.556","-6334009.525","153732.031","-717126.188"
"3_100_1_125_12.csv","2004/1/2","2007/12/31","-183942.219","238981.672","422923.891","0.518252384631","29","6487741.556","-6334009.525","153732.031","-717126.188"
"3_100_1_125_14.csv","2004/1/2","2007/12/31","-183942.219","238981.672","422923.891","0.518252384631","29","6487741.556","-6334009.525","153732.031","-717126.188"
"3_100_1_125_16.csv","2004/1/2","2007/12/31","-183942.219","238981.672","422923.891","0.518252384631","29","6487741.556","-6334009.525","153732.031","-717126.188"
"3_100_1_125_18.csv","2004/1/2","2007/12/31","-183942.219","238981.672","422923.891","0.518252384631","29","6487741.556","-6334009.525","153732.031","-717126.188"
"3_100_1_125_20.csv","2004/1/2","2007/12/31","-183942.219","238981.672","422923.891","0.518252384631","29","6487741.556","-6334009.525","153732.031","-717126.188"
"3_100_1_125_6.csv","2004/1/2","2007/12/31","-183942.219","238981.672","422923.891","0.518252384631","29","6487741.556","-6334009.525","153732.031","-717126.188"
"3_100_1_125_8.csv","2004/1/2","2007/12/31","-183942.219","238981.672","422923.891","0.518252384631","29","6487741.556","-6334009.525","153732.031","-717126.188"
"3_100_1_50_10.csv","2004/1/2","2007/12/31","-183942.219","238981.672","422923.891","0.518252384631","29","6487741.556","-6334009.525","153732.031","-717126.188"
"3_100_1_50_12.csv","2004/1/2","2007/12/31","-183942.219","238981.672","422923.891","0.518252384631","29","6487741.556","-6334009.525","153732.031","-717126.188"
"3_100_1_50_14.csv","2004/1/2","2007/12/31","-183942.219","238981.672","422923.891","0.518252384631","29","6487741.556","-6334009.525","153732.031","-717126.188"
"3_100_1_50_16.csv","2004/1/2","2007/12/31","-183942.219","238981.672","422923.891","0.518252384631","29","6487741.556","-6334009.525","153732.031","-717126.188"
"3_100_1_50_18.csv","2004/1/2","2007/12/31","-183942.219","238981.672","422923.891","0.518252384631","29","6487741.556","-6334009.525","153732.031","-717126.188"
"3_100_1_50_20.csv","2004/1/2","2007/12/31","-183942.219","238981.672","422923.891","0.518252384631","29","6487741.556","-6334009.525","153732.031","-717126.188"
"3_100_1_50_6.csv","2004/1/2","2007/12/31","-183942.219","238981.672","422923.891","0.518252384631","29","6487741.556","-6334009.525","153732.031","-717126.188"
"3_100_1_50_8.csv","2004/1/2","2007/12/31","-183942.219","238981.672","422923.891","0.518252384631","29","6487741.556","-6334009.525","153732.031","-717126.188"
"3_100_1_75_10.csv","2004/1/2","2007/12/31","-183942.219","238981.672","422923.891","0.518252384631","29","6487741.556","-6334009.525","153732.031","-717126.188"
"3_100_1_75_12.csv","2004/1/2","2007/12/31","-183942.219","238981.672","422923.891","0.518252384631","29","6487741.556","-6334009.525","153732.031","-717126.188"
"3_100_1_75_14.csv","2004/1/2","2007/12/31","-183942.219","238981.672","422923.891","0.518252384631","29","6487741.556","-6334009.525","153732.031","-717126.188"
"3_100_1_75_16.csv","2004/1/2","2007/12/31","-183942.219","238981.672","422923.891","0.518252384631","29","6487741.556","-6334009.525","153732.031","-717126.188"
"3_100_1_75_18.csv","2004/1/2","2007/12/31","-183942.219","238981.672","422923.891","0.518252384631","29","6487741.556","-6334009.525","153732.031","-717126.188"
"3_100_1_75_20.csv","2004/1/2","2007/12/31","-183942.219","238981.672","422923.891","0.518252384631","29","6487741.556","-6334009.525","153732.031","-717126.188"
"3_100_1_75_6.csv","2004/1/2","2007/12/31","-183942.219","238981.672","422923.891","0.518252384631","29","6487741.556","-6334009.525","153732.031","-717126.188"
"3_100_1_75_8.csv","2004/1/2","2007/12/31","-183942.219","238981.672","422923.891","0.518252384631","29","6487741.556","-6334009.525","153732.031","-717126.188"
"1_100_1_175_10.csv","2004/1/2","2007/12/31","-191947.594","276902.188","468849.782","0.580221998621","28","6522746.784","-6320448.159","202298.625","-688715.5"
"1_100_1_175_12.csv","2004/1/2","2007/12/31","-191947.594","276902.188","468849.782","0.580221998621","28","6522746.784","-6320448.159","202298.625","-688715.5"
"1_100_1_175_14.csv","2004/1/2","2007/12/31","-191947.594","276902.188","468849.782","0.580221998621","28","6522746.784","-6320448.159","202298.625","-688715.5"
"1_100_1_175_16.csv","2004/1/2","2007/12/31","-191947.594","276902.188","468849.782","0.580221998621","28","6522746.784","-6320448.159","202298.625","-688715.5"
"1_100_1_175_18.csv","2004/1/2","2007/12/31","-191947.594","276902.188","468849.782","0.580221998621","28","6522746.784","-6320448.159","202298.625","-688715.5"
"1_100_1_175_20.csv","2004/1/2","2007/12/31","-191947.594","276902.188","468849.782","0.580221998621","28","6522746.784","-6320448.159","202298.625","-688715.5"
"1_100_1_175_6.csv","2004/1/2","2007/12/31","-191947.594","276902.188","468849.782","0.580221998621","28","6522746.784","-6320448.159","202298.625","-688715.5"
"1_100_1_175_8.csv","2004/1/2","2007/12/31","-191947.594","276902.188","468849.782","0.580221998621","28","6522746.784","-6320448.159","202298.625","-688715.5"
"3_100_1_175_10.csv","2004/1/2","2007/12/31","-191947.594","276902.188","468849.782","0.580221998621","28","6522746.784","-6320448.159","202298.625","-688715.5"
"3_100_1_175_12.csv","2004/1/2","2007/12/31","-191947.594","276902.188","468849.782","0.580221998621","28","6522746.784","-6320448.159","202298.625","-688715.5"
"3_100_1_175_14.csv","2004/1/2","2007/12/31","-191947.594","276902.188","468849.782","0.580221998621","28","6522746.784","-6320448.159","202298.625","-688715.5"
"3_100_1_175_16.csv","2004/1/2","2007/12/31","-191947.594","276902.188","468849.782","0.580221998621","28","6522746.784","-6320448.159","202298.625","-688715.5"
"3_100_1_175_18.csv","2004/1/2","2007/12/31","-191947.594","276902.188","468849.782","0.580221998621","28","6522746.784","-6320448.159","202298.625","-688715.5"
"3_100_1_175_20.csv","2004/1/2","2007/12/31","-191947.594","276902.188","468849.782","0.580221998621","28","6522746.784","-6320448.159","202298.625","-688715.5"
"3_100_1_175_6.csv","2004/1/2","2007/12/31","-191947.594","276902.188","468849.782","0.580221998621","28","6522746.784","-6320448.159","202298.625","-688715.5"
"3_100_1_175_8.csv","2004/1/2","2007/12/31","-191947.594","276902.188","468849.782","0.580221998621","28","6522746.784","-6320448.159","202298.625","-688715.5"
"1_20_1.25_50_10.csv","2004/1/2","2007/12/31","1531017.125","1958689.875","427672.75","0.168972681289","47","9823653.249","-10236237.374","-412584.125","-1351438.437"
"1_20_1.25_50_12.csv","2004/1/2","2007/12/31","1531017.125","1958689.875","427672.75","0.168972681289","47","9823653.249","-10236237.374","-412584.125","-1351438.437"
"1_20_1.25_50_14.csv","2004/1/2","2007/12/31","1531017.125","1958689.875","427672.75","0.168972681289","47","9823653.249","-10236237.374","-412584.125","-1351438.437"
"1_20_1.25_50_16.csv","2004/1/2","2007/12/31","1531017.125","1958689.875","427672.75","0.168972681289","47","9823653.249","-10236237.374","-412584.125","-1351438.437"
"1_20_1.25_50_18.csv","2004/1/2","2007/12/31","1531017.125","1958689.875","427672.75","0.168972681289","47","9823653.249","-10236237.374","-412584.125","-1351438.437"
"1_20_1.25_50_20.csv","2004/1/2","2007/12/31","1531017.125","1958689.875","427672.75","0.168972681289","47","9823653.249","-10236237.374","-412584.125","-1351438.437"
"1_20_1.25_50_4.csv","2004/1/2","2007/12/31","1531017.125","1958689.875","427672.75","0.168972681289","47","9823653.249","-10236237.374","-412584.125","-1351438.437"
"1_20_1.25_50_6.csv","2004/1/2","2007/12/31","1531017.125","1958689.875","427672.75","0.168972681289","47","9823653.249","-10236237.374","-412584.125","-1351438.437"
"1_20_1.25_50_8.csv","2004/1/2","2007/12/31","1531017.125","1958689.875","427672.75","0.168972681289","47","9823653.249","-10236237.374","-412584.125","-1351438.437"
"3_20_1.25_50_10.csv","2004/1/2","2007/12/31","1531017.125","1958689.875","427672.75","0.168972681289","47","9823653.249","-10236237.374","-412584.125","-1351438.437"
"3_20_1.25_50_12.csv","2004/1/2","2007/12/31","1531017.125","1958689.875","427672.75","0.168972681289","47","9823653.249","-10236237.374","-412584.125","-1351438.437"
"3_20_1.25_50_14.csv","2004/1/2","2007/12/31","1531017.125","1958689.875","427672.75","0.168972681289","47","9823653.249","-10236237.374","-412584.125","-1351438.437"
"3_20_1.25_50_16.csv","2004/1/2","2007/12/31","1531017.125","1958689.875","427672.75","0.168972681289","47","9823653.249","-10236237.374","-412584.125","-1351438.437"
"3_20_1.25_50_18.csv","2004/1/2","2007/12/31","1531017.125","1958689.875","427672.75","0.168972681289","47","9823653.249","-10236237.374","-412584.125","-1351438.437"
"3_20_1.25_50_20.csv","2004/1/2","2007/12/31","1531017.125","1958689.875","427672.75","0.168972681289","47","9823653.249","-10236237.374","-412584.125","-1351438.437"
"3_20_1.25_50_4.csv","2004/1/2","2007/12/31","1531017.125","1958689.875","427672.75","0.168972681289","47","9823653.249","-10236237.374","-412584.125","-1351438.437"
"3_20_1.25_50_6.csv","2004/1/2","2007/12/31","1531017.125","1958689.875","427672.75","0.168972681289","47","9823653.249","-10236237.374","-412584.125","-1351438.437"
"3_20_1.25_50_8.csv","2004/1/2","2007/12/31","1531017.125","1958689.875","427672.75","0.168972681289","47","9823653.249","-10236237.374","-412584.125","-1351438.437"
"2_40_1_75_6.csv","2004/1/2","2007/12/31","864842.813","3898142.75","3033299.937","1.6265713742","13","17667296.907","-15255637.032","2411659.875","-1562051.187"
"1_120_1_225_4.csv","2004/1/2","2007/12/31","-309500.875","58370.984","367871.859","0.532762237751","25","5457920.968","-5323714.257","134206.711","-670850.281"
"3_120_1_225_4.csv","2004/1/2","2007/12/31","-309500.875","58370.984","367871.859","0.532762237751","25","5457920.968","-5323714.257","134206.711","-670850.281"
"1_120_1_225_10.csv","2004/1/2","2007/12/31","-241209.781","163044.938","404254.719","0.532762163873","25","5997714.864","-5850235.035","147479.829","-737198.094"
"1_120_1_225_12.csv","2004/1/2","2007/12/31","-241209.781","163044.938","404254.719","0.532762163873","25","5997714.864","-5850235.035","147479.829","-737198.094"
"1_120_1_225_14.csv","2004/1/2","2007/12/31","-241209.781","163044.938","404254.719","0.532762163873","25","5997714.864","-5850235.035","147479.829","-737198.094"
"1_120_1_225_16.csv","2004/1/2","2007/12/31","-241209.781","163044.938","404254.719","0.532762163873","25","5997714.864","-5850235.035","147479.829","-737198.094"
"1_120_1_225_18.csv","2004/1/2","2007/12/31","-241209.781","163044.938","404254.719","0.532762163873","25","5997714.864","-5850235.035","147479.829","-737198.094"
"1_120_1_225_20.csv","2004/1/2","2007/12/31","-241209.781","163044.938","404254.719","0.532762163873","25","5997714.864","-5850235.035","147479.829","-737198.094"
"1_120_1_225_6.csv","2004/1/2","2007/12/31","-241209.781","163044.938","404254.719","0.532762163873","25","5997714.864","-5850235.035","147479.829","-737198.094"
"1_120_1_225_8.csv","2004/1/2","2007/12/31","-241209.781","163044.938","404254.719","0.532762163873","25","5997714.864","-5850235.035","147479.829","-737198.094"
"3_120_1_225_10.csv","2004/1/2","2007/12/31","-241209.781","163044.938","404254.719","0.532762163873","25","5997714.864","-5850235.035","147479.829","-737198.094"
"3_120_1_225_12.csv","2004/1/2","2007/12/31","-241209.781","163044.938","404254.719","0.532762163873","25","5997714.864","-5850235.035","147479.829","-737198.094"
"3_120_1_225_14.csv","2004/1/2","2007/12/31","-241209.781","163044.938","404254.719","0.532762163873","25","5997714.864","-5850235.035","147479.829","-737198.094"
"3_120_1_225_16.csv","2004/1/2","2007/12/31","-241209.781","163044.938","404254.719","0.532762163873","25","5997714.864","-5850235.035","147479.829","-737198.094"
"3_120_1_225_18.csv","2004/1/2","2007/12/31","-241209.781","163044.938","404254.719","0.532762163873","25","5997714.864","-5850235.035","147479.829","-737198.094"
"3_120_1_225_20.csv","2004/1/2","2007/12/31","-241209.781","163044.938","404254.719","0.532762163873","25","5997714.864","-5850235.035","147479.829","-737198.094"
"3_120_1_225_6.csv","2004/1/2","2007/12/31","-241209.781","163044.938","404254.719","0.532762163873","25","5997714.864","-5850235.035","147479.829","-737198.094"
"3_120_1_225_8.csv","2004/1/2","2007/12/31","-241209.781","163044.938","404254.719","0.532762163873","25","5997714.864","-5850235.035","147479.829","-737198.094"
"2_40_1_200_4.csv","2004/1/2","2007/12/31","-257099.344","1247272.125","1504371.469","2.02499682407","10","5971336.284","-4719356.065","1251980.219","-421187.053"
"2_20_1.25_125_8.csv","2004/1/2","2007/12/31","334753.031","1184638.875","849885.844","0.636736403111","16","8009576.479","-7613895.042","395681.437","-974147.281"
"2_20_1.25_125_10.csv","2004/1/2","2007/12/31","383616.688","1264615.875","880999.187","0.636736456448","16","8302797.115","-7892630.365","410166.75","-1009809.797"
"2_20_1.25_125_12.csv","2004/1/2","2007/12/31","383616.688","1264615.875","880999.187","0.636736456448","16","8302797.115","-7892630.365","410166.75","-1009809.797"
"2_20_1.25_125_14.csv","2004/1/2","2007/12/31","383616.688","1264615.875","880999.187","0.636736456448","16","8302797.115","-7892630.365","410166.75","-1009809.797"
"2_20_1.25_125_16.csv","2004/1/2","2007/12/31","383616.688","1264615.875","880999.187","0.636736456448","16","8302797.115","-7892630.365","410166.75","-1009809.797"
"2_20_1.25_125_18.csv","2004/1/2","2007/12/31","383616.688","1264615.875","880999.187","0.636736456448","16","8302797.115","-7892630.365","410166.75","-1009809.797"
"2_20_1.25_125_20.csv","2004/1/2","2007/12/31","383616.688","1264615.875","880999.187","0.636736456448","16","8302797.115","-7892630.365","410166.75","-1009809.797"
"2_40_1.25_225_6.csv","2004/1/2","2007/12/31","-88805.039","1673180.875","1761985.914","1.93370901883","7","7461527.323","-6014254.776","1447272.547","-597923.344"
"2_20_1.25_175_8.csv","2004/1/2","2007/12/31","157001.125","1004811.75","847810.625","0.732765601243","17","7053126.156","-6605513.031","447613.125","-851479.453"
"2_20_1.25_175_10.csv","2004/1/2","2007/12/31","199357.578","1078205.625","878848.047","0.732765659817","17","7311333.103","-6847333.353","463999.75","-882651.126"
"2_20_1.25_175_12.csv","2004/1/2","2007/12/31","199357.578","1078205.625","878848.047","0.732765659817","17","7311333.103","-6847333.353","463999.75","-882651.126"
"2_20_1.25_175_14.csv","2004/1/2","2007/12/31","199357.578","1078205.625","878848.047","0.732765659817","17","7311333.103","-6847333.353","463999.75","-882651.126"
"2_20_1.25_175_16.csv","2004/1/2","2007/12/31","199357.578","1078205.625","878848.047","0.732765659817","17","7311333.103","-6847333.353","463999.75","-882651.126"
"2_20_1.25_175_18.csv","2004/1/2","2007/12/31","199357.578","1078205.625","878848.047","0.732765659817","17","7311333.103","-6847333.353","463999.75","-882651.126"
"2_20_1.25_175_20.csv","2004/1/2","2007/12/31","199357.578","1078205.625","878848.047","0.732765659817","17","7311333.103","-6847333.353","463999.75","-882651.126"
"2_40_1.25_150_4.csv","2004/1/2","2007/12/31","325628.25","2377132.0","2051503.75","1.54757093476","10","10459544.201","-8867984.889","1591559.312","-885875.484"
"2_40_1.25_175_4.csv","2004/1/2","2007/12/31","-107001.18","1401288.625","1508289.805","1.68901657115","8","6864928.688","-5666476.782","1198451.906","-596763.032"
"1_80_2_50_10.csv","2004/1/2","2007/12/31","-39851.645","131419.969","171271.614","0.17838036498","15","2319755.367","-2482159.086","-162403.719","-595102.751"
"1_80_2_50_12.csv","2004/1/2","2007/12/31","-39851.645","131419.969","171271.614","0.17838036498","15","2319755.367","-2482159.086","-162403.719","-595102.751"
"1_80_2_50_14.csv","2004/1/2","2007/12/31","-39851.645","131419.969","171271.614","0.17838036498","15","2319755.367","-2482159.086","-162403.719","-595102.751"
"1_80_2_50_16.csv","2004/1/2","2007/12/31","-39851.645","131419.969","171271.614","0.17838036498","15","2319755.367","-2482159.086","-162403.719","-595102.751"
"1_80_2_50_18.csv","2004/1/2","2007/12/31","-39851.645","131419.969","171271.614","0.17838036498","15","2319755.367","-2482159.086","-162403.719","-595102.751"
"1_80_2_50_20.csv","2004/1/2","2007/12/31","-39851.645","131419.969","171271.614","0.17838036498","15","2319755.367","-2482159.086","-162403.719","-595102.751"
"1_80_2_50_4.csv","2004/1/2","2007/12/31","-39851.645","131419.969","171271.614","0.17838036498","15","2319755.367","-2482159.086","-162403.719","-595102.751"
"1_80_2_50_6.csv","2004/1/2","2007/12/31","-39851.645","131419.969","171271.614","0.17838036498","15","2319755.367","-2482159.086","-162403.719","-595102.751"
"1_80_2_50_8.csv","2004/1/2","2007/12/31","-39851.645","131419.969","171271.614","0.17838036498","15","2319755.367","-2482159.086","-162403.719","-595102.751"
"1_80_2_75_10.csv","2004/1/2","2007/12/31","-39851.645","131419.969","171271.614","0.17838036498","15","2319755.367","-2482159.086","-162403.719","-595102.751"
"1_80_2_75_12.csv","2004/1/2","2007/12/31","-39851.645","131419.969","171271.614","0.17838036498","15","2319755.367","-2482159.086","-162403.719","-595102.751"
"1_80_2_75_14.csv","2004/1/2","2007/12/31","-39851.645","131419.969","171271.614","0.17838036498","15","2319755.367","-2482159.086","-162403.719","-595102.751"
"1_80_2_75_16.csv","2004/1/2","2007/12/31","-39851.645","131419.969","171271.614","0.17838036498","15","2319755.367","-2482159.086","-162403.719","-595102.751"
"1_80_2_75_18.csv","2004/1/2","2007/12/31","-39851.645","131419.969","171271.614","0.17838036498","15","2319755.367","-2482159.086","-162403.719","-595102.751"
"1_80_2_75_20.csv","2004/1/2","2007/12/31","-39851.645","131419.969","171271.614","0.17838036498","15","2319755.367","-2482159.086","-162403.719","-595102.751"
"1_80_2_75_4.csv","2004/1/2","2007/12/31","-39851.645","131419.969","171271.614","0.17838036498","15","2319755.367","-2482159.086","-162403.719","-595102.751"
"1_80_2_75_6.csv","2004/1/2","2007/12/31","-39851.645","131419.969","171271.614","0.17838036498","15","2319755.367","-2482159.086","-162403.719","-595102.751"
"1_80_2_75_8.csv","2004/1/2","2007/12/31","-39851.645","131419.969","171271.614","0.17838036498","15","2319755.367","-2482159.086","-162403.719","-595102.751"
"3_80_2_50_10.csv","2004/1/2","2007/12/31","-39851.645","131419.969","171271.614","0.17838036498","15","2319755.367","-2482159.086","-162403.719","-595102.751"
"3_80_2_50_12.csv","2004/1/2","2007/12/31","-39851.645","131419.969","171271.614","0.17838036498","15","2319755.367","-2482159.086","-162403.719","-595102.751"
"3_80_2_50_14.csv","2004/1/2","2007/12/31","-39851.645","131419.969","171271.614","0.17838036498","15","2319755.367","-2482159.086","-162403.719","-595102.751"
"3_80_2_50_16.csv","2004/1/2","2007/12/31","-39851.645","131419.969","171271.614","0.17838036498","15","2319755.367","-2482159.086","-162403.719","-595102.751"
"3_80_2_50_18.csv","2004/1/2","2007/12/31","-39851.645","131419.969","171271.614","0.17838036498","15","2319755.367","-2482159.086","-162403.719","-595102.751"
"3_80_2_50_20.csv","2004/1/2","2007/12/31","-39851.645","131419.969","171271.614","0.17838036498","15","2319755.367","-2482159.086","-162403.719","-595102.751"
"3_80_2_50_4.csv","2004/1/2","2007/12/31","-39851.645","131419.969","171271.614","0.17838036498","15","2319755.367","-2482159.086","-162403.719","-595102.751"
"3_80_2_50_6.csv","2004/1/2","2007/12/31","-39851.645","131419.969","171271.614","0.17838036498","15","2319755.367","-2482159.086","-162403.719","-595102.751"
"3_80_2_50_8.csv","2004/1/2","2007/12/31","-39851.645","131419.969","171271.614","0.17838036498","15","2319755.367","-2482159.086","-162403.719","-595102.751"
"3_80_2_75_10.csv","2004/1/2","2007/12/31","-39851.645","131419.969","171271.614","0.17838036498","15","2319755.367","-2482159.086","-162403.719","-595102.751"
"3_80_2_75_12.csv","2004/1/2","2007/12/31","-39851.645","131419.969","171271.614","0.17838036498","15","2319755.367","-2482159.086","-162403.719","-595102.751"
"3_80_2_75_14.csv","2004/1/2","2007/12/31","-39851.645","131419.969","171271.614","0.17838036498","15","2319755.367","-2482159.086","-162403.719","-595102.751"
"3_80_2_75_16.csv","2004/1/2","2007/12/31","-39851.645","131419.969","171271.614","0.17838036498","15","2319755.367","-2482159.086","-162403.719","-595102.751"
"3_80_2_75_18.csv","2004/1/2","2007/12/31","-39851.645","131419.969","171271.614","0.17838036498","15","2319755.367","-2482159.086","-162403.719","-595102.751"
"3_80_2_75_20.csv","2004/1/2","2007/12/31","-39851.645","131419.969","171271.614","0.17838036498","15","2319755.367","-2482159.086","-162403.719","-595102.751"
"3_80_2_75_4.csv","2004/1/2","2007/12/31","-39851.645","131419.969","171271.614","0.17838036498","15","2319755.367","-2482159.086","-162403.719","-595102.751"
"3_80_2_75_6.csv","2004/1/2","2007/12/31","-39851.645","131419.969","171271.614","0.17838036498","15","2319755.367","-2482159.086","-162403.719","-595102.751"
"3_80_2_75_8.csv","2004/1/2","2007/12/31","-39851.645","131419.969","171271.614","0.17838036498","15","2319755.367","-2482159.086","-162403.719","-595102.751"
"1_80_2_100_10.csv","2004/1/2","2007/12/31","-134201.547","20239.93","154441.477","0.178380403043","15","2091802.535","-2238247.511","-146444.976","-536624.469"
"1_80_2_100_12.csv","2004/1/2","2007/12/31","-134201.547","20239.93","154441.477","0.178380403043","15","2091802.535","-2238247.511","-146444.976","-536624.469"
"1_80_2_100_14.csv","2004/1/2","2007/12/31","-134201.547","20239.93","154441.477","0.178380403043","15","2091802.535","-2238247.511","-146444.976","-536624.469"
"1_80_2_100_16.csv","2004/1/2","2007/12/31","-134201.547","20239.93","154441.477","0.178380403043","15","2091802.535","-2238247.511","-146444.976","-536624.469"
"1_80_2_100_18.csv","2004/1/2","2007/12/31","-134201.547","20239.93","154441.477","0.178380403043","15","2091802.535","-2238247.511","-146444.976","-536624.469"
"1_80_2_100_20.csv","2004/1/2","2007/12/31","-134201.547","20239.93","154441.477","0.178380403043","15","2091802.535","-2238247.511","-146444.976","-536624.469"
"1_80_2_100_4.csv","2004/1/2","2007/12/31","-134201.547","20239.93","154441.477","0.178380403043","15","2091802.535","-2238247.511","-146444.976","-536624.469"
"1_80_2_100_6.csv","2004/1/2","2007/12/31","-134201.547","20239.93","154441.477","0.178380403043","15","2091802.535","-2238247.511","-146444.976","-536624.469"
"1_80_2_100_8.csv","2004/1/2","2007/12/31","-134201.547","20239.93","154441.477","0.178380403043","15","2091802.535","-2238247.511","-146444.976","-536624.469"
"3_80_2_100_10.csv","2004/1/2","2007/12/31","-134201.547","20239.93","154441.477","0.178380403043","15","2091802.535","-2238247.511","-146444.976","-536624.469"
"3_80_2_100_12.csv","2004/1/2","2007/12/31","-134201.547","20239.93","154441.477","0.178380403043","15","2091802.535","-2238247.511","-146444.976","-536624.469"
"3_80_2_100_14.csv","2004/1/2","2007/12/31","-134201.547","20239.93","154441.477","0.178380403043","15","2091802.535","-2238247.511","-146444.976","-536624.469"
"3_80_2_100_16.csv","2004/1/2","2007/12/31","-134201.547","20239.93","154441.477","0.178380403043","15","2091802.535","-2238247.511","-146444.976","-536624.469"
"3_80_2_100_18.csv","2004/1/2","2007/12/31","-134201.547","20239.93","154441.477","0.178380403043","15","2091802.535","-2238247.511","-146444.976","-536624.469"
"3_80_2_100_20.csv","2004/1/2","2007/12/31","-134201.547","20239.93","154441.477","0.178380403043","15","2091802.535","-2238247.511","-146444.976","-536624.469"
"3_80_2_100_4.csv","2004/1/2","2007/12/31","-134201.547","20239.93","154441.477","0.178380403043","15","2091802.535","-2238247.511","-146444.976","-536624.469"
"3_80_2_100_6.csv","2004/1/2","2007/12/31","-134201.547","20239.93","154441.477","0.178380403043","15","2091802.535","-2238247.511","-146444.976","-536624.469"
"3_80_2_100_8.csv","2004/1/2","2007/12/31","-134201.547","20239.93","154441.477","0.178380403043","15","2091802.535","-2238247.511","-146444.976","-536624.469"
"1_80_2_125_10.csv","2004/1/2","2007/12/31","-198934.188","-56039.703","142894.485","0.178380456212","15","1935406.041","-2070901.814","-135495.773","-496502.976"
"1_80_2_125_12.csv","2004/1/2","2007/12/31","-198934.188","-56039.703","142894.485","0.178380456212","15","1935406.041","-2070901.814","-135495.773","-496502.976"
"1_80_2_125_14.csv","2004/1/2","2007/12/31","-198934.188","-56039.703","142894.485","0.178380456212","15","1935406.041","-2070901.814","-135495.773","-496502.976"
"1_80_2_125_16.csv","2004/1/2","2007/12/31","-198934.188","-56039.703","142894.485","0.178380456212","15","1935406.041","-2070901.814","-135495.773","-496502.976"
"1_80_2_125_18.csv","2004/1/2","2007/12/31","-198934.188","-56039.703","142894.485","0.178380456212","15","1935406.041","-2070901.814","-135495.773","-496502.976"
"1_80_2_125_20.csv","2004/1/2","2007/12/31","-198934.188","-56039.703","142894.485","0.178380456212","15","1935406.041","-2070901.814","-135495.773","-496502.976"
"1_80_2_125_4.csv","2004/1/2","2007/12/31","-198934.188","-56039.703","142894.485","0.178380456212","15","1935406.041","-2070901.814","-135495.773","-496502.976"
"1_80_2_125_6.csv","2004/1/2","2007/12/31","-198934.188","-56039.703","142894.485","0.178380456212","15","1935406.041","-2070901.814","-135495.773","-496502.976"
"1_80_2_125_8.csv","2004/1/2","2007/12/31","-198934.188","-56039.703","142894.485","0.178380456212","15","1935406.041","-2070901.814","-135495.773","-496502.976"
"3_80_2_125_10.csv","2004/1/2","2007/12/31","-198934.188","-56039.703","142894.485","0.178380456212","15","1935406.041","-2070901.814","-135495.773","-496502.976"
"3_80_2_125_12.csv","2004/1/2","2007/12/31","-198934.188","-56039.703","142894.485","0.178380456212","15","1935406.041","-2070901.814","-135495.773","-496502.976"
"3_80_2_125_14.csv","2004/1/2","2007/12/31","-198934.188","-56039.703","142894.485","0.178380456212","15","1935406.041","-2070901.814","-135495.773","-496502.976"
"3_80_2_125_16.csv","2004/1/2","2007/12/31","-198934.188","-56039.703","142894.485","0.178380456212","15","1935406.041","-2070901.814","-135495.773","-496502.976"
"3_80_2_125_18.csv","2004/1/2","2007/12/31","-198934.188","-56039.703","142894.485","0.178380456212","15","1935406.041","-2070901.814","-135495.773","-496502.976"
"3_80_2_125_20.csv","2004/1/2","2007/12/31","-198934.188","-56039.703","142894.485","0.178380456212","15","1935406.041","-2070901.814","-135495.773","-496502.976"
"3_80_2_125_4.csv","2004/1/2","2007/12/31","-198934.188","-56039.703","142894.485","0.178380456212","15","1935406.041","-2070901.814","-135495.773","-496502.976"
"3_80_2_125_6.csv","2004/1/2","2007/12/31","-198934.188","-56039.703","142894.485","0.178380456212","15","1935406.041","-2070901.814","-135495.773","-496502.976"
"3_80_2_125_8.csv","2004/1/2","2007/12/31","-198934.188","-56039.703","142894.485","0.178380456212","15","1935406.041","-2070901.814","-135495.773","-496502.976"
"1_80_2_200_10.csv","2004/1/2","2007/12/31","53718.754","292362.438","238643.684","0.226477590053","14","2593440.021","-2720989.771","-127549.75","-621799.563"
"1_80_2_200_12.csv","2004/1/2","2007/12/31","53718.754","292362.438","238643.684","0.226477590053","14","2593440.021","-2720989.771","-127549.75","-621799.563"
"1_80_2_200_14.csv","2004/1/2","2007/12/31","53718.754","292362.438","238643.684","0.226477590053","14","2593440.021","-2720989.771","-127549.75","-621799.563"
"1_80_2_200_16.csv","2004/1/2","2007/12/31","53718.754","292362.438","238643.684","0.226477590053","14","2593440.021","-2720989.771","-127549.75","-621799.563"
"1_80_2_200_18.csv","2004/1/2","2007/12/31","53718.754","292362.438","238643.684","0.226477590053","14","2593440.021","-2720989.771","-127549.75","-621799.563"
"1_80_2_200_20.csv","2004/1/2","2007/12/31","53718.754","292362.438","238643.684","0.226477590053","14","2593440.021","-2720989.771","-127549.75","-621799.563"
"1_80_2_200_4.csv","2004/1/2","2007/12/31","53718.754","292362.438","238643.684","0.226477590053","14","2593440.021","-2720989.771","-127549.75","-621799.563"
"1_80_2_200_6.csv","2004/1/2","2007/12/31","53718.754","292362.438","238643.684","0.226477590053","14","2593440.021","-2720989.771","-127549.75","-621799.563"
"1_80_2_200_8.csv","2004/1/2","2007/12/31","53718.754","292362.438","238643.684","0.226477590053","14","2593440.021","-2720989.771","-127549.75","-621799.563"
"3_80_2_200_10.csv","2004/1/2","2007/12/31","53718.754","292362.438","238643.684","0.226477590053","14","2593440.021","-2720989.771","-127549.75","-621799.563"
"3_80_2_200_12.csv","2004/1/2","2007/12/31","53718.754","292362.438","238643.684","0.226477590053","14","2593440.021","-2720989.771","-127549.75","-621799.563"
"3_80_2_200_14.csv","2004/1/2","2007/12/31","53718.754","292362.438","238643.684","0.226477590053","14","2593440.021","-2720989.771","-127549.75","-621799.563"
"3_80_2_200_16.csv","2004/1/2","2007/12/31","53718.754","292362.438","238643.684","0.226477590053","14","2593440.021","-2720989.771","-127549.75","-621799.563"
"3_80_2_200_18.csv","2004/1/2","2007/12/31","53718.754","292362.438","238643.684","0.226477590053","14","2593440.021","-2720989.771","-127549.75","-621799.563"
"3_80_2_200_20.csv","2004/1/2","2007/12/31","53718.754","292362.438","238643.684","0.226477590053","14","2593440.021","-2720989.771","-127549.75","-621799.563"
"3_80_2_200_4.csv","2004/1/2","2007/12/31","53718.754","292362.438","238643.684","0.226477590053","14","2593440.021","-2720989.771","-127549.75","-621799.563"
"3_80_2_200_6.csv","2004/1/2","2007/12/31","53718.754","292362.438","238643.684","0.226477590053","14","2593440.021","-2720989.771","-127549.75","-621799.563"
"3_80_2_200_8.csv","2004/1/2","2007/12/31","53718.754","292362.438","238643.684","0.226477590053","14","2593440.021","-2720989.771","-127549.75","-621799.563"
"1_80_2_150_10.csv","2004/1/2","2007/12/31","-132319.438","22457.779","154777.217","0.178380412998","15","2096350.154","-2243113.5","-146763.346","-537791.063"
"1_80_2_150_12.csv","2004/1/2","2007/12/31","-132319.438","22457.779","154777.217","0.178380412998","15","2096350.154","-2243113.5","-146763.346","-537791.063"
"1_80_2_150_14.csv","2004/1/2","2007/12/31","-132319.438","22457.779","154777.217","0.178380412998","15","2096350.154","-2243113.5","-146763.346","-537791.063"
"1_80_2_150_16.csv","2004/1/2","2007/12/31","-132319.438","22457.779","154777.217","0.178380412998","15","2096350.154","-2243113.5","-146763.346","-537791.063"
"1_80_2_150_18.csv","2004/1/2","2007/12/31","-132319.438","22457.779","154777.217","0.178380412998","15","2096350.154","-2243113.5","-146763.346","-537791.063"
"1_80_2_150_20.csv","2004/1/2","2007/12/31","-132319.438","22457.779","154777.217","0.178380412998","15","2096350.154","-2243113.5","-146763.346","-537791.063"
"1_80_2_150_4.csv","2004/1/2","2007/12/31","-132319.438","22457.779","154777.217","0.178380412998","15","2096350.154","-2243113.5","-146763.346","-537791.063"
"1_80_2_150_6.csv","2004/1/2","2007/12/31","-132319.438","22457.779","154777.217","0.178380412998","15","2096350.154","-2243113.5","-146763.346","-537791.063"
"1_80_2_150_8.csv","2004/1/2","2007/12/31","-132319.438","22457.779","154777.217","0.178380412998","15","2096350.154","-2243113.5","-146763.346","-537791.063"
"3_80_2_150_10.csv","2004/1/2","2007/12/31","-132319.438","22457.779","154777.217","0.178380412998","15","2096350.154","-2243113.5","-146763.346","-537791.063"
"3_80_2_150_12.csv","2004/1/2","2007/12/31","-132319.438","22457.779","154777.217","0.178380412998","15","2096350.154","-2243113.5","-146763.346","-537791.063"
"3_80_2_150_14.csv","2004/1/2","2007/12/31","-132319.438","22457.779","154777.217","0.178380412998","15","2096350.154","-2243113.5","-146763.346","-537791.063"
"3_80_2_150_16.csv","2004/1/2","2007/12/31","-132319.438","22457.779","154777.217","0.178380412998","15","2096350.154","-2243113.5","-146763.346","-537791.063"
"3_80_2_150_18.csv","2004/1/2","2007/12/31","-132319.438","22457.779","154777.217","0.178380412998","15","2096350.154","-2243113.5","-146763.346","-537791.063"
"3_80_2_150_20.csv","2004/1/2","2007/12/31","-132319.438","22457.779","154777.217","0.178380412998","15","2096350.154","-2243113.5","-146763.346","-537791.063"
"3_80_2_150_4.csv","2004/1/2","2007/12/31","-132319.438","22457.779","154777.217","0.178380412998","15","2096350.154","-2243113.5","-146763.346","-537791.063"
"3_80_2_150_6.csv","2004/1/2","2007/12/31","-132319.438","22457.779","154777.217","0.178380412998","15","2096350.154","-2243113.5","-146763.346","-537791.063"
"3_80_2_150_8.csv","2004/1/2","2007/12/31","-132319.438","22457.779","154777.217","0.178380412998","15","2096350.154","-2243113.5","-146763.346","-537791.063"
"1_80_2_175_10.csv","2004/1/2","2007/12/31","-24389.424","196564.563","220953.987","0.226477646343","14","2401198.305","-2519293.305","-118095.0","-575707.985"
"1_80_2_175_12.csv","2004/1/2","2007/12/31","-24389.424","196564.563","220953.987","0.226477646343","14","2401198.305","-2519293.305","-118095.0","-575707.985"
"1_80_2_175_14.csv","2004/1/2","2007/12/31","-24389.424","196564.563","220953.987","0.226477646343","14","2401198.305","-2519293.305","-118095.0","-575707.985"
"1_80_2_175_16.csv","2004/1/2","2007/12/31","-24389.424","196564.563","220953.987","0.226477646343","14","2401198.305","-2519293.305","-118095.0","-575707.985"
"1_80_2_175_18.csv","2004/1/2","2007/12/31","-24389.424","196564.563","220953.987","0.226477646343","14","2401198.305","-2519293.305","-118095.0","-575707.985"
"1_80_2_175_20.csv","2004/1/2","2007/12/31","-24389.424","196564.563","220953.987","0.226477646343","14","2401198.305","-2519293.305","-118095.0","-575707.985"
"1_80_2_175_4.csv","2004/1/2","2007/12/31","-24389.424","196564.563","220953.987","0.226477646343","14","2401198.305","-2519293.305","-118095.0","-575707.985"
"1_80_2_175_6.csv","2004/1/2","2007/12/31","-24389.424","196564.563","220953.987","0.226477646343","14","2401198.305","-2519293.305","-118095.0","-575707.985"
"1_80_2_175_8.csv","2004/1/2","2007/12/31","-24389.424","196564.563","220953.987","0.226477646343","14","2401198.305","-2519293.305","-118095.0","-575707.985"
"3_80_2_175_10.csv","2004/1/2","2007/12/31","-24389.424","196564.563","220953.987","0.226477646343","14","2401198.305","-2519293.305","-118095.0","-575707.985"
"3_80_2_175_12.csv","2004/1/2","2007/12/31","-24389.424","196564.563","220953.987","0.226477646343","14","2401198.305","-2519293.305","-118095.0","-575707.985"
"3_80_2_175_14.csv","2004/1/2","2007/12/31","-24389.424","196564.563","220953.987","0.226477646343","14","2401198.305","-2519293.305","-118095.0","-575707.985"
"3_80_2_175_16.csv","2004/1/2","2007/12/31","-24389.424","196564.563","220953.987","0.226477646343","14","2401198.305","-2519293.305","-118095.0","-575707.985"
"3_80_2_175_18.csv","2004/1/2","2007/12/31","-24389.424","196564.563","220953.987","0.226477646343","14","2401198.305","-2519293.305","-118095.0","-575707.985"
"3_80_2_175_20.csv","2004/1/2","2007/12/31","-24389.424","196564.563","220953.987","0.226477646343","14","2401198.305","-2519293.305","-118095.0","-575707.985"
"3_80_2_175_4.csv","2004/1/2","2007/12/31","-24389.424","196564.563","220953.987","0.226477646343","14","2401198.305","-2519293.305","-118095.0","-575707.985"
"3_80_2_175_6.csv","2004/1/2","2007/12/31","-24389.424","196564.563","220953.987","0.226477646343","14","2401198.305","-2519293.305","-118095.0","-575707.985"
"3_80_2_175_8.csv","2004/1/2","2007/12/31","-24389.424","196564.563","220953.987","0.226477646343","14","2401198.305","-2519293.305","-118095.0","-575707.985"
"1_80_1.5_200_10.csv","2004/1/2","2007/12/31","193875.547","398876.781","205001.234","0.171710723547","25","4947602.128","-5158140.847","-210538.719","-805988.547"
"1_80_1.5_200_12.csv","2004/1/2","2007/12/31","193875.547","398876.781","205001.234","0.171710723547","25","4947602.128","-5158140.847","-210538.719","-805988.547"
"1_80_1.5_200_14.csv","2004/1/2","2007/12/31","193875.547","398876.781","205001.234","0.171710723547","25","4947602.128","-5158140.847","-210538.719","-805988.547"
"1_80_1.5_200_16.csv","2004/1/2","2007/12/31","193875.547","398876.781","205001.234","0.171710723547","25","4947602.128","-5158140.847","-210538.719","-805988.547"
"1_80_1.5_200_18.csv","2004/1/2","2007/12/31","193875.547","398876.781","205001.234","0.171710723547","25","4947602.128","-5158140.847","-210538.719","-805988.547"
"1_80_1.5_200_20.csv","2004/1/2","2007/12/31","193875.547","398876.781","205001.234","0.171710723547","25","4947602.128","-5158140.847","-210538.719","-805988.547"
"1_80_1.5_200_4.csv","2004/1/2","2007/12/31","193875.547","398876.781","205001.234","0.171710723547","25","4947602.128","-5158140.847","-210538.719","-805988.547"
"1_80_1.5_200_6.csv","2004/1/2","2007/12/31","193875.547","398876.781","205001.234","0.171710723547","25","4947602.128","-5158140.847","-210538.719","-805988.547"
"1_80_1.5_200_8.csv","2004/1/2","2007/12/31","193875.547","398876.781","205001.234","0.171710723547","25","4947602.128","-5158140.847","-210538.719","-805988.547"
"3_80_1.5_200_10.csv","2004/1/2","2007/12/31","193875.547","398876.781","205001.234","0.171710723547","25","4947602.128","-5158140.847","-210538.719","-805988.547"
"3_80_1.5_200_12.csv","2004/1/2","2007/12/31","193875.547","398876.781","205001.234","0.171710723547","25","4947602.128","-5158140.847","-210538.719","-805988.547"
"3_80_1.5_200_14.csv","2004/1/2","2007/12/31","193875.547","398876.781","205001.234","0.171710723547","25","4947602.128","-5158140.847","-210538.719","-805988.547"
"3_80_1.5_200_16.csv","2004/1/2","2007/12/31","193875.547","398876.781","205001.234","0.171710723547","25","4947602.128","-5158140.847","-210538.719","-805988.547"
"3_80_1.5_200_18.csv","2004/1/2","2007/12/31","193875.547","398876.781","205001.234","0.171710723547","25","4947602.128","-5158140.847","-210538.719","-805988.547"
"3_80_1.5_200_20.csv","2004/1/2","2007/12/31","193875.547","398876.781","205001.234","0.171710723547","25","4947602.128","-5158140.847","-210538.719","-805988.547"
"3_80_1.5_200_4.csv","2004/1/2","2007/12/31","193875.547","398876.781","205001.234","0.171710723547","25","4947602.128","-5158140.847","-210538.719","-805988.547"
"3_80_1.5_200_6.csv","2004/1/2","2007/12/31","193875.547","398876.781","205001.234","0.171710723547","25","4947602.128","-5158140.847","-210538.719","-805988.547"
"3_80_1.5_200_8.csv","2004/1/2","2007/12/31","193875.547","398876.781","205001.234","0.171710723547","25","4947602.128","-5158140.847","-210538.719","-805988.547"
"1_80_1.5_225_10.csv","2004/1/2","2007/12/31","226180.406","436728.75","210548.344","0.171710739276","25","5081478.616","-5297714.366","-216235.75","-827797.766"
"1_80_1.5_225_12.csv","2004/1/2","2007/12/31","226180.406","436728.75","210548.344","0.171710739276","25","5081478.616","-5297714.366","-216235.75","-827797.766"
"1_80_1.5_225_14.csv","2004/1/2","2007/12/31","226180.406","436728.75","210548.344","0.171710739276","25","5081478.616","-5297714.366","-216235.75","-827797.766"
"1_80_1.5_225_16.csv","2004/1/2","2007/12/31","226180.406","436728.75","210548.344","0.171710739276","25","5081478.616","-5297714.366","-216235.75","-827797.766"
"1_80_1.5_225_18.csv","2004/1/2","2007/12/31","226180.406","436728.75","210548.344","0.171710739276","25","5081478.616","-5297714.366","-216235.75","-827797.766"
"1_80_1.5_225_20.csv","2004/1/2","2007/12/31","226180.406","436728.75","210548.344","0.171710739276","25","5081478.616","-5297714.366","-216235.75","-827797.766"
"1_80_1.5_225_4.csv","2004/1/2","2007/12/31","226180.406","436728.75","210548.344","0.171710739276","25","5081478.616","-5297714.366","-216235.75","-827797.766"
"1_80_1.5_225_6.csv","2004/1/2","2007/12/31","226180.406","436728.75","210548.344","0.171710739276","25","5081478.616","-5297714.366","-216235.75","-827797.766"
"1_80_1.5_225_8.csv","2004/1/2","2007/12/31","226180.406","436728.75","210548.344","0.171710739276","25","5081478.616","-5297714.366","-216235.75","-827797.766"
"3_80_1.5_225_10.csv","2004/1/2","2007/12/31","226180.406","436728.75","210548.344","0.171710739276","25","5081478.616","-5297714.366","-216235.75","-827797.766"
"3_80_1.5_225_12.csv","2004/1/2","2007/12/31","226180.406","436728.75","210548.344","0.171710739276","25","5081478.616","-5297714.366","-216235.75","-827797.766"
"3_80_1.5_225_14.csv","2004/1/2","2007/12/31","226180.406","436728.75","210548.344","0.171710739276","25","5081478.616","-5297714.366","-216235.75","-827797.766"
"3_80_1.5_225_16.csv","2004/1/2","2007/12/31","226180.406","436728.75","210548.344","0.171710739276","25","5081478.616","-5297714.366","-216235.75","-827797.766"
"3_80_1.5_225_18.csv","2004/1/2","2007/12/31","226180.406","436728.75","210548.344","0.171710739276","25","5081478.616","-5297714.366","-216235.75","-827797.766"
"3_80_1.5_225_20.csv","2004/1/2","2007/12/31","226180.406","436728.75","210548.344","0.171710739276","25","5081478.616","-5297714.366","-216235.75","-827797.766"
"3_80_1.5_225_4.csv","2004/1/2","2007/12/31","226180.406","436728.75","210548.344","0.171710739276","25","5081478.616","-5297714.366","-216235.75","-827797.766"
"3_80_1.5_225_6.csv","2004/1/2","2007/12/31","226180.406","436728.75","210548.344","0.171710739276","25","5081478.616","-5297714.366","-216235.75","-827797.766"
"3_80_1.5_225_8.csv","2004/1/2","2007/12/31","226180.406","436728.75","210548.344","0.171710739276","25","5081478.616","-5297714.366","-216235.75","-827797.766"
"1_40_1.25_200_10.csv","2004/1/2","2007/12/31","131711.219","758763.063","627051.844","0.554074072495","24","4714020.077","-4486452.139","227567.938","-648951.633"
"1_40_1.25_200_12.csv","2004/1/2","2007/12/31","131711.219","758763.063","627051.844","0.554074072495","24","4714020.077","-4486452.139","227567.938","-648951.633"
"1_40_1.25_200_14.csv","2004/1/2","2007/12/31","131711.219","758763.063","627051.844","0.554074072495","24","4714020.077","-4486452.139","227567.938","-648951.633"
"1_40_1.25_200_16.csv","2004/1/2","2007/12/31","131711.219","758763.063","627051.844","0.554074072495","24","4714020.077","-4486452.139","227567.938","-648951.633"
"1_40_1.25_200_18.csv","2004/1/2","2007/12/31","131711.219","758763.063","627051.844","0.554074072495","24","4714020.077","-4486452.139","227567.938","-648951.633"
"1_40_1.25_200_20.csv","2004/1/2","2007/12/31","131711.219","758763.063","627051.844","0.554074072495","24","4714020.077","-4486452.139","227567.938","-648951.633"
"1_40_1.25_200_4.csv","2004/1/2","2007/12/31","131711.219","758763.063","627051.844","0.554074072495","24","4714020.077","-4486452.139","227567.938","-648951.633"
"1_40_1.25_200_6.csv","2004/1/2","2007/12/31","131711.219","758763.063","627051.844","0.554074072495","24","4714020.077","-4486452.139","227567.938","-648951.633"
"1_40_1.25_200_8.csv","2004/1/2","2007/12/31","131711.219","758763.063","627051.844","0.554074072495","24","4714020.077","-4486452.139","227567.938","-648951.633"
"3_40_1.25_200_10.csv","2004/1/2","2007/12/31","131711.219","758763.063","627051.844","0.554074072495","24","4714020.077","-4486452.139","227567.938","-648951.633"
"3_40_1.25_200_12.csv","2004/1/2","2007/12/31","131711.219","758763.063","627051.844","0.554074072495","24","4714020.077","-4486452.139","227567.938","-648951.633"
"3_40_1.25_200_14.csv","2004/1/2","2007/12/31","131711.219","758763.063","627051.844","0.554074072495","24","4714020.077","-4486452.139","227567.938","-648951.633"
"3_40_1.25_200_16.csv","2004/1/2","2007/12/31","131711.219","758763.063","627051.844","0.554074072495","24","4714020.077","-4486452.139","227567.938","-648951.633"
"3_40_1.25_200_18.csv","2004/1/2","2007/12/31","131711.219","758763.063","627051.844","0.554074072495","24","4714020.077","-4486452.139","227567.938","-648951.633"
"3_40_1.25_200_20.csv","2004/1/2","2007/12/31","131711.219","758763.063","627051.844","0.554074072495","24","4714020.077","-4486452.139","227567.938","-648951.633"
"3_40_1.25_200_4.csv","2004/1/2","2007/12/31","131711.219","758763.063","627051.844","0.554074072495","24","4714020.077","-4486452.139","227567.938","-648951.633"
"3_40_1.25_200_6.csv","2004/1/2","2007/12/31","131711.219","758763.063","627051.844","0.554074072495","24","4714020.077","-4486452.139","227567.938","-648951.633"
"3_40_1.25_200_8.csv","2004/1/2","2007/12/31","131711.219","758763.063","627051.844","0.554074072495","24","4714020.077","-4486452.139","227567.938","-648951.633"
"2_20_1.25_150_6.csv","2004/1/2","2007/12/31","77980.789","720307.063","642326.274","0.595860594692","18","6089728.998","-5828786.591","260942.407","-782692.141"
"1_80_1.5_150_10.csv","2004/1/2","2007/12/31","254076.672","360526.406","106449.734","0.0848829552265","28","5255557.215","-5593629.309","-338072.094","-966275.376"
"1_80_1.5_150_12.csv","2004/1/2","2007/12/31","254076.672","360526.406","106449.734","0.0848829552265","28","5255557.215","-5593629.309","-338072.094","-966275.376"
"1_80_1.5_150_14.csv","2004/1/2","2007/12/31","254076.672","360526.406","106449.734","0.0848829552265","28","5255557.215","-5593629.309","-338072.094","-966275.376"
"1_80_1.5_150_16.csv","2004/1/2","2007/12/31","254076.672","360526.406","106449.734","0.0848829552265","28","5255557.215","-5593629.309","-338072.094","-966275.376"
"1_80_1.5_150_18.csv","2004/1/2","2007/12/31","254076.672","360526.406","106449.734","0.0848829552265","28","5255557.215","-5593629.309","-338072.094","-966275.376"
"1_80_1.5_150_20.csv","2004/1/2","2007/12/31","254076.672","360526.406","106449.734","0.0848829552265","28","5255557.215","-5593629.309","-338072.094","-966275.376"
"1_80_1.5_150_4.csv","2004/1/2","2007/12/31","254076.672","360526.406","106449.734","0.0848829552265","28","5255557.215","-5593629.309","-338072.094","-966275.376"
"1_80_1.5_150_6.csv","2004/1/2","2007/12/31","254076.672","360526.406","106449.734","0.0848829552265","28","5255557.215","-5593629.309","-338072.094","-966275.376"
"1_80_1.5_150_8.csv","2004/1/2","2007/12/31","254076.672","360526.406","106449.734","0.0848829552265","28","5255557.215","-5593629.309","-338072.094","-966275.376"
"3_80_1.5_150_10.csv","2004/1/2","2007/12/31","254076.672","360526.406","106449.734","0.0848829552265","28","5255557.215","-5593629.309","-338072.094","-966275.376"
"3_80_1.5_150_12.csv","2004/1/2","2007/12/31","254076.672","360526.406","106449.734","0.0848829552265","28","5255557.215","-5593629.309","-338072.094","-966275.376"
"3_80_1.5_150_14.csv","2004/1/2","2007/12/31","254076.672","360526.406","106449.734","0.0848829552265","28","5255557.215","-5593629.309","-338072.094","-966275.376"
"3_80_1.5_150_16.csv","2004/1/2","2007/12/31","254076.672","360526.406","106449.734","0.0848829552265","28","5255557.215","-5593629.309","-338072.094","-966275.376"
"3_80_1.5_150_18.csv","2004/1/2","2007/12/31","254076.672","360526.406","106449.734","0.0848829552265","28","5255557.215","-5593629.309","-338072.094","-966275.376"
"3_80_1.5_150_20.csv","2004/1/2","2007/12/31","254076.672","360526.406","106449.734","0.0848829552265","28","5255557.215","-5593629.309","-338072.094","-966275.376"
"3_80_1.5_150_4.csv","2004/1/2","2007/12/31","254076.672","360526.406","106449.734","0.0848829552265","28","5255557.215","-5593629.309","-338072.094","-966275.376"
"3_80_1.5_150_6.csv","2004/1/2","2007/12/31","254076.672","360526.406","106449.734","0.0848829552265","28","5255557.215","-5593629.309","-338072.094","-966275.376"
"3_80_1.5_150_8.csv","2004/1/2","2007/12/31","254076.672","360526.406","106449.734","0.0848829552265","28","5255557.215","-5593629.309","-338072.094","-966275.376"
"1_80_1.5_125_10.csv","2004/1/2","2007/12/31","185727.109","286375.125","100648.016","0.0848829509219","28","4969119.672","-5288766.235","-319646.563","-913611.625"
"1_80_1.5_125_12.csv","2004/1/2","2007/12/31","185727.109","286375.125","100648.016","0.0848829509219","28","4969119.672","-5288766.235","-319646.563","-913611.625"
"1_80_1.5_125_14.csv","2004/1/2","2007/12/31","185727.109","286375.125","100648.016","0.0848829509219","28","4969119.672","-5288766.235","-319646.563","-913611.625"
"1_80_1.5_125_16.csv","2004/1/2","2007/12/31","185727.109","286375.125","100648.016","0.0848829509219","28","4969119.672","-5288766.235","-319646.563","-913611.625"
"1_80_1.5_125_18.csv","2004/1/2","2007/12/31","185727.109","286375.125","100648.016","0.0848829509219","28","4969119.672","-5288766.235","-319646.563","-913611.625"
"1_80_1.5_125_20.csv","2004/1/2","2007/12/31","185727.109","286375.125","100648.016","0.0848829509219","28","4969119.672","-5288766.235","-319646.563","-913611.625"
"1_80_1.5_125_4.csv","2004/1/2","2007/12/31","185727.109","286375.125","100648.016","0.0848829509219","28","4969119.672","-5288766.235","-319646.563","-913611.625"
"1_80_1.5_125_6.csv","2004/1/2","2007/12/31","185727.109","286375.125","100648.016","0.0848829509219","28","4969119.672","-5288766.235","-319646.563","-913611.625"
"1_80_1.5_125_8.csv","2004/1/2","2007/12/31","185727.109","286375.125","100648.016","0.0848829509219","28","4969119.672","-5288766.235","-319646.563","-913611.625"
"3_80_1.5_125_10.csv","2004/1/2","2007/12/31","185727.109","286375.125","100648.016","0.0848829509219","28","4969119.672","-5288766.235","-319646.563","-913611.625"
"3_80_1.5_125_12.csv","2004/1/2","2007/12/31","185727.109","286375.125","100648.016","0.0848829509219","28","4969119.672","-5288766.235","-319646.563","-913611.625"
"3_80_1.5_125_14.csv","2004/1/2","2007/12/31","185727.109","286375.125","100648.016","0.0848829509219","28","4969119.672","-5288766.235","-319646.563","-913611.625"
"3_80_1.5_125_16.csv","2004/1/2","2007/12/31","185727.109","286375.125","100648.016","0.0848829509219","28","4969119.672","-5288766.235","-319646.563","-913611.625"
"3_80_1.5_125_18.csv","2004/1/2","2007/12/31","185727.109","286375.125","100648.016","0.0848829509219","28","4969119.672","-5288766.235","-319646.563","-913611.625"
"3_80_1.5_125_20.csv","2004/1/2","2007/12/31","185727.109","286375.125","100648.016","0.0848829509219","28","4969119.672","-5288766.235","-319646.563","-913611.625"
"3_80_1.5_125_4.csv","2004/1/2","2007/12/31","185727.109","286375.125","100648.016","0.0848829509219","28","4969119.672","-5288766.235","-319646.563","-913611.625"
"3_80_1.5_125_6.csv","2004/1/2","2007/12/31","185727.109","286375.125","100648.016","0.0848829509219","28","4969119.672","-5288766.235","-319646.563","-913611.625"
"3_80_1.5_125_8.csv","2004/1/2","2007/12/31","185727.109","286375.125","100648.016","0.0848829509219","28","4969119.672","-5288766.235","-319646.563","-913611.625"
"1_80_1.5_50_10.csv","2004/1/2","2007/12/31","683907.75","826842.813","142935.063","0.0848829533566","28","7056884.183","-7510829.745","-453945.562","-1297463.711"
"1_80_1.5_50_12.csv","2004/1/2","2007/12/31","683907.75","826842.813","142935.063","0.0848829533566","28","7056884.183","-7510829.745","-453945.562","-1297463.711"
"1_80_1.5_50_14.csv","2004/1/2","2007/12/31","683907.75","826842.813","142935.063","0.0848829533566","28","7056884.183","-7510829.745","-453945.562","-1297463.711"
"1_80_1.5_50_16.csv","2004/1/2","2007/12/31","683907.75","826842.813","142935.063","0.0848829533566","28","7056884.183","-7510829.745","-453945.562","-1297463.711"
"1_80_1.5_50_18.csv","2004/1/2","2007/12/31","683907.75","826842.813","142935.063","0.0848829533566","28","7056884.183","-7510829.745","-453945.562","-1297463.711"
"1_80_1.5_50_20.csv","2004/1/2","2007/12/31","683907.75","826842.813","142935.063","0.0848829533566","28","7056884.183","-7510829.745","-453945.562","-1297463.711"
"1_80_1.5_50_4.csv","2004/1/2","2007/12/31","683907.75","826842.813","142935.063","0.0848829533566","28","7056884.183","-7510829.745","-453945.562","-1297463.711"
"1_80_1.5_50_6.csv","2004/1/2","2007/12/31","683907.75","826842.813","142935.063","0.0848829533566","28","7056884.183","-7510829.745","-453945.562","-1297463.711"
"1_80_1.5_50_8.csv","2004/1/2","2007/12/31","683907.75","826842.813","142935.063","0.0848829533566","28","7056884.183","-7510829.745","-453945.562","-1297463.711"
"1_80_1.5_75_10.csv","2004/1/2","2007/12/31","683907.75","826842.813","142935.063","0.0848829533566","28","7056884.183","-7510829.745","-453945.562","-1297463.711"
"1_80_1.5_75_12.csv","2004/1/2","2007/12/31","683907.75","826842.813","142935.063","0.0848829533566","28","7056884.183","-7510829.745","-453945.562","-1297463.711"
"1_80_1.5_75_14.csv","2004/1/2","2007/12/31","683907.75","826842.813","142935.063","0.0848829533566","28","7056884.183","-7510829.745","-453945.562","-1297463.711"
"1_80_1.5_75_16.csv","2004/1/2","2007/12/31","683907.75","826842.813","142935.063","0.0848829533566","28","7056884.183","-7510829.745","-453945.562","-1297463.711"
"1_80_1.5_75_18.csv","2004/1/2","2007/12/31","683907.75","826842.813","142935.063","0.0848829533566","28","7056884.183","-7510829.745","-453945.562","-1297463.711"
"1_80_1.5_75_20.csv","2004/1/2","2007/12/31","683907.75","826842.813","142935.063","0.0848829533566","28","7056884.183","-7510829.745","-453945.562","-1297463.711"
"1_80_1.5_75_4.csv","2004/1/2","2007/12/31","683907.75","826842.813","142935.063","0.0848829533566","28","7056884.183","-7510829.745","-453945.562","-1297463.711"
"1_80_1.5_75_6.csv","2004/1/2","2007/12/31","683907.75","826842.813","142935.063","0.0848829533566","28","7056884.183","-7510829.745","-453945.562","-1297463.711"
"1_80_1.5_75_8.csv","2004/1/2","2007/12/31","683907.75","826842.813","142935.063","0.0848829533566","28","7056884.183","-7510829.745","-453945.562","-1297463.711"
"3_80_1.5_50_10.csv","2004/1/2","2007/12/31","683907.75","826842.813","142935.063","0.0848829533566","28","7056884.183","-7510829.745","-453945.562","-1297463.711"
"3_80_1.5_50_12.csv","2004/1/2","2007/12/31","683907.75","826842.813","142935.063","0.0848829533566","28","7056884.183","-7510829.745","-453945.562","-1297463.711"
"3_80_1.5_50_14.csv","2004/1/2","2007/12/31","683907.75","826842.813","142935.063","0.0848829533566","28","7056884.183","-7510829.745","-453945.562","-1297463.711"
"3_80_1.5_50_16.csv","2004/1/2","2007/12/31","683907.75","826842.813","142935.063","0.0848829533566","28","7056884.183","-7510829.745","-453945.562","-1297463.711"
"3_80_1.5_50_18.csv","2004/1/2","2007/12/31","683907.75","826842.813","142935.063","0.0848829533566","28","7056884.183","-7510829.745","-453945.562","-1297463.711"
"3_80_1.5_50_20.csv","2004/1/2","2007/12/31","683907.75","826842.813","142935.063","0.0848829533566","28","7056884.183","-7510829.745","-453945.562","-1297463.711"
"3_80_1.5_50_4.csv","2004/1/2","2007/12/31","683907.75","826842.813","142935.063","0.0848829533566","28","7056884.183","-7510829.745","-453945.562","-1297463.711"
"3_80_1.5_50_6.csv","2004/1/2","2007/12/31","683907.75","826842.813","142935.063","0.0848829533566","28","7056884.183","-7510829.745","-453945.562","-1297463.711"
"3_80_1.5_50_8.csv","2004/1/2","2007/12/31","683907.75","826842.813","142935.063","0.0848829533566","28","7056884.183","-7510829.745","-453945.562","-1297463.711"
"3_80_1.5_75_10.csv","2004/1/2","2007/12/31","683907.75","826842.813","142935.063","0.0848829533566","28","7056884.183","-7510829.745","-453945.562","-1297463.711"
"3_80_1.5_75_12.csv","2004/1/2","2007/12/31","683907.75","826842.813","142935.063","0.0848829533566","28","7056884.183","-7510829.745","-453945.562","-1297463.711"
"3_80_1.5_75_14.csv","2004/1/2","2007/12/31","683907.75","826842.813","142935.063","0.0848829533566","28","7056884.183","-7510829.745","-453945.562","-1297463.711"
"3_80_1.5_75_16.csv","2004/1/2","2007/12/31","683907.75","826842.813","142935.063","0.0848829533566","28","7056884.183","-7510829.745","-453945.562","-1297463.711"
"3_80_1.5_75_18.csv","2004/1/2","2007/12/31","683907.75","826842.813","142935.063","0.0848829533566","28","7056884.183","-7510829.745","-453945.562","-1297463.711"
"3_80_1.5_75_20.csv","2004/1/2","2007/12/31","683907.75","826842.813","142935.063","0.0848829533566","28","7056884.183","-7510829.745","-453945.562","-1297463.711"
"3_80_1.5_75_4.csv","2004/1/2","2007/12/31","683907.75","826842.813","142935.063","0.0848829533566","28","7056884.183","-7510829.745","-453945.562","-1297463.711"
"3_80_1.5_75_6.csv","2004/1/2","2007/12/31","683907.75","826842.813","142935.063","0.0848829533566","28","7056884.183","-7510829.745","-453945.562","-1297463.711"
"3_80_1.5_75_8.csv","2004/1/2","2007/12/31","683907.75","826842.813","142935.063","0.0848829533566","28","7056884.183","-7510829.745","-453945.562","-1297463.711"
"1_80_1.5_100_10.csv","2004/1/2","2007/12/31","432289.25","553866.25","121577.0","0.0848829941299","28","6002407.83","-6388522.455","-386114.625","-1103589.876"
"1_80_1.5_100_12.csv","2004/1/2","2007/12/31","432289.25","553866.25","121577.0","0.0848829941299","28","6002407.83","-6388522.455","-386114.625","-1103589.876"
"1_80_1.5_100_14.csv","2004/1/2","2007/12/31","432289.25","553866.25","121577.0","0.0848829941299","28","6002407.83","-6388522.455","-386114.625","-1103589.876"
"1_80_1.5_100_16.csv","2004/1/2","2007/12/31","432289.25","553866.25","121577.0","0.0848829941299","28","6002407.83","-6388522.455","-386114.625","-1103589.876"
"1_80_1.5_100_18.csv","2004/1/2","2007/12/31","432289.25","553866.25","121577.0","0.0848829941299","28","6002407.83","-6388522.455","-386114.625","-1103589.876"
"1_80_1.5_100_20.csv","2004/1/2","2007/12/31","432289.25","553866.25","121577.0","0.0848829941299","28","6002407.83","-6388522.455","-386114.625","-1103589.876"
"1_80_1.5_100_4.csv","2004/1/2","2007/12/31","432289.25","553866.25","121577.0","0.0848829941299","28","6002407.83","-6388522.455","-386114.625","-1103589.876"
"1_80_1.5_100_6.csv","2004/1/2","2007/12/31","432289.25","553866.25","121577.0","0.0848829941299","28","6002407.83","-6388522.455","-386114.625","-1103589.876"
"1_80_1.5_100_8.csv","2004/1/2","2007/12/31","432289.25","553866.25","121577.0","0.0848829941299","28","6002407.83","-6388522.455","-386114.625","-1103589.876"
"3_80_1.5_100_10.csv","2004/1/2","2007/12/31","432289.25","553866.25","121577.0","0.0848829941299","28","6002407.83","-6388522.455","-386114.625","-1103589.876"
"3_80_1.5_100_12.csv","2004/1/2","2007/12/31","432289.25","553866.25","121577.0","0.0848829941299","28","6002407.83","-6388522.455","-386114.625","-1103589.876"
"3_80_1.5_100_14.csv","2004/1/2","2007/12/31","432289.25","553866.25","121577.0","0.0848829941299","28","6002407.83","-6388522.455","-386114.625","-1103589.876"
"3_80_1.5_100_16.csv","2004/1/2","2007/12/31","432289.25","553866.25","121577.0","0.0848829941299","28","6002407.83","-6388522.455","-386114.625","-1103589.876"
"3_80_1.5_100_18.csv","2004/1/2","2007/12/31","432289.25","553866.25","121577.0","0.0848829941299","28","6002407.83","-6388522.455","-386114.625","-1103589.876"
"3_80_1.5_100_20.csv","2004/1/2","2007/12/31","432289.25","553866.25","121577.0","0.0848829941299","28","6002407.83","-6388522.455","-386114.625","-1103589.876"
"3_80_1.5_100_4.csv","2004/1/2","2007/12/31","432289.25","553866.25","121577.0","0.0848829941299","28","6002407.83","-6388522.455","-386114.625","-1103589.876"
"3_80_1.5_100_6.csv","2004/1/2","2007/12/31","432289.25","553866.25","121577.0","0.0848829941299","28","6002407.83","-6388522.455","-386114.625","-1103589.876"
"3_80_1.5_100_8.csv","2004/1/2","2007/12/31","432289.25","553866.25","121577.0","0.0848829941299","28","6002407.83","-6388522.455","-386114.625","-1103589.876"
"1_20_1.25_75_10.csv","2004/1/2","2007/12/31","1192121.75","1713413.5","521291.75","0.23780237115","42","8457839.873","-8717629.498","-259789.625","-1120812.812"
"1_20_1.25_75_12.csv","2004/1/2","2007/12/31","1192121.75","1713413.5","521291.75","0.23780237115","42","8457839.873","-8717629.498","-259789.625","-1120812.812"
"1_20_1.25_75_14.csv","2004/1/2","2007/12/31","1192121.75","1713413.5","521291.75","0.23780237115","42","8457839.873","-8717629.498","-259789.625","-1120812.812"
"1_20_1.25_75_16.csv","2004/1/2","2007/12/31","1192121.75","1713413.5","521291.75","0.23780237115","42","8457839.873","-8717629.498","-259789.625","-1120812.812"
"1_20_1.25_75_18.csv","2004/1/2","2007/12/31","1192121.75","1713413.5","521291.75","0.23780237115","42","8457839.873","-8717629.498","-259789.625","-1120812.812"
"1_20_1.25_75_20.csv","2004/1/2","2007/12/31","1192121.75","1713413.5","521291.75","0.23780237115","42","8457839.873","-8717629.498","-259789.625","-1120812.812"
"1_20_1.25_75_4.csv","2004/1/2","2007/12/31","1192121.75","1713413.5","521291.75","0.23780237115","42","8457839.873","-8717629.498","-259789.625","-1120812.812"
"1_20_1.25_75_6.csv","2004/1/2","2007/12/31","1192121.75","1713413.5","521291.75","0.23780237115","42","8457839.873","-8717629.498","-259789.625","-1120812.812"
"1_20_1.25_75_8.csv","2004/1/2","2007/12/31","1192121.75","1713413.5","521291.75","0.23780237115","42","8457839.873","-8717629.498","-259789.625","-1120812.812"
"3_20_1.25_75_10.csv","2004/1/2","2007/12/31","1192121.75","1713413.5","521291.75","0.23780237115","42","8457839.873","-8717629.498","-259789.625","-1120812.812"
"3_20_1.25_75_12.csv","2004/1/2","2007/12/31","1192121.75","1713413.5","521291.75","0.23780237115","42","8457839.873","-8717629.498","-259789.625","-1120812.812"
"3_20_1.25_75_14.csv","2004/1/2","2007/12/31","1192121.75","1713413.5","521291.75","0.23780237115","42","8457839.873","-8717629.498","-259789.625","-1120812.812"
"3_20_1.25_75_16.csv","2004/1/2","2007/12/31","1192121.75","1713413.5","521291.75","0.23780237115","42","8457839.873","-8717629.498","-259789.625","-1120812.812"
"3_20_1.25_75_18.csv","2004/1/2","2007/12/31","1192121.75","1713413.5","521291.75","0.23780237115","42","8457839.873","-8717629.498","-259789.625","-1120812.812"
"3_20_1.25_75_20.csv","2004/1/2","2007/12/31","1192121.75","1713413.5","521291.75","0.23780237115","42","8457839.873","-8717629.498","-259789.625","-1120812.812"
"3_20_1.25_75_4.csv","2004/1/2","2007/12/31","1192121.75","1713413.5","521291.75","0.23780237115","42","8457839.873","-8717629.498","-259789.625","-1120812.812"
"3_20_1.25_75_6.csv","2004/1/2","2007/12/31","1192121.75","1713413.5","521291.75","0.23780237115","42","8457839.873","-8717629.498","-259789.625","-1120812.812"
"3_20_1.25_75_8.csv","2004/1/2","2007/12/31","1192121.75","1713413.5","521291.75","0.23780237115","42","8457839.873","-8717629.498","-259789.625","-1120812.812"
"2_40_1.25_50_4.csv","2004/1/2","2007/12/31","1596703.125","4883182.0","3286478.875","1.26563519848","14","21886326.25","-19525503.75","2360822.5","-2107665.875"
"2_40_1.25_75_4.csv","2004/1/2","2007/12/31","1677014.125","4764516.0","3087501.875","1.15333790964","12","20928626.812","-18795411.312","2133215.5","-2172854.312"
"2_100_1.75_200_8.csv","2004/1/2","2007/12/31","-391828.188","-80476.563","311351.625","0.511946819725","5","4399782.436","-4306690.78","93091.656","-507119.711"
"2_100_1.75_225_8.csv","2004/1/2","2007/12/31","-314292.313","36753.563","351045.876","0.511946829028","5","4960710.905","-4855750.99","104959.915","-571772.453"
"2_100_1.75_100_8.csv","2004/1/2","2007/12/31","129099.211","640191.375","511092.164","0.452654788012","6","8033396.537","-7927514.162","105882.375","-971050.594"
"2_100_1.75_50_8.csv","2004/1/2","2007/12/31","129099.211","640191.375","511092.164","0.452654788012","6","8033396.537","-7927514.162","105882.375","-971050.594"
"2_100_1.75_75_8.csv","2004/1/2","2007/12/31","129099.211","640191.375","511092.164","0.452654788012","6","8033396.537","-7927514.162","105882.375","-971050.594"
"2_100_1.75_175_8.csv","2004/1/2","2007/12/31","-357788.719","-29010.656","328778.063","0.511946882166","5","4646038.987","-4547736.971","98302.016","-535503.297"
"2_100_1.75_125_8.csv","2004/1/2","2007/12/31","-279209.75","47059.406","326269.156","0.452654785494","6","5128330.914","-5060738.156","67592.758","-619895.805"
"2_100_1.75_150_8.csv","2004/1/2","2007/12/31","-279209.75","47059.406","326269.156","0.452654785494","6","5128330.914","-5060738.156","67592.758","-619895.805"
"2_20_1.5_150_8.csv","2004/1/2","2007/12/31","195741.063","1063715.0","867973.937","0.7258878731","17","7251949.815","-6818511.003","433438.812","-833153.485"
"1_40_1_75_10.csv","2004/1/2","2007/12/31","1695014.375","3535585.25","1840570.875","0.682954010217","30","16727745.187","-15873436.937","854308.25","-1881185.937"
"1_40_1_75_12.csv","2004/1/2","2007/12/31","1695014.375","3535585.25","1840570.875","0.682954010217","30","16727745.187","-15873436.937","854308.25","-1881185.937"
"1_40_1_75_14.csv","2004/1/2","2007/12/31","1695014.375","3535585.25","1840570.875","0.682954010217","30","16727745.187","-15873436.937","854308.25","-1881185.937"
"1_40_1_75_16.csv","2004/1/2","2007/12/31","1695014.375","3535585.25","1840570.875","0.682954010217","30","16727745.187","-15873436.937","854308.25","-1881185.937"
"1_40_1_75_18.csv","2004/1/2","2007/12/31","1695014.375","3535585.25","1840570.875","0.682954010217","30","16727745.187","-15873436.937","854308.25","-1881185.937"
"1_40_1_75_20.csv","2004/1/2","2007/12/31","1695014.375","3535585.25","1840570.875","0.682954010217","30","16727745.187","-15873436.937","854308.25","-1881185.937"
"1_40_1_75_6.csv","2004/1/2","2007/12/31","1695014.375","3535585.25","1840570.875","0.682954010217","30","16727745.187","-15873436.937","854308.25","-1881185.937"
"1_40_1_75_8.csv","2004/1/2","2007/12/31","1695014.375","3535585.25","1840570.875","0.682954010217","30","16727745.187","-15873436.937","854308.25","-1881185.937"
"3_40_1_75_10.csv","2004/1/2","2007/12/31","1695014.375","3535585.25","1840570.875","0.682954010217","30","16727745.187","-15873436.937","854308.25","-1881185.937"
"3_40_1_75_12.csv","2004/1/2","2007/12/31","1695014.375","3535585.25","1840570.875","0.682954010217","30","16727745.187","-15873436.937","854308.25","-1881185.937"
"3_40_1_75_14.csv","2004/1/2","2007/12/31","1695014.375","3535585.25","1840570.875","0.682954010217","30","16727745.187","-15873436.937","854308.25","-1881185.937"
"3_40_1_75_16.csv","2004/1/2","2007/12/31","1695014.375","3535585.25","1840570.875","0.682954010217","30","16727745.187","-15873436.937","854308.25","-1881185.937"
"3_40_1_75_18.csv","2004/1/2","2007/12/31","1695014.375","3535585.25","1840570.875","0.682954010217","30","16727745.187","-15873436.937","854308.25","-1881185.937"
"3_40_1_75_20.csv","2004/1/2","2007/12/31","1695014.375","3535585.25","1840570.875","0.682954010217","30","16727745.187","-15873436.937","854308.25","-1881185.937"
"3_40_1_75_6.csv","2004/1/2","2007/12/31","1695014.375","3535585.25","1840570.875","0.682954010217","30","16727745.187","-15873436.937","854308.25","-1881185.937"
"3_40_1_75_8.csv","2004/1/2","2007/12/31","1695014.375","3535585.25","1840570.875","0.682954010217","30","16727745.187","-15873436.937","854308.25","-1881185.937"
"1_40_1_75_4.csv","2004/1/2","2007/12/31","1678274.375","3507413.5","1829139.125","0.682954346304","30","16623846.311","-15774844.561","849001.75","-1869502.312"
"3_40_1_75_4.csv","2004/1/2","2007/12/31","1678274.375","3507413.5","1829139.125","0.682954346304","30","16623846.311","-15774844.561","849001.75","-1869502.312"
"1_20_1_50_10.csv","2004/1/2","2007/12/31","4216747.5","6285299.5","2068552.0","0.396521395755","47","24972706.5","-24814294.0","158412.5","-3296951.5"
"1_20_1_50_12.csv","2004/1/2","2007/12/31","4216747.5","6285299.5","2068552.0","0.396521395755","47","24972706.5","-24814294.0","158412.5","-3296951.5"
"1_20_1_50_14.csv","2004/1/2","2007/12/31","4216747.5","6285299.5","2068552.0","0.396521395755","47","24972706.5","-24814294.0","158412.5","-3296951.5"
"1_20_1_50_16.csv","2004/1/2","2007/12/31","4216747.5","6285299.5","2068552.0","0.396521395755","47","24972706.5","-24814294.0","158412.5","-3296951.5"
"1_20_1_50_18.csv","2004/1/2","2007/12/31","4216747.5","6285299.5","2068552.0","0.396521395755","47","24972706.5","-24814294.0","158412.5","-3296951.5"
"1_20_1_50_20.csv","2004/1/2","2007/12/31","4216747.5","6285299.5","2068552.0","0.396521395755","47","24972706.5","-24814294.0","158412.5","-3296951.5"
"1_20_1_50_4.csv","2004/1/2","2007/12/31","4216747.5","6285299.5","2068552.0","0.396521395755","47","24972706.5","-24814294.0","158412.5","-3296951.5"
"1_20_1_50_6.csv","2004/1/2","2007/12/31","4216747.5","6285299.5","2068552.0","0.396521395755","47","24972706.5","-24814294.0","158412.5","-3296951.5"
"1_20_1_50_8.csv","2004/1/2","2007/12/31","4216747.5","6285299.5","2068552.0","0.396521395755","47","24972706.5","-24814294.0","158412.5","-3296951.5"
"3_20_1_50_10.csv","2004/1/2","2007/12/31","4216747.5","6285299.5","2068552.0","0.396521395755","47","24972706.5","-24814294.0","158412.5","-3296951.5"
"3_20_1_50_12.csv","2004/1/2","2007/12/31","4216747.5","6285299.5","2068552.0","0.396521395755","47","24972706.5","-24814294.0","158412.5","-3296951.5"
"3_20_1_50_14.csv","2004/1/2","2007/12/31","4216747.5","6285299.5","2068552.0","0.396521395755","47","24972706.5","-24814294.0","158412.5","-3296951.5"
"3_20_1_50_16.csv","2004/1/2","2007/12/31","4216747.5","6285299.5","2068552.0","0.396521395755","47","24972706.5","-24814294.0","158412.5","-3296951.5"
"3_20_1_50_18.csv","2004/1/2","2007/12/31","4216747.5","6285299.5","2068552.0","0.396521395755","47","24972706.5","-24814294.0","158412.5","-3296951.5"
"3_20_1_50_20.csv","2004/1/2","2007/12/31","4216747.5","6285299.5","2068552.0","0.396521395755","47","24972706.5","-24814294.0","158412.5","-3296951.5"
"3_20_1_50_4.csv","2004/1/2","2007/12/31","4216747.5","6285299.5","2068552.0","0.396521395755","47","24972706.5","-24814294.0","158412.5","-3296951.5"
"3_20_1_50_6.csv","2004/1/2","2007/12/31","4216747.5","6285299.5","2068552.0","0.396521395755","47","24972706.5","-24814294.0","158412.5","-3296951.5"
"3_20_1_50_8.csv","2004/1/2","2007/12/31","4216747.5","6285299.5","2068552.0","0.396521395755","47","24972706.5","-24814294.0","158412.5","-3296951.5"
"1_20_1.25_200_10.csv","2004/1/2","2007/12/31","166253.813","470254.375","304000.562","0.260664152701","38","3749283.188","-3877092.063","-127808.875","-648089.152"
"1_20_1.25_200_12.csv","2004/1/2","2007/12/31","166253.813","470254.375","304000.562","0.260664152701","38","3749283.188","-3877092.063","-127808.875","-648089.152"
"1_20_1.25_200_14.csv","2004/1/2","2007/12/31","166253.813","470254.375","304000.562","0.260664152701","38","3749283.188","-3877092.063","-127808.875","-648089.152"
"1_20_1.25_200_16.csv","2004/1/2","2007/12/31","166253.813","470254.375","304000.562","0.260664152701","38","3749283.188","-3877092.063","-127808.875","-648089.152"
"1_20_1.25_200_18.csv","2004/1/2","2007/12/31","166253.813","470254.375","304000.562","0.260664152701","38","3749283.188","-3877092.063","-127808.875","-648089.152"
"1_20_1.25_200_20.csv","2004/1/2","2007/12/31","166253.813","470254.375","304000.562","0.260664152701","38","3749283.188","-3877092.063","-127808.875","-648089.152"
"1_20_1.25_200_4.csv","2004/1/2","2007/12/31","166253.813","470254.375","304000.562","0.260664152701","38","3749283.188","-3877092.063","-127808.875","-648089.152"
"1_20_1.25_200_6.csv","2004/1/2","2007/12/31","166253.813","470254.375","304000.562","0.260664152701","38","3749283.188","-3877092.063","-127808.875","-648089.152"
"1_20_1.25_200_8.csv","2004/1/2","2007/12/31","166253.813","470254.375","304000.562","0.260664152701","38","3749283.188","-3877092.063","-127808.875","-648089.152"
"3_20_1.25_200_10.csv","2004/1/2","2007/12/31","166253.813","470254.375","304000.562","0.260664152701","38","3749283.188","-3877092.063","-127808.875","-648089.152"
"3_20_1.25_200_12.csv","2004/1/2","2007/12/31","166253.813","470254.375","304000.562","0.260664152701","38","3749283.188","-3877092.063","-127808.875","-648089.152"
"3_20_1.25_200_14.csv","2004/1/2","2007/12/31","166253.813","470254.375","304000.562","0.260664152701","38","3749283.188","-3877092.063","-127808.875","-648089.152"
"3_20_1.25_200_16.csv","2004/1/2","2007/12/31","166253.813","470254.375","304000.562","0.260664152701","38","3749283.188","-3877092.063","-127808.875","-648089.152"
"3_20_1.25_200_18.csv","2004/1/2","2007/12/31","166253.813","470254.375","304000.562","0.260664152701","38","3749283.188","-3877092.063","-127808.875","-648089.152"
"3_20_1.25_200_20.csv","2004/1/2","2007/12/31","166253.813","470254.375","304000.562","0.260664152701","38","3749283.188","-3877092.063","-127808.875","-648089.152"
"3_20_1.25_200_4.csv","2004/1/2","2007/12/31","166253.813","470254.375","304000.562","0.260664152701","38","3749283.188","-3877092.063","-127808.875","-648089.152"
"3_20_1.25_200_6.csv","2004/1/2","2007/12/31","166253.813","470254.375","304000.562","0.260664152701","38","3749283.188","-3877092.063","-127808.875","-648089.152"
"3_20_1.25_200_8.csv","2004/1/2","2007/12/31","166253.813","470254.375","304000.562","0.260664152701","38","3749283.188","-3877092.063","-127808.875","-648089.152"
"2_40_0.75_200_10.csv","2004/1/2","2007/12/31","-250032.563","840066.563","1090099.126","1.45352860967","11","6695901.122","-5883565.653","812335.469","-419755.929"
"2_40_0.75_200_12.csv","2004/1/2","2007/12/31","-250032.563","840066.563","1090099.126","1.45352860967","11","6695901.122","-5883565.653","812335.469","-419755.929"
"2_40_0.75_200_14.csv","2004/1/2","2007/12/31","-250032.563","840066.563","1090099.126","1.45352860967","11","6695901.122","-5883565.653","812335.469","-419755.929"
"2_40_0.75_200_16.csv","2004/1/2","2007/12/31","-250032.563","840066.563","1090099.126","1.45352860967","11","6695901.122","-5883565.653","812335.469","-419755.929"
"2_40_0.75_200_18.csv","2004/1/2","2007/12/31","-250032.563","840066.563","1090099.126","1.45352860967","11","6695901.122","-5883565.653","812335.469","-419755.929"
"2_40_0.75_200_20.csv","2004/1/2","2007/12/31","-250032.563","840066.563","1090099.126","1.45352860967","11","6695901.122","-5883565.653","812335.469","-419755.929"
"2_40_0.75_200_8.csv","2004/1/2","2007/12/31","-250032.563","840066.563","1090099.126","1.45352860967","11","6695901.122","-5883565.653","812335.469","-419755.929"
"2_60_2_175_8.csv","2004/1/2","2007/12/31","82123.422","901883.25","819759.828","0.757547439907","6","7918920.668","-7500524.012","418396.656","-750603.766"
"2_60_2_150_8.csv","2004/1/2","2007/12/31","72135.672","1033092.313","960956.641","0.896301341422","6","8215471.423","-7652173.548","563297.875","-675947.594"
"1_120_1_100_4.csv","2004/1/2","2007/12/31","-262210.219","130856.18","393066.399","0.532762053802","25","5833073.882","-5714569.702","118504.18","-716795.141"
"1_120_1_125_4.csv","2004/1/2","2007/12/31","-262210.219","130856.18","393066.399","0.532762053802","25","5833073.882","-5714569.702","118504.18","-716795.141"
"1_120_1_150_4.csv","2004/1/2","2007/12/31","-262210.219","130856.18","393066.399","0.532762053802","25","5833073.882","-5714569.702","118504.18","-716795.141"
"1_120_1_75_4.csv","2004/1/2","2007/12/31","-262210.219","130856.18","393066.399","0.532762053802","25","5833073.882","-5714569.702","118504.18","-716795.141"
"3_120_1_100_4.csv","2004/1/2","2007/12/31","-262210.219","130856.18","393066.399","0.532762053802","25","5833073.882","-5714569.702","118504.18","-716795.141"
"3_120_1_125_4.csv","2004/1/2","2007/12/31","-262210.219","130856.18","393066.399","0.532762053802","25","5833073.882","-5714569.702","118504.18","-716795.141"
"3_120_1_150_4.csv","2004/1/2","2007/12/31","-262210.219","130856.18","393066.399","0.532762053802","25","5833073.882","-5714569.702","118504.18","-716795.141"
"3_120_1_75_4.csv","2004/1/2","2007/12/31","-262210.219","130856.18","393066.399","0.532762053802","25","5833073.882","-5714569.702","118504.18","-716795.141"
"1_120_1_100_10.csv","2004/1/2","2007/12/31","-189242.0","242699.172","431941.172","0.532762146041","25","6409971.331","-6279746.909","130224.422","-787686.969"
"1_120_1_100_12.csv","2004/1/2","2007/12/31","-189242.0","242699.172","431941.172","0.532762146041","25","6409971.331","-6279746.909","130224.422","-787686.969"
"1_120_1_100_14.csv","2004/1/2","2007/12/31","-189242.0","242699.172","431941.172","0.532762146041","25","6409971.331","-6279746.909","130224.422","-787686.969"
"1_120_1_100_16.csv","2004/1/2","2007/12/31","-189242.0","242699.172","431941.172","0.532762146041","25","6409971.331","-6279746.909","130224.422","-787686.969"
"1_120_1_100_18.csv","2004/1/2","2007/12/31","-189242.0","242699.172","431941.172","0.532762146041","25","6409971.331","-6279746.909","130224.422","-787686.969"
"1_120_1_100_20.csv","2004/1/2","2007/12/31","-189242.0","242699.172","431941.172","0.532762146041","25","6409971.331","-6279746.909","130224.422","-787686.969"
"1_120_1_100_6.csv","2004/1/2","2007/12/31","-189242.0","242699.172","431941.172","0.532762146041","25","6409971.331","-6279746.909","130224.422","-787686.969"
"1_120_1_100_8.csv","2004/1/2","2007/12/31","-189242.0","242699.172","431941.172","0.532762146041","25","6409971.331","-6279746.909","130224.422","-787686.969"
"1_120_1_125_10.csv","2004/1/2","2007/12/31","-189242.0","242699.172","431941.172","0.532762146041","25","6409971.331","-6279746.909","130224.422","-787686.969"
"1_120_1_125_12.csv","2004/1/2","2007/12/31","-189242.0","242699.172","431941.172","0.532762146041","25","6409971.331","-6279746.909","130224.422","-787686.969"
"1_120_1_125_14.csv","2004/1/2","2007/12/31","-189242.0","242699.172","431941.172","0.532762146041","25","6409971.331","-6279746.909","130224.422","-787686.969"
"1_120_1_125_16.csv","2004/1/2","2007/12/31","-189242.0","242699.172","431941.172","0.532762146041","25","6409971.331","-6279746.909","130224.422","-787686.969"
"1_120_1_125_18.csv","2004/1/2","2007/12/31","-189242.0","242699.172","431941.172","0.532762146041","25","6409971.331","-6279746.909","130224.422","-787686.969"
"1_120_1_125_20.csv","2004/1/2","2007/12/31","-189242.0","242699.172","431941.172","0.532762146041","25","6409971.331","-6279746.909","130224.422","-787686.969"
"1_120_1_125_6.csv","2004/1/2","2007/12/31","-189242.0","242699.172","431941.172","0.532762146041","25","6409971.331","-6279746.909","130224.422","-787686.969"
"1_120_1_125_8.csv","2004/1/2","2007/12/31","-189242.0","242699.172","431941.172","0.532762146041","25","6409971.331","-6279746.909","130224.422","-787686.969"
"1_120_1_150_10.csv","2004/1/2","2007/12/31","-189242.0","242699.172","431941.172","0.532762146041","25","6409971.331","-6279746.909","130224.422","-787686.969"
"1_120_1_150_12.csv","2004/1/2","2007/12/31","-189242.0","242699.172","431941.172","0.532762146041","25","6409971.331","-6279746.909","130224.422","-787686.969"
"1_120_1_150_14.csv","2004/1/2","2007/12/31","-189242.0","242699.172","431941.172","0.532762146041","25","6409971.331","-6279746.909","130224.422","-787686.969"
"1_120_1_150_16.csv","2004/1/2","2007/12/31","-189242.0","242699.172","431941.172","0.532762146041","25","6409971.331","-6279746.909","130224.422","-787686.969"
"1_120_1_150_18.csv","2004/1/2","2007/12/31","-189242.0","242699.172","431941.172","0.532762146041","25","6409971.331","-6279746.909","130224.422","-787686.969"
"1_120_1_150_20.csv","2004/1/2","2007/12/31","-189242.0","242699.172","431941.172","0.532762146041","25","6409971.331","-6279746.909","130224.422","-787686.969"
"1_120_1_150_6.csv","2004/1/2","2007/12/31","-189242.0","242699.172","431941.172","0.532762146041","25","6409971.331","-6279746.909","130224.422","-787686.969"
"1_120_1_150_8.csv","2004/1/2","2007/12/31","-189242.0","242699.172","431941.172","0.532762146041","25","6409971.331","-6279746.909","130224.422","-787686.969"
"1_120_1_75_10.csv","2004/1/2","2007/12/31","-189242.0","242699.172","431941.172","0.532762146041","25","6409971.331","-6279746.909","130224.422","-787686.969"
"1_120_1_75_12.csv","2004/1/2","2007/12/31","-189242.0","242699.172","431941.172","0.532762146041","25","6409971.331","-6279746.909","130224.422","-787686.969"
"1_120_1_75_14.csv","2004/1/2","2007/12/31","-189242.0","242699.172","431941.172","0.532762146041","25","6409971.331","-6279746.909","130224.422","-787686.969"
"1_120_1_75_16.csv","2004/1/2","2007/12/31","-189242.0","242699.172","431941.172","0.532762146041","25","6409971.331","-6279746.909","130224.422","-787686.969"
"1_120_1_75_18.csv","2004/1/2","2007/12/31","-189242.0","242699.172","431941.172","0.532762146041","25","6409971.331","-6279746.909","130224.422","-787686.969"
"1_120_1_75_20.csv","2004/1/2","2007/12/31","-189242.0","242699.172","431941.172","0.532762146041","25","6409971.331","-6279746.909","130224.422","-787686.969"
"1_120_1_75_6.csv","2004/1/2","2007/12/31","-189242.0","242699.172","431941.172","0.532762146041","25","6409971.331","-6279746.909","130224.422","-787686.969"
"1_120_1_75_8.csv","2004/1/2","2007/12/31","-189242.0","242699.172","431941.172","0.532762146041","25","6409971.331","-6279746.909","130224.422","-787686.969"
"3_120_1_100_10.csv","2004/1/2","2007/12/31","-189242.0","242699.172","431941.172","0.532762146041","25","6409971.331","-6279746.909","130224.422","-787686.969"
"3_120_1_100_12.csv","2004/1/2","2007/12/31","-189242.0","242699.172","431941.172","0.532762146041","25","6409971.331","-6279746.909","130224.422","-787686.969"
"3_120_1_100_14.csv","2004/1/2","2007/12/31","-189242.0","242699.172","431941.172","0.532762146041","25","6409971.331","-6279746.909","130224.422","-787686.969"
"3_120_1_100_16.csv","2004/1/2","2007/12/31","-189242.0","242699.172","431941.172","0.532762146041","25","6409971.331","-6279746.909","130224.422","-787686.969"
"3_120_1_100_18.csv","2004/1/2","2007/12/31","-189242.0","242699.172","431941.172","0.532762146041","25","6409971.331","-6279746.909","130224.422","-787686.969"
"3_120_1_100_20.csv","2004/1/2","2007/12/31","-189242.0","242699.172","431941.172","0.532762146041","25","6409971.331","-6279746.909","130224.422","-787686.969"
"3_120_1_100_6.csv","2004/1/2","2007/12/31","-189242.0","242699.172","431941.172","0.532762146041","25","6409971.331","-6279746.909","130224.422","-787686.969"
"3_120_1_100_8.csv","2004/1/2","2007/12/31","-189242.0","242699.172","431941.172","0.532762146041","25","6409971.331","-6279746.909","130224.422","-787686.969"
"3_120_1_125_10.csv","2004/1/2","2007/12/31","-189242.0","242699.172","431941.172","0.532762146041","25","6409971.331","-6279746.909","130224.422","-787686.969"
"3_120_1_125_12.csv","2004/1/2","2007/12/31","-189242.0","242699.172","431941.172","0.532762146041","25","6409971.331","-6279746.909","130224.422","-787686.969"
"3_120_1_125_14.csv","2004/1/2","2007/12/31","-189242.0","242699.172","431941.172","0.532762146041","25","6409971.331","-6279746.909","130224.422","-787686.969"
"3_120_1_125_16.csv","2004/1/2","2007/12/31","-189242.0","242699.172","431941.172","0.532762146041","25","6409971.331","-6279746.909","130224.422","-787686.969"
"3_120_1_125_18.csv","2004/1/2","2007/12/31","-189242.0","242699.172","431941.172","0.532762146041","25","6409971.331","-6279746.909","130224.422","-787686.969"
"3_120_1_125_20.csv","2004/1/2","2007/12/31","-189242.0","242699.172","431941.172","0.532762146041","25","6409971.331","-6279746.909","130224.422","-787686.969"
"3_120_1_125_6.csv","2004/1/2","2007/12/31","-189242.0","242699.172","431941.172","0.532762146041","25","6409971.331","-6279746.909","130224.422","-787686.969"
"3_120_1_125_8.csv","2004/1/2","2007/12/31","-189242.0","242699.172","431941.172","0.532762146041","25","6409971.331","-6279746.909","130224.422","-787686.969"
"3_120_1_150_10.csv","2004/1/2","2007/12/31","-189242.0","242699.172","431941.172","0.532762146041","25","6409971.331","-6279746.909","130224.422","-787686.969"
"3_120_1_150_12.csv","2004/1/2","2007/12/31","-189242.0","242699.172","431941.172","0.532762146041","25","6409971.331","-6279746.909","130224.422","-787686.969"
"3_120_1_150_14.csv","2004/1/2","2007/12/31","-189242.0","242699.172","431941.172","0.532762146041","25","6409971.331","-6279746.909","130224.422","-787686.969"
"3_120_1_150_16.csv","2004/1/2","2007/12/31","-189242.0","242699.172","431941.172","0.532762146041","25","6409971.331","-6279746.909","130224.422","-787686.969"
"3_120_1_150_18.csv","2004/1/2","2007/12/31","-189242.0","242699.172","431941.172","0.532762146041","25","6409971.331","-6279746.909","130224.422","-787686.969"
"3_120_1_150_20.csv","2004/1/2","2007/12/31","-189242.0","242699.172","431941.172","0.532762146041","25","6409971.331","-6279746.909","130224.422","-787686.969"
"3_120_1_150_6.csv","2004/1/2","2007/12/31","-189242.0","242699.172","431941.172","0.532762146041","25","6409971.331","-6279746.909","130224.422","-787686.969"
"3_120_1_150_8.csv","2004/1/2","2007/12/31","-189242.0","242699.172","431941.172","0.532762146041","25","6409971.331","-6279746.909","130224.422","-787686.969"
"3_120_1_75_10.csv","2004/1/2","2007/12/31","-189242.0","242699.172","431941.172","0.532762146041","25","6409971.331","-6279746.909","130224.422","-787686.969"
"3_120_1_75_12.csv","2004/1/2","2007/12/31","-189242.0","242699.172","431941.172","0.532762146041","25","6409971.331","-6279746.909","130224.422","-787686.969"
"3_120_1_75_14.csv","2004/1/2","2007/12/31","-189242.0","242699.172","431941.172","0.532762146041","25","6409971.331","-6279746.909","130224.422","-787686.969"
"3_120_1_75_16.csv","2004/1/2","2007/12/31","-189242.0","242699.172","431941.172","0.532762146041","25","6409971.331","-6279746.909","130224.422","-787686.969"
"3_120_1_75_18.csv","2004/1/2","2007/12/31","-189242.0","242699.172","431941.172","0.532762146041","25","6409971.331","-6279746.909","130224.422","-787686.969"
"3_120_1_75_20.csv","2004/1/2","2007/12/31","-189242.0","242699.172","431941.172","0.532762146041","25","6409971.331","-6279746.909","130224.422","-787686.969"
"3_120_1_75_6.csv","2004/1/2","2007/12/31","-189242.0","242699.172","431941.172","0.532762146041","25","6409971.331","-6279746.909","130224.422","-787686.969"
"3_120_1_75_8.csv","2004/1/2","2007/12/31","-189242.0","242699.172","431941.172","0.532762146041","25","6409971.331","-6279746.909","130224.422","-787686.969"
"1_120_1_50_10.csv","2004/1/2","2007/12/31","-134041.469","327308.313","461349.782","0.532761980493","25","6846394.638","-6707304.028","139090.61","-841316.75"
"1_120_1_50_12.csv","2004/1/2","2007/12/31","-134041.469","327308.313","461349.782","0.532761980493","25","6846394.638","-6707304.028","139090.61","-841316.75"
"1_120_1_50_14.csv","2004/1/2","2007/12/31","-134041.469","327308.313","461349.782","0.532761980493","25","6846394.638","-6707304.028","139090.61","-841316.75"
"1_120_1_50_16.csv","2004/1/2","2007/12/31","-134041.469","327308.313","461349.782","0.532761980493","25","6846394.638","-6707304.028","139090.61","-841316.75"
"1_120_1_50_18.csv","2004/1/2","2007/12/31","-134041.469","327308.313","461349.782","0.532761980493","25","6846394.638","-6707304.028","139090.61","-841316.75"
"1_120_1_50_20.csv","2004/1/2","2007/12/31","-134041.469","327308.313","461349.782","0.532761980493","25","6846394.638","-6707304.028","139090.61","-841316.75"
"1_120_1_50_6.csv","2004/1/2","2007/12/31","-134041.469","327308.313","461349.782","0.532761980493","25","6846394.638","-6707304.028","139090.61","-841316.75"
"1_120_1_50_8.csv","2004/1/2","2007/12/31","-134041.469","327308.313","461349.782","0.532761980493","25","6846394.638","-6707304.028","139090.61","-841316.75"
"3_120_1_50_10.csv","2004/1/2","2007/12/31","-134041.469","327308.313","461349.782","0.532761980493","25","6846394.638","-6707304.028","139090.61","-841316.75"
"3_120_1_50_12.csv","2004/1/2","2007/12/31","-134041.469","327308.313","461349.782","0.532761980493","25","6846394.638","-6707304.028","139090.61","-841316.75"
"3_120_1_50_14.csv","2004/1/2","2007/12/31","-134041.469","327308.313","461349.782","0.532761980493","25","6846394.638","-6707304.028","139090.61","-841316.75"
"3_120_1_50_16.csv","2004/1/2","2007/12/31","-134041.469","327308.313","461349.782","0.532761980493","25","6846394.638","-6707304.028","139090.61","-841316.75"
"3_120_1_50_18.csv","2004/1/2","2007/12/31","-134041.469","327308.313","461349.782","0.532761980493","25","6846394.638","-6707304.028","139090.61","-841316.75"
"3_120_1_50_20.csv","2004/1/2","2007/12/31","-134041.469","327308.313","461349.782","0.532761980493","25","6846394.638","-6707304.028","139090.61","-841316.75"
"3_120_1_50_6.csv","2004/1/2","2007/12/31","-134041.469","327308.313","461349.782","0.532761980493","25","6846394.638","-6707304.028","139090.61","-841316.75"
"3_120_1_50_8.csv","2004/1/2","2007/12/31","-134041.469","327308.313","461349.782","0.532761980493","25","6846394.638","-6707304.028","139090.61","-841316.75"
"1_120_1_50_4.csv","2004/1/2","2007/12/31","-211977.734","207850.656","419828.39","0.532762090761","25","6230219.63","-6103647.115","126572.515","-765598.25"
"3_120_1_50_4.csv","2004/1/2","2007/12/31","-211977.734","207850.656","419828.39","0.532762090761","25","6230219.63","-6103647.115","126572.515","-765598.25"
"1_120_1_200_10.csv","2004/1/2","2007/12/31","-255910.672","140511.969","396422.641","0.532762164545","25","5882880.487","-5763364.487","119516.0","-722915.61"
"1_120_1_200_12.csv","2004/1/2","2007/12/31","-255910.672","140511.969","396422.641","0.532762164545","25","5882880.487","-5763364.487","119516.0","-722915.61"
"1_120_1_200_14.csv","2004/1/2","2007/12/31","-255910.672","140511.969","396422.641","0.532762164545","25","5882880.487","-5763364.487","119516.0","-722915.61"
"1_120_1_200_16.csv","2004/1/2","2007/12/31","-255910.672","140511.969","396422.641","0.532762164545","25","5882880.487","-5763364.487","119516.0","-722915.61"
"1_120_1_200_18.csv","2004/1/2","2007/12/31","-255910.672","140511.969","396422.641","0.532762164545","25","5882880.487","-5763364.487","119516.0","-722915.61"
"1_120_1_200_20.csv","2004/1/2","2007/12/31","-255910.672","140511.969","396422.641","0.532762164545","25","5882880.487","-5763364.487","119516.0","-722915.61"
"1_120_1_200_6.csv","2004/1/2","2007/12/31","-255910.672","140511.969","396422.641","0.532762164545","25","5882880.487","-5763364.487","119516.0","-722915.61"
"1_120_1_200_8.csv","2004/1/2","2007/12/31","-255910.672","140511.969","396422.641","0.532762164545","25","5882880.487","-5763364.487","119516.0","-722915.61"
"3_120_1_200_10.csv","2004/1/2","2007/12/31","-255910.672","140511.969","396422.641","0.532762164545","25","5882880.487","-5763364.487","119516.0","-722915.61"
"3_120_1_200_12.csv","2004/1/2","2007/12/31","-255910.672","140511.969","396422.641","0.532762164545","25","5882880.487","-5763364.487","119516.0","-722915.61"
"3_120_1_200_14.csv","2004/1/2","2007/12/31","-255910.672","140511.969","396422.641","0.532762164545","25","5882880.487","-5763364.487","119516.0","-722915.61"
"3_120_1_200_16.csv","2004/1/2","2007/12/31","-255910.672","140511.969","396422.641","0.532762164545","25","5882880.487","-5763364.487","119516.0","-722915.61"
"3_120_1_200_18.csv","2004/1/2","2007/12/31","-255910.672","140511.969","396422.641","0.532762164545","25","5882880.487","-5763364.487","119516.0","-722915.61"
"3_120_1_200_20.csv","2004/1/2","2007/12/31","-255910.672","140511.969","396422.641","0.532762164545","25","5882880.487","-5763364.487","119516.0","-722915.61"
"3_120_1_200_6.csv","2004/1/2","2007/12/31","-255910.672","140511.969","396422.641","0.532762164545","25","5882880.487","-5763364.487","119516.0","-722915.61"
"3_120_1_200_8.csv","2004/1/2","2007/12/31","-255910.672","140511.969","396422.641","0.532762164545","25","5882880.487","-5763364.487","119516.0","-722915.61"
"1_120_1_175_4.csv","2004/1/2","2007/12/31","-335545.688","18450.469","353996.157","0.532762223989","25","5253273.977","-5146548.977","106725.0","-645546.609"
"3_120_1_175_4.csv","2004/1/2","2007/12/31","-335545.688","18450.469","353996.157","0.532762223989","25","5253273.977","-5146548.977","106725.0","-645546.609"
"1_120_1_175_10.csv","2004/1/2","2007/12/31","-269830.469","119176.188","389006.657","0.532762105901","25","5772828.58","-5655548.455","117280.125","-709392.0"
"1_120_1_175_12.csv","2004/1/2","2007/12/31","-269830.469","119176.188","389006.657","0.532762105901","25","5772828.58","-5655548.455","117280.125","-709392.0"
"1_120_1_175_14.csv","2004/1/2","2007/12/31","-269830.469","119176.188","389006.657","0.532762105901","25","5772828.58","-5655548.455","117280.125","-709392.0"
"1_120_1_175_16.csv","2004/1/2","2007/12/31","-269830.469","119176.188","389006.657","0.532762105901","25","5772828.58","-5655548.455","117280.125","-709392.0"
"1_120_1_175_18.csv","2004/1/2","2007/12/31","-269830.469","119176.188","389006.657","0.532762105901","25","5772828.58","-5655548.455","117280.125","-709392.0"
"1_120_1_175_20.csv","2004/1/2","2007/12/31","-269830.469","119176.188","389006.657","0.532762105901","25","5772828.58","-5655548.455","117280.125","-709392.0"
"1_120_1_175_6.csv","2004/1/2","2007/12/31","-269830.469","119176.188","389006.657","0.532762105901","25","5772828.58","-5655548.455","117280.125","-709392.0"
"1_120_1_175_8.csv","2004/1/2","2007/12/31","-269830.469","119176.188","389006.657","0.532762105901","25","5772828.58","-5655548.455","117280.125","-709392.0"
"3_120_1_175_10.csv","2004/1/2","2007/12/31","-269830.469","119176.188","389006.657","0.532762105901","25","5772828.58","-5655548.455","117280.125","-709392.0"
"3_120_1_175_12.csv","2004/1/2","2007/12/31","-269830.469","119176.188","389006.657","0.532762105901","25","5772828.58","-5655548.455","117280.125","-709392.0"
"3_120_1_175_14.csv","2004/1/2","2007/12/31","-269830.469","119176.188","389006.657","0.532762105901","25","5772828.58","-5655548.455","117280.125","-709392.0"
"3_120_1_175_16.csv","2004/1/2","2007/12/31","-269830.469","119176.188","389006.657","0.532762105901","25","5772828.58","-5655548.455","117280.125","-709392.0"
"3_120_1_175_18.csv","2004/1/2","2007/12/31","-269830.469","119176.188","389006.657","0.532762105901","25","5772828.58","-5655548.455","117280.125","-709392.0"
"3_120_1_175_20.csv","2004/1/2","2007/12/31","-269830.469","119176.188","389006.657","0.532762105901","25","5772828.58","-5655548.455","117280.125","-709392.0"
"3_120_1_175_6.csv","2004/1/2","2007/12/31","-269830.469","119176.188","389006.657","0.532762105901","25","5772828.58","-5655548.455","117280.125","-709392.0"
"3_120_1_175_8.csv","2004/1/2","2007/12/31","-269830.469","119176.188","389006.657","0.532762105901","25","5772828.58","-5655548.455","117280.125","-709392.0"
"1_120_1_200_4.csv","2004/1/2","2007/12/31","-322878.781","37865.883","360744.664","0.532762308841","25","5353421.463","-5244661.861","108759.602","-657853.188"
"3_120_1_200_4.csv","2004/1/2","2007/12/31","-322878.781","37865.883","360744.664","0.532762308841","25","5353421.463","-5244661.861","108759.602","-657853.188"
"1_100_1.5_225_10.csv","2004/1/2","2007/12/31","-147526.813","7209.719","154736.532","0.181514837487","21","3782853.587","-3945666.618","-162813.031","-627831.422"
"1_100_1.5_225_12.csv","2004/1/2","2007/12/31","-147526.813","7209.719","154736.532","0.181514837487","21","3782853.587","-3945666.618","-162813.031","-627831.422"
"1_100_1.5_225_14.csv","2004/1/2","2007/12/31","-147526.813","7209.719","154736.532","0.181514837487","21","3782853.587","-3945666.618","-162813.031","-627831.422"
"1_100_1.5_225_16.csv","2004/1/2","2007/12/31","-147526.813","7209.719","154736.532","0.181514837487","21","3782853.587","-3945666.618","-162813.031","-627831.422"
"1_100_1.5_225_18.csv","2004/1/2","2007/12/31","-147526.813","7209.719","154736.532","0.181514837487","21","3782853.587","-3945666.618","-162813.031","-627831.422"
"1_100_1.5_225_20.csv","2004/1/2","2007/12/31","-147526.813","7209.719","154736.532","0.181514837487","21","3782853.587","-3945666.618","-162813.031","-627831.422"
"1_100_1.5_225_4.csv","2004/1/2","2007/12/31","-147526.813","7209.719","154736.532","0.181514837487","21","3782853.587","-3945666.618","-162813.031","-627831.422"
"1_100_1.5_225_6.csv","2004/1/2","2007/12/31","-147526.813","7209.719","154736.532","0.181514837487","21","3782853.587","-3945666.618","-162813.031","-627831.422"
"1_100_1.5_225_8.csv","2004/1/2","2007/12/31","-147526.813","7209.719","154736.532","0.181514837487","21","3782853.587","-3945666.618","-162813.031","-627831.422"
"3_100_1.5_225_10.csv","2004/1/2","2007/12/31","-147526.813","7209.719","154736.532","0.181514837487","21","3782853.587","-3945666.618","-162813.031","-627831.422"
"3_100_1.5_225_12.csv","2004/1/2","2007/12/31","-147526.813","7209.719","154736.532","0.181514837487","21","3782853.587","-3945666.618","-162813.031","-627831.422"
"3_100_1.5_225_14.csv","2004/1/2","2007/12/31","-147526.813","7209.719","154736.532","0.181514837487","21","3782853.587","-3945666.618","-162813.031","-627831.422"
"3_100_1.5_225_16.csv","2004/1/2","2007/12/31","-147526.813","7209.719","154736.532","0.181514837487","21","3782853.587","-3945666.618","-162813.031","-627831.422"
"3_100_1.5_225_18.csv","2004/1/2","2007/12/31","-147526.813","7209.719","154736.532","0.181514837487","21","3782853.587","-3945666.618","-162813.031","-627831.422"
"3_100_1.5_225_20.csv","2004/1/2","2007/12/31","-147526.813","7209.719","154736.532","0.181514837487","21","3782853.587","-3945666.618","-162813.031","-627831.422"
"3_100_1.5_225_4.csv","2004/1/2","2007/12/31","-147526.813","7209.719","154736.532","0.181514837487","21","3782853.587","-3945666.618","-162813.031","-627831.422"
"3_100_1.5_225_6.csv","2004/1/2","2007/12/31","-147526.813","7209.719","154736.532","0.181514837487","21","3782853.587","-3945666.618","-162813.031","-627831.422"
"3_100_1.5_225_8.csv","2004/1/2","2007/12/31","-147526.813","7209.719","154736.532","0.181514837487","21","3782853.587","-3945666.618","-162813.031","-627831.422"
"1_40_1.25_225_10.csv","2004/1/2","2007/12/31","166996.688","850320.0","683323.312","0.585540061104","23","4925987.585","-4678240.398","247747.187","-674231.008"
"1_40_1.25_225_12.csv","2004/1/2","2007/12/31","166996.688","850320.0","683323.312","0.585540061104","23","4925987.585","-4678240.398","247747.187","-674231.008"
"1_40_1.25_225_14.csv","2004/1/2","2007/12/31","166996.688","850320.0","683323.312","0.585540061104","23","4925987.585","-4678240.398","247747.187","-674231.008"
"1_40_1.25_225_16.csv","2004/1/2","2007/12/31","166996.688","850320.0","683323.312","0.585540061104","23","4925987.585","-4678240.398","247747.187","-674231.008"
"1_40_1.25_225_18.csv","2004/1/2","2007/12/31","166996.688","850320.0","683323.312","0.585540061104","23","4925987.585","-4678240.398","247747.187","-674231.008"
"1_40_1.25_225_20.csv","2004/1/2","2007/12/31","166996.688","850320.0","683323.312","0.585540061104","23","4925987.585","-4678240.398","247747.187","-674231.008"
"1_40_1.25_225_4.csv","2004/1/2","2007/12/31","166996.688","850320.0","683323.312","0.585540061104","23","4925987.585","-4678240.398","247747.187","-674231.008"
"1_40_1.25_225_6.csv","2004/1/2","2007/12/31","166996.688","850320.0","683323.312","0.585540061104","23","4925987.585","-4678240.398","247747.187","-674231.008"
"1_40_1.25_225_8.csv","2004/1/2","2007/12/31","166996.688","850320.0","683323.312","0.585540061104","23","4925987.585","-4678240.398","247747.187","-674231.008"
"3_40_1.25_225_10.csv","2004/1/2","2007/12/31","166996.688","850320.0","683323.312","0.585540061104","23","4925987.585","-4678240.398","247747.187","-674231.008"
"3_40_1.25_225_12.csv","2004/1/2","2007/12/31","166996.688","850320.0","683323.312","0.585540061104","23","4925987.585","-4678240.398","247747.187","-674231.008"
"3_40_1.25_225_14.csv","2004/1/2","2007/12/31","166996.688","850320.0","683323.312","0.585540061104","23","4925987.585","-4678240.398","247747.187","-674231.008"
"3_40_1.25_225_16.csv","2004/1/2","2007/12/31","166996.688","850320.0","683323.312","0.585540061104","23","4925987.585","-4678240.398","247747.187","-674231.008"
"3_40_1.25_225_18.csv","2004/1/2","2007/12/31","166996.688","850320.0","683323.312","0.585540061104","23","4925987.585","-4678240.398","247747.187","-674231.008"
"3_40_1.25_225_20.csv","2004/1/2","2007/12/31","166996.688","850320.0","683323.312","0.585540061104","23","4925987.585","-4678240.398","247747.187","-674231.008"
"3_40_1.25_225_4.csv","2004/1/2","2007/12/31","166996.688","850320.0","683323.312","0.585540061104","23","4925987.585","-4678240.398","247747.187","-674231.008"
"3_40_1.25_225_6.csv","2004/1/2","2007/12/31","166996.688","850320.0","683323.312","0.585540061104","23","4925987.585","-4678240.398","247747.187","-674231.008"
"3_40_1.25_225_8.csv","2004/1/2","2007/12/31","166996.688","850320.0","683323.312","0.585540061104","23","4925987.585","-4678240.398","247747.187","-674231.008"
"2_20_1.25_125_6.csv","2004/1/2","2007/12/31","70242.938","768261.875","698018.937","0.652206066694","17","6165319.794","-5867767.419","297552.375","-800850.313"
"2_120_2_175_6.csv","2004/1/2","2007/12/31","-271651.313","88403.766","360055.079","0.494344378491","6","3447389.363","-3361290.55","86098.813","-526371.441"
"2_120_2_200_6.csv","2004/1/2","2007/12/31","-271651.313","88403.766","360055.079","0.494344378491","6","3447389.363","-3361290.55","86098.813","-526371.441"
"2_120_2_100_6.csv","2004/1/2","2007/12/31","-274399.781","84296.656","358696.437","0.494344444237","6","3434380.548","-3348606.611","85773.937","-524385.133"
"2_120_2_125_6.csv","2004/1/2","2007/12/31","-274399.781","84296.656","358696.437","0.494344444237","6","3434380.548","-3348606.611","85773.937","-524385.133"
"2_120_2_150_6.csv","2004/1/2","2007/12/31","-274399.781","84296.656","358696.437","0.494344444237","6","3434380.548","-3348606.611","85773.937","-524385.133"
"2_120_2_50_6.csv","2004/1/2","2007/12/31","-274399.781","84296.656","358696.437","0.494344444237","6","3434380.548","-3348606.611","85773.937","-524385.133"
"2_120_2_75_6.csv","2004/1/2","2007/12/31","-274399.781","84296.656","358696.437","0.494344444237","6","3434380.548","-3348606.611","85773.937","-524385.133"
"2_120_2_225_6.csv","2004/1/2","2007/12/31","-175405.234","232228.563","407633.797","0.494344390491","6","3902937.254","-3805461.129","97476.125","-595927.688"
"2_40_0.75_75_6.csv","2004/1/2","2007/12/31","-87300.383","960755.063","1048055.446","1.14830271261","16","8459973.83","-7756840.689","703133.141","-765335.219"
"1_40_1_50_4.csv","2004/1/2","2007/12/31","1207775.75","2588042.75","1380267.0","0.625184419206","35","13950725.62","-13406164.62","544561.0","-1625194.0"
"3_40_1_50_4.csv","2004/1/2","2007/12/31","1207775.75","2588042.75","1380267.0","0.625184419206","35","13950725.62","-13406164.62","544561.0","-1625194.0"
"1_40_1_50_10.csv","2004/1/2","2007/12/31","1221574.125","2610468.25","1388894.125","0.625184687457","35","14037917.807","-13489953.182","547964.625","-1635351.687"
"1_40_1_50_12.csv","2004/1/2","2007/12/31","1221574.125","2610468.25","1388894.125","0.625184687457","35","14037917.807","-13489953.182","547964.625","-1635351.687"
"1_40_1_50_14.csv","2004/1/2","2007/12/31","1221574.125","2610468.25","1388894.125","0.625184687457","35","14037917.807","-13489953.182","547964.625","-1635351.687"
"1_40_1_50_16.csv","2004/1/2","2007/12/31","1221574.125","2610468.25","1388894.125","0.625184687457","35","14037917.807","-13489953.182","547964.625","-1635351.687"
"1_40_1_50_18.csv","2004/1/2","2007/12/31","1221574.125","2610468.25","1388894.125","0.625184687457","35","14037917.807","-13489953.182","547964.625","-1635351.687"
"1_40_1_50_20.csv","2004/1/2","2007/12/31","1221574.125","2610468.25","1388894.125","0.625184687457","35","14037917.807","-13489953.182","547964.625","-1635351.687"
"1_40_1_50_6.csv","2004/1/2","2007/12/31","1221574.125","2610468.25","1388894.125","0.625184687457","35","14037917.807","-13489953.182","547964.625","-1635351.687"
"1_40_1_50_8.csv","2004/1/2","2007/12/31","1221574.125","2610468.25","1388894.125","0.625184687457","35","14037917.807","-13489953.182","547964.625","-1635351.687"
"3_40_1_50_10.csv","2004/1/2","2007/12/31","1221574.125","2610468.25","1388894.125","0.625184687457","35","14037917.807","-13489953.182","547964.625","-1635351.687"
"3_40_1_50_12.csv","2004/1/2","2007/12/31","1221574.125","2610468.25","1388894.125","0.625184687457","35","14037917.807","-13489953.182","547964.625","-1635351.687"
"3_40_1_50_14.csv","2004/1/2","2007/12/31","1221574.125","2610468.25","1388894.125","0.625184687457","35","14037917.807","-13489953.182","547964.625","-1635351.687"
"3_40_1_50_16.csv","2004/1/2","2007/12/31","1221574.125","2610468.25","1388894.125","0.625184687457","35","14037917.807","-13489953.182","547964.625","-1635351.687"
"3_40_1_50_18.csv","2004/1/2","2007/12/31","1221574.125","2610468.25","1388894.125","0.625184687457","35","14037917.807","-13489953.182","547964.625","-1635351.687"
"3_40_1_50_20.csv","2004/1/2","2007/12/31","1221574.125","2610468.25","1388894.125","0.625184687457","35","14037917.807","-13489953.182","547964.625","-1635351.687"
"3_40_1_50_6.csv","2004/1/2","2007/12/31","1221574.125","2610468.25","1388894.125","0.625184687457","35","14037917.807","-13489953.182","547964.625","-1635351.687"
"3_40_1_50_8.csv","2004/1/2","2007/12/31","1221574.125","2610468.25","1388894.125","0.625184687457","35","14037917.807","-13489953.182","547964.625","-1635351.687"
"2_20_1.25_175_6.csv","2004/1/2","2007/12/31","94120.172","913773.188","819653.016","0.749143500848","18","6397703.608","-5993735.17","403968.438","-825564.438"
"2_40_1_225_4.csv","2004/1/2","2007/12/31","-296358.875","1149750.5","1446109.375","2.05518029521","10","5711318.854","-4533814.471","1177504.383","-429052.532"
"1_120_2_225_10.csv","2004/1/2","2007/12/31","737906.563","1147447.5","409540.937","0.23565187319","11","4584929.032","-4841392.157","-256463.125","-1183017.594"
"1_120_2_225_12.csv","2004/1/2","2007/12/31","737906.563","1147447.5","409540.937","0.23565187319","11","4584929.032","-4841392.157","-256463.125","-1183017.594"
"1_120_2_225_14.csv","2004/1/2","2007/12/31","737906.563","1147447.5","409540.937","0.23565187319","11","4584929.032","-4841392.157","-256463.125","-1183017.594"
"1_120_2_225_16.csv","2004/1/2","2007/12/31","737906.563","1147447.5","409540.937","0.23565187319","11","4584929.032","-4841392.157","-256463.125","-1183017.594"
"1_120_2_225_18.csv","2004/1/2","2007/12/31","737906.563","1147447.5","409540.937","0.23565187319","11","4584929.032","-4841392.157","-256463.125","-1183017.594"
"1_120_2_225_20.csv","2004/1/2","2007/12/31","737906.563","1147447.5","409540.937","0.23565187319","11","4584929.032","-4841392.157","-256463.125","-1183017.594"
"1_120_2_225_4.csv","2004/1/2","2007/12/31","737906.563","1147447.5","409540.937","0.23565187319","11","4584929.032","-4841392.157","-256463.125","-1183017.594"
"1_120_2_225_6.csv","2004/1/2","2007/12/31","737906.563","1147447.5","409540.937","0.23565187319","11","4584929.032","-4841392.157","-256463.125","-1183017.594"
"1_120_2_225_8.csv","2004/1/2","2007/12/31","737906.563","1147447.5","409540.937","0.23565187319","11","4584929.032","-4841392.157","-256463.125","-1183017.594"
"3_120_2_225_10.csv","2004/1/2","2007/12/31","737906.563","1147447.5","409540.937","0.23565187319","11","4584929.032","-4841392.157","-256463.125","-1183017.594"
"3_120_2_225_12.csv","2004/1/2","2007/12/31","737906.563","1147447.5","409540.937","0.23565187319","11","4584929.032","-4841392.157","-256463.125","-1183017.594"
"3_120_2_225_14.csv","2004/1/2","2007/12/31","737906.563","1147447.5","409540.937","0.23565187319","11","4584929.032","-4841392.157","-256463.125","-1183017.594"
"3_120_2_225_16.csv","2004/1/2","2007/12/31","737906.563","1147447.5","409540.937","0.23565187319","11","4584929.032","-4841392.157","-256463.125","-1183017.594"
"3_120_2_225_18.csv","2004/1/2","2007/12/31","737906.563","1147447.5","409540.937","0.23565187319","11","4584929.032","-4841392.157","-256463.125","-1183017.594"
"3_120_2_225_20.csv","2004/1/2","2007/12/31","737906.563","1147447.5","409540.937","0.23565187319","11","4584929.032","-4841392.157","-256463.125","-1183017.594"
"3_120_2_225_4.csv","2004/1/2","2007/12/31","737906.563","1147447.5","409540.937","0.23565187319","11","4584929.032","-4841392.157","-256463.125","-1183017.594"
"3_120_2_225_6.csv","2004/1/2","2007/12/31","737906.563","1147447.5","409540.937","0.23565187319","11","4584929.032","-4841392.157","-256463.125","-1183017.594"
"3_120_2_225_8.csv","2004/1/2","2007/12/31","737906.563","1147447.5","409540.937","0.23565187319","11","4584929.032","-4841392.157","-256463.125","-1183017.594"
"1_120_2_175_10.csv","2004/1/2","2007/12/31","620624.375","1002527.625","381903.25","0.235651922735","11","4275516.718","-4514672.718","-239156.0","-1103182.312"
"1_120_2_175_12.csv","2004/1/2","2007/12/31","620624.375","1002527.625","381903.25","0.235651922735","11","4275516.718","-4514672.718","-239156.0","-1103182.312"
"1_120_2_175_14.csv","2004/1/2","2007/12/31","620624.375","1002527.625","381903.25","0.235651922735","11","4275516.718","-4514672.718","-239156.0","-1103182.312"
"1_120_2_175_16.csv","2004/1/2","2007/12/31","620624.375","1002527.625","381903.25","0.235651922735","11","4275516.718","-4514672.718","-239156.0","-1103182.312"
"1_120_2_175_18.csv","2004/1/2","2007/12/31","620624.375","1002527.625","381903.25","0.235651922735","11","4275516.718","-4514672.718","-239156.0","-1103182.312"
"1_120_2_175_20.csv","2004/1/2","2007/12/31","620624.375","1002527.625","381903.25","0.235651922735","11","4275516.718","-4514672.718","-239156.0","-1103182.312"
"1_120_2_175_4.csv","2004/1/2","2007/12/31","620624.375","1002527.625","381903.25","0.235651922735","11","4275516.718","-4514672.718","-239156.0","-1103182.312"
"1_120_2_175_6.csv","2004/1/2","2007/12/31","620624.375","1002527.625","381903.25","0.235651922735","11","4275516.718","-4514672.718","-239156.0","-1103182.312"
"1_120_2_175_8.csv","2004/1/2","2007/12/31","620624.375","1002527.625","381903.25","0.235651922735","11","4275516.718","-4514672.718","-239156.0","-1103182.312"
"1_120_2_200_10.csv","2004/1/2","2007/12/31","620624.375","1002527.625","381903.25","0.235651922735","11","4275516.718","-4514672.718","-239156.0","-1103182.312"
"1_120_2_200_12.csv","2004/1/2","2007/12/31","620624.375","1002527.625","381903.25","0.235651922735","11","4275516.718","-4514672.718","-239156.0","-1103182.312"
"1_120_2_200_14.csv","2004/1/2","2007/12/31","620624.375","1002527.625","381903.25","0.235651922735","11","4275516.718","-4514672.718","-239156.0","-1103182.312"
"1_120_2_200_16.csv","2004/1/2","2007/12/31","620624.375","1002527.625","381903.25","0.235651922735","11","4275516.718","-4514672.718","-239156.0","-1103182.312"
"1_120_2_200_18.csv","2004/1/2","2007/12/31","620624.375","1002527.625","381903.25","0.235651922735","11","4275516.718","-4514672.718","-239156.0","-1103182.312"
"1_120_2_200_20.csv","2004/1/2","2007/12/31","620624.375","1002527.625","381903.25","0.235651922735","11","4275516.718","-4514672.718","-239156.0","-1103182.312"
"1_120_2_200_4.csv","2004/1/2","2007/12/31","620624.375","1002527.625","381903.25","0.235651922735","11","4275516.718","-4514672.718","-239156.0","-1103182.312"
"1_120_2_200_6.csv","2004/1/2","2007/12/31","620624.375","1002527.625","381903.25","0.235651922735","11","4275516.718","-4514672.718","-239156.0","-1103182.312"
"1_120_2_200_8.csv","2004/1/2","2007/12/31","620624.375","1002527.625","381903.25","0.235651922735","11","4275516.718","-4514672.718","-239156.0","-1103182.312"
"3_120_2_175_10.csv","2004/1/2","2007/12/31","620624.375","1002527.625","381903.25","0.235651922735","11","4275516.718","-4514672.718","-239156.0","-1103182.312"
"3_120_2_175_12.csv","2004/1/2","2007/12/31","620624.375","1002527.625","381903.25","0.235651922735","11","4275516.718","-4514672.718","-239156.0","-1103182.312"
"3_120_2_175_14.csv","2004/1/2","2007/12/31","620624.375","1002527.625","381903.25","0.235651922735","11","4275516.718","-4514672.718","-239156.0","-1103182.312"
"3_120_2_175_16.csv","2004/1/2","2007/12/31","620624.375","1002527.625","381903.25","0.235651922735","11","4275516.718","-4514672.718","-239156.0","-1103182.312"
"3_120_2_175_18.csv","2004/1/2","2007/12/31","620624.375","1002527.625","381903.25","0.235651922735","11","4275516.718","-4514672.718","-239156.0","-1103182.312"
"3_120_2_175_20.csv","2004/1/2","2007/12/31","620624.375","1002527.625","381903.25","0.235651922735","11","4275516.718","-4514672.718","-239156.0","-1103182.312"
"3_120_2_175_4.csv","2004/1/2","2007/12/31","620624.375","1002527.625","381903.25","0.235651922735","11","4275516.718","-4514672.718","-239156.0","-1103182.312"
"3_120_2_175_6.csv","2004/1/2","2007/12/31","620624.375","1002527.625","381903.25","0.235651922735","11","4275516.718","-4514672.718","-239156.0","-1103182.312"
"3_120_2_175_8.csv","2004/1/2","2007/12/31","620624.375","1002527.625","381903.25","0.235651922735","11","4275516.718","-4514672.718","-239156.0","-1103182.312"
"3_120_2_200_10.csv","2004/1/2","2007/12/31","620624.375","1002527.625","381903.25","0.235651922735","11","4275516.718","-4514672.718","-239156.0","-1103182.312"
"3_120_2_200_12.csv","2004/1/2","2007/12/31","620624.375","1002527.625","381903.25","0.235651922735","11","4275516.718","-4514672.718","-239156.0","-1103182.312"
"3_120_2_200_14.csv","2004/1/2","2007/12/31","620624.375","1002527.625","381903.25","0.235651922735","11","4275516.718","-4514672.718","-239156.0","-1103182.312"
"3_120_2_200_16.csv","2004/1/2","2007/12/31","620624.375","1002527.625","381903.25","0.235651922735","11","4275516.718","-4514672.718","-239156.0","-1103182.312"
"3_120_2_200_18.csv","2004/1/2","2007/12/31","620624.375","1002527.625","381903.25","0.235651922735","11","4275516.718","-4514672.718","-239156.0","-1103182.312"
"3_120_2_200_20.csv","2004/1/2","2007/12/31","620624.375","1002527.625","381903.25","0.235651922735","11","4275516.718","-4514672.718","-239156.0","-1103182.312"
"3_120_2_200_4.csv","2004/1/2","2007/12/31","620624.375","1002527.625","381903.25","0.235651922735","11","4275516.718","-4514672.718","-239156.0","-1103182.312"
"3_120_2_200_6.csv","2004/1/2","2007/12/31","620624.375","1002527.625","381903.25","0.235651922735","11","4275516.718","-4514672.718","-239156.0","-1103182.312"
"3_120_2_200_8.csv","2004/1/2","2007/12/31","620624.375","1002527.625","381903.25","0.235651922735","11","4275516.718","-4514672.718","-239156.0","-1103182.312"
"1_120_2_100_10.csv","2004/1/2","2007/12/31","577815.25","949630.563","371815.313","0.235651996012","11","4162578.559","-4395417.121","-232838.562","-1074041.594"
"1_120_2_100_12.csv","2004/1/2","2007/12/31","577815.25","949630.563","371815.313","0.235651996012","11","4162578.559","-4395417.121","-232838.562","-1074041.594"
"1_120_2_100_14.csv","2004/1/2","2007/12/31","577815.25","949630.563","371815.313","0.235651996012","11","4162578.559","-4395417.121","-232838.562","-1074041.594"
"1_120_2_100_16.csv","2004/1/2","2007/12/31","577815.25","949630.563","371815.313","0.235651996012","11","4162578.559","-4395417.121","-232838.562","-1074041.594"
"1_120_2_100_18.csv","2004/1/2","2007/12/31","577815.25","949630.563","371815.313","0.235651996012","11","4162578.559","-4395417.121","-232838.562","-1074041.594"
"1_120_2_100_20.csv","2004/1/2","2007/12/31","577815.25","949630.563","371815.313","0.235651996012","11","4162578.559","-4395417.121","-232838.562","-1074041.594"
"1_120_2_100_4.csv","2004/1/2","2007/12/31","577815.25","949630.563","371815.313","0.235651996012","11","4162578.559","-4395417.121","-232838.562","-1074041.594"
"1_120_2_100_6.csv","2004/1/2","2007/12/31","577815.25","949630.563","371815.313","0.235651996012","11","4162578.559","-4395417.121","-232838.562","-1074041.594"
"1_120_2_100_8.csv","2004/1/2","2007/12/31","577815.25","949630.563","371815.313","0.235651996012","11","4162578.559","-4395417.121","-232838.562","-1074041.594"
"1_120_2_125_10.csv","2004/1/2","2007/12/31","577815.25","949630.563","371815.313","0.235651996012","11","4162578.559","-4395417.121","-232838.562","-1074041.594"
"1_120_2_125_12.csv","2004/1/2","2007/12/31","577815.25","949630.563","371815.313","0.235651996012","11","4162578.559","-4395417.121","-232838.562","-1074041.594"
"1_120_2_125_14.csv","2004/1/2","2007/12/31","577815.25","949630.563","371815.313","0.235651996012","11","4162578.559","-4395417.121","-232838.562","-1074041.594"
"1_120_2_125_16.csv","2004/1/2","2007/12/31","577815.25","949630.563","371815.313","0.235651996012","11","4162578.559","-4395417.121","-232838.562","-1074041.594"
"1_120_2_125_18.csv","2004/1/2","2007/12/31","577815.25","949630.563","371815.313","0.235651996012","11","4162578.559","-4395417.121","-232838.562","-1074041.594"
"1_120_2_125_20.csv","2004/1/2","2007/12/31","577815.25","949630.563","371815.313","0.235651996012","11","4162578.559","-4395417.121","-232838.562","-1074041.594"
"1_120_2_125_4.csv","2004/1/2","2007/12/31","577815.25","949630.563","371815.313","0.235651996012","11","4162578.559","-4395417.121","-232838.562","-1074041.594"
"1_120_2_125_6.csv","2004/1/2","2007/12/31","577815.25","949630.563","371815.313","0.235651996012","11","4162578.559","-4395417.121","-232838.562","-1074041.594"
"1_120_2_125_8.csv","2004/1/2","2007/12/31","577815.25","949630.563","371815.313","0.235651996012","11","4162578.559","-4395417.121","-232838.562","-1074041.594"
"1_120_2_150_10.csv","2004/1/2","2007/12/31","577815.25","949630.563","371815.313","0.235651996012","11","4162578.559","-4395417.121","-232838.562","-1074041.594"
"1_120_2_150_12.csv","2004/1/2","2007/12/31","577815.25","949630.563","371815.313","0.235651996012","11","4162578.559","-4395417.121","-232838.562","-1074041.594"
"1_120_2_150_14.csv","2004/1/2","2007/12/31","577815.25","949630.563","371815.313","0.235651996012","11","4162578.559","-4395417.121","-232838.562","-1074041.594"
"1_120_2_150_16.csv","2004/1/2","2007/12/31","577815.25","949630.563","371815.313","0.235651996012","11","4162578.559","-4395417.121","-232838.562","-1074041.594"
"1_120_2_150_18.csv","2004/1/2","2007/12/31","577815.25","949630.563","371815.313","0.235651996012","11","4162578.559","-4395417.121","-232838.562","-1074041.594"
"1_120_2_150_20.csv","2004/1/2","2007/12/31","577815.25","949630.563","371815.313","0.235651996012","11","4162578.559","-4395417.121","-232838.562","-1074041.594"
"1_120_2_150_4.csv","2004/1/2","2007/12/31","577815.25","949630.563","371815.313","0.235651996012","11","4162578.559","-4395417.121","-232838.562","-1074041.594"
"1_120_2_150_6.csv","2004/1/2","2007/12/31","577815.25","949630.563","371815.313","0.235651996012","11","4162578.559","-4395417.121","-232838.562","-1074041.594"
"1_120_2_150_8.csv","2004/1/2","2007/12/31","577815.25","949630.563","371815.313","0.235651996012","11","4162578.559","-4395417.121","-232838.562","-1074041.594"
"1_120_2_50_10.csv","2004/1/2","2007/12/31","577815.25","949630.563","371815.313","0.235651996012","11","4162578.559","-4395417.121","-232838.562","-1074041.594"
"1_120_2_50_12.csv","2004/1/2","2007/12/31","577815.25","949630.563","371815.313","0.235651996012","11","4162578.559","-4395417.121","-232838.562","-1074041.594"
"1_120_2_50_14.csv","2004/1/2","2007/12/31","577815.25","949630.563","371815.313","0.235651996012","11","4162578.559","-4395417.121","-232838.562","-1074041.594"
"1_120_2_50_16.csv","2004/1/2","2007/12/31","577815.25","949630.563","371815.313","0.235651996012","11","4162578.559","-4395417.121","-232838.562","-1074041.594"
"1_120_2_50_18.csv","2004/1/2","2007/12/31","577815.25","949630.563","371815.313","0.235651996012","11","4162578.559","-4395417.121","-232838.562","-1074041.594"
"1_120_2_50_20.csv","2004/1/2","2007/12/31","577815.25","949630.563","371815.313","0.235651996012","11","4162578.559","-4395417.121","-232838.562","-1074041.594"
"1_120_2_50_4.csv","2004/1/2","2007/12/31","577815.25","949630.563","371815.313","0.235651996012","11","4162578.559","-4395417.121","-232838.562","-1074041.594"
"1_120_2_50_6.csv","2004/1/2","2007/12/31","577815.25","949630.563","371815.313","0.235651996012","11","4162578.559","-4395417.121","-232838.562","-1074041.594"
"1_120_2_50_8.csv","2004/1/2","2007/12/31","577815.25","949630.563","371815.313","0.235651996012","11","4162578.559","-4395417.121","-232838.562","-1074041.594"
"1_120_2_75_10.csv","2004/1/2","2007/12/31","577815.25","949630.563","371815.313","0.235651996012","11","4162578.559","-4395417.121","-232838.562","-1074041.594"
"1_120_2_75_12.csv","2004/1/2","2007/12/31","577815.25","949630.563","371815.313","0.235651996012","11","4162578.559","-4395417.121","-232838.562","-1074041.594"
"1_120_2_75_14.csv","2004/1/2","2007/12/31","577815.25","949630.563","371815.313","0.235651996012","11","4162578.559","-4395417.121","-232838.562","-1074041.594"
"1_120_2_75_16.csv","2004/1/2","2007/12/31","577815.25","949630.563","371815.313","0.235651996012","11","4162578.559","-4395417.121","-232838.562","-1074041.594"
"1_120_2_75_18.csv","2004/1/2","2007/12/31","577815.25","949630.563","371815.313","0.235651996012","11","4162578.559","-4395417.121","-232838.562","-1074041.594"
"1_120_2_75_20.csv","2004/1/2","2007/12/31","577815.25","949630.563","371815.313","0.235651996012","11","4162578.559","-4395417.121","-232838.562","-1074041.594"
"1_120_2_75_4.csv","2004/1/2","2007/12/31","577815.25","949630.563","371815.313","0.235651996012","11","4162578.559","-4395417.121","-232838.562","-1074041.594"
"1_120_2_75_6.csv","2004/1/2","2007/12/31","577815.25","949630.563","371815.313","0.235651996012","11","4162578.559","-4395417.121","-232838.562","-1074041.594"
"1_120_2_75_8.csv","2004/1/2","2007/12/31","577815.25","949630.563","371815.313","0.235651996012","11","4162578.559","-4395417.121","-232838.562","-1074041.594"
"3_120_2_100_10.csv","2004/1/2","2007/12/31","577815.25","949630.563","371815.313","0.235651996012","11","4162578.559","-4395417.121","-232838.562","-1074041.594"
"3_120_2_100_12.csv","2004/1/2","2007/12/31","577815.25","949630.563","371815.313","0.235651996012","11","4162578.559","-4395417.121","-232838.562","-1074041.594"
"3_120_2_100_14.csv","2004/1/2","2007/12/31","577815.25","949630.563","371815.313","0.235651996012","11","4162578.559","-4395417.121","-232838.562","-1074041.594"
"3_120_2_100_16.csv","2004/1/2","2007/12/31","577815.25","949630.563","371815.313","0.235651996012","11","4162578.559","-4395417.121","-232838.562","-1074041.594"
"3_120_2_100_18.csv","2004/1/2","2007/12/31","577815.25","949630.563","371815.313","0.235651996012","11","4162578.559","-4395417.121","-232838.562","-1074041.594"
"3_120_2_100_20.csv","2004/1/2","2007/12/31","577815.25","949630.563","371815.313","0.235651996012","11","4162578.559","-4395417.121","-232838.562","-1074041.594"
"3_120_2_100_4.csv","2004/1/2","2007/12/31","577815.25","949630.563","371815.313","0.235651996012","11","4162578.559","-4395417.121","-232838.562","-1074041.594"
"3_120_2_100_6.csv","2004/1/2","2007/12/31","577815.25","949630.563","371815.313","0.235651996012","11","4162578.559","-4395417.121","-232838.562","-1074041.594"
"3_120_2_100_8.csv","2004/1/2","2007/12/31","577815.25","949630.563","371815.313","0.235651996012","11","4162578.559","-4395417.121","-232838.562","-1074041.594"
"3_120_2_125_10.csv","2004/1/2","2007/12/31","577815.25","949630.563","371815.313","0.235651996012","11","4162578.559","-4395417.121","-232838.562","-1074041.594"
"3_120_2_125_12.csv","2004/1/2","2007/12/31","577815.25","949630.563","371815.313","0.235651996012","11","4162578.559","-4395417.121","-232838.562","-1074041.594"
"3_120_2_125_14.csv","2004/1/2","2007/12/31","577815.25","949630.563","371815.313","0.235651996012","11","4162578.559","-4395417.121","-232838.562","-1074041.594"
"3_120_2_125_16.csv","2004/1/2","2007/12/31","577815.25","949630.563","371815.313","0.235651996012","11","4162578.559","-4395417.121","-232838.562","-1074041.594"
"3_120_2_125_18.csv","2004/1/2","2007/12/31","577815.25","949630.563","371815.313","0.235651996012","11","4162578.559","-4395417.121","-232838.562","-1074041.594"
"3_120_2_125_20.csv","2004/1/2","2007/12/31","577815.25","949630.563","371815.313","0.235651996012","11","4162578.559","-4395417.121","-232838.562","-1074041.594"
"3_120_2_125_4.csv","2004/1/2","2007/12/31","577815.25","949630.563","371815.313","0.235651996012","11","4162578.559","-4395417.121","-232838.562","-1074041.594"
"3_120_2_125_6.csv","2004/1/2","2007/12/31","577815.25","949630.563","371815.313","0.235651996012","11","4162578.559","-4395417.121","-232838.562","-1074041.594"
"3_120_2_125_8.csv","2004/1/2","2007/12/31","577815.25","949630.563","371815.313","0.235651996012","11","4162578.559","-4395417.121","-232838.562","-1074041.594"
"3_120_2_150_10.csv","2004/1/2","2007/12/31","577815.25","949630.563","371815.313","0.235651996012","11","4162578.559","-4395417.121","-232838.562","-1074041.594"
"3_120_2_150_12.csv","2004/1/2","2007/12/31","577815.25","949630.563","371815.313","0.235651996012","11","4162578.559","-4395417.121","-232838.562","-1074041.594"
"3_120_2_150_14.csv","2004/1/2","2007/12/31","577815.25","949630.563","371815.313","0.235651996012","11","4162578.559","-4395417.121","-232838.562","-1074041.594"
"3_120_2_150_16.csv","2004/1/2","2007/12/31","577815.25","949630.563","371815.313","0.235651996012","11","4162578.559","-4395417.121","-232838.562","-1074041.594"
"3_120_2_150_18.csv","2004/1/2","2007/12/31","577815.25","949630.563","371815.313","0.235651996012","11","4162578.559","-4395417.121","-232838.562","-1074041.594"
"3_120_2_150_20.csv","2004/1/2","2007/12/31","577815.25","949630.563","371815.313","0.235651996012","11","4162578.559","-4395417.121","-232838.562","-1074041.594"
"3_120_2_150_4.csv","2004/1/2","2007/12/31","577815.25","949630.563","371815.313","0.235651996012","11","4162578.559","-4395417.121","-232838.562","-1074041.594"
"3_120_2_150_6.csv","2004/1/2","2007/12/31","577815.25","949630.563","371815.313","0.235651996012","11","4162578.559","-4395417.121","-232838.562","-1074041.594"
"3_120_2_150_8.csv","2004/1/2","2007/12/31","577815.25","949630.563","371815.313","0.235651996012","11","4162578.559","-4395417.121","-232838.562","-1074041.594"
"3_120_2_50_10.csv","2004/1/2","2007/12/31","577815.25","949630.563","371815.313","0.235651996012","11","4162578.559","-4395417.121","-232838.562","-1074041.594"
"3_120_2_50_12.csv","2004/1/2","2007/12/31","577815.25","949630.563","371815.313","0.235651996012","11","4162578.559","-4395417.121","-232838.562","-1074041.594"
"3_120_2_50_14.csv","2004/1/2","2007/12/31","577815.25","949630.563","371815.313","0.235651996012","11","4162578.559","-4395417.121","-232838.562","-1074041.594"
"3_120_2_50_16.csv","2004/1/2","2007/12/31","577815.25","949630.563","371815.313","0.235651996012","11","4162578.559","-4395417.121","-232838.562","-1074041.594"
"3_120_2_50_18.csv","2004/1/2","2007/12/31","577815.25","949630.563","371815.313","0.235651996012","11","4162578.559","-4395417.121","-232838.562","-1074041.594"
"3_120_2_50_20.csv","2004/1/2","2007/12/31","577815.25","949630.563","371815.313","0.235651996012","11","4162578.559","-4395417.121","-232838.562","-1074041.594"
"3_120_2_50_4.csv","2004/1/2","2007/12/31","577815.25","949630.563","371815.313","0.235651996012","11","4162578.559","-4395417.121","-232838.562","-1074041.594"
"3_120_2_50_6.csv","2004/1/2","2007/12/31","577815.25","949630.563","371815.313","0.235651996012","11","4162578.559","-4395417.121","-232838.562","-1074041.594"
"3_120_2_50_8.csv","2004/1/2","2007/12/31","577815.25","949630.563","371815.313","0.235651996012","11","4162578.559","-4395417.121","-232838.562","-1074041.594"
"3_120_2_75_10.csv","2004/1/2","2007/12/31","577815.25","949630.563","371815.313","0.235651996012","11","4162578.559","-4395417.121","-232838.562","-1074041.594"
"3_120_2_75_12.csv","2004/1/2","2007/12/31","577815.25","949630.563","371815.313","0.235651996012","11","4162578.559","-4395417.121","-232838.562","-1074041.594"
"3_120_2_75_14.csv","2004/1/2","2007/12/31","577815.25","949630.563","371815.313","0.235651996012","11","4162578.559","-4395417.121","-232838.562","-1074041.594"
"3_120_2_75_16.csv","2004/1/2","2007/12/31","577815.25","949630.563","371815.313","0.235651996012","11","4162578.559","-4395417.121","-232838.562","-1074041.594"
"3_120_2_75_18.csv","2004/1/2","2007/12/31","577815.25","949630.563","371815.313","0.235651996012","11","4162578.559","-4395417.121","-232838.562","-1074041.594"
"3_120_2_75_20.csv","2004/1/2","2007/12/31","577815.25","949630.563","371815.313","0.235651996012","11","4162578.559","-4395417.121","-232838.562","-1074041.594"
"3_120_2_75_4.csv","2004/1/2","2007/12/31","577815.25","949630.563","371815.313","0.235651996012","11","4162578.559","-4395417.121","-232838.562","-1074041.594"
"3_120_2_75_6.csv","2004/1/2","2007/12/31","577815.25","949630.563","371815.313","0.235651996012","11","4162578.559","-4395417.121","-232838.562","-1074041.594"
"3_120_2_75_8.csv","2004/1/2","2007/12/31","577815.25","949630.563","371815.313","0.235651996012","11","4162578.559","-4395417.121","-232838.562","-1074041.594"
"2_60_2_200_8.csv","2004/1/2","2007/12/31","43197.508","996762.563","953565.055","0.914079115112","5","7558587.491","-7005098.459","553489.032","-649259.445"
"2_60_2_225_8.csv","2004/1/2","2007/12/31","278761.813","1447651.25","1168889.437","0.914079092069","5","9265392.471","-8586920.284","678472.187","-795868.813"
"2_20_1.5_125_8.csv","2004/1/2","2007/12/31","507042.969","1668886.0","1161843.031","0.770942205962","16","9249487.508","-8666252.133","583235.375","-1046529.844"
"1_80_1.5_175_10.csv","2004/1/2","2007/12/31","164935.656","315403.281","150467.625","0.129163893495","27","4793452.438","-5092775.47","-299323.032","-861202.797"
"1_80_1.5_175_12.csv","2004/1/2","2007/12/31","164935.656","315403.281","150467.625","0.129163893495","27","4793452.438","-5092775.47","-299323.032","-861202.797"
"1_80_1.5_175_14.csv","2004/1/2","2007/12/31","164935.656","315403.281","150467.625","0.129163893495","27","4793452.438","-5092775.47","-299323.032","-861202.797"
"1_80_1.5_175_16.csv","2004/1/2","2007/12/31","164935.656","315403.281","150467.625","0.129163893495","27","4793452.438","-5092775.47","-299323.032","-861202.797"
"1_80_1.5_175_18.csv","2004/1/2","2007/12/31","164935.656","315403.281","150467.625","0.129163893495","27","4793452.438","-5092775.47","-299323.032","-861202.797"
"1_80_1.5_175_20.csv","2004/1/2","2007/12/31","164935.656","315403.281","150467.625","0.129163893495","27","4793452.438","-5092775.47","-299323.032","-861202.797"
"1_80_1.5_175_4.csv","2004/1/2","2007/12/31","164935.656","315403.281","150467.625","0.129163893495","27","4793452.438","-5092775.47","-299323.032","-861202.797"
"1_80_1.5_175_6.csv","2004/1/2","2007/12/31","164935.656","315403.281","150467.625","0.129163893495","27","4793452.438","-5092775.47","-299323.032","-861202.797"
"1_80_1.5_175_8.csv","2004/1/2","2007/12/31","164935.656","315403.281","150467.625","0.129163893495","27","4793452.438","-5092775.47","-299323.032","-861202.797"
"3_80_1.5_175_10.csv","2004/1/2","2007/12/31","164935.656","315403.281","150467.625","0.129163893495","27","4793452.438","-5092775.47","-299323.032","-861202.797"
"3_80_1.5_175_12.csv","2004/1/2","2007/12/31","164935.656","315403.281","150467.625","0.129163893495","27","4793452.438","-5092775.47","-299323.032","-861202.797"
"3_80_1.5_175_14.csv","2004/1/2","2007/12/31","164935.656","315403.281","150467.625","0.129163893495","27","4793452.438","-5092775.47","-299323.032","-861202.797"
"3_80_1.5_175_16.csv","2004/1/2","2007/12/31","164935.656","315403.281","150467.625","0.129163893495","27","4793452.438","-5092775.47","-299323.032","-861202.797"
"3_80_1.5_175_18.csv","2004/1/2","2007/12/31","164935.656","315403.281","150467.625","0.129163893495","27","4793452.438","-5092775.47","-299323.032","-861202.797"
"3_80_1.5_175_20.csv","2004/1/2","2007/12/31","164935.656","315403.281","150467.625","0.129163893495","27","4793452.438","-5092775.47","-299323.032","-861202.797"
"3_80_1.5_175_4.csv","2004/1/2","2007/12/31","164935.656","315403.281","150467.625","0.129163893495","27","4793452.438","-5092775.47","-299323.032","-861202.797"
"3_80_1.5_175_6.csv","2004/1/2","2007/12/31","164935.656","315403.281","150467.625","0.129163893495","27","4793452.438","-5092775.47","-299323.032","-861202.797"
"3_80_1.5_175_8.csv","2004/1/2","2007/12/31","164935.656","315403.281","150467.625","0.129163893495","27","4793452.438","-5092775.47","-299323.032","-861202.797"
"2_20_1.5_175_10.csv","2004/1/2","2007/12/31","120443.438","937082.188","816638.75","0.728853168579","16","6673736.943","-6294007.693","379729.25","-844329.688"
"2_20_1.5_175_12.csv","2004/1/2","2007/12/31","120443.438","937082.188","816638.75","0.728853168579","16","6673736.943","-6294007.693","379729.25","-844329.688"
"2_20_1.5_175_14.csv","2004/1/2","2007/12/31","120443.438","937082.188","816638.75","0.728853168579","16","6673736.943","-6294007.693","379729.25","-844329.688"
"2_20_1.5_175_16.csv","2004/1/2","2007/12/31","120443.438","937082.188","816638.75","0.728853168579","16","6673736.943","-6294007.693","379729.25","-844329.688"
"2_20_1.5_175_18.csv","2004/1/2","2007/12/31","120443.438","937082.188","816638.75","0.728853168579","16","6673736.943","-6294007.693","379729.25","-844329.688"
"2_20_1.5_175_20.csv","2004/1/2","2007/12/31","120443.438","937082.188","816638.75","0.728853168579","16","6673736.943","-6294007.693","379729.25","-844329.688"
"1_80_0.75_125_4.csv","2004/1/2","2007/12/31","-77084.141","332206.375","409290.516","0.443475439292","29","7782266.88","-7733005.755","49261.125","-984335.751"
"3_80_0.75_125_4.csv","2004/1/2","2007/12/31","-77084.141","332206.375","409290.516","0.443475439292","29","7782266.88","-7733005.755","49261.125","-984335.751"
"1_80_0.75_125_10.csv","2004/1/2","2007/12/31","-129959.836","255881.719","385841.555","0.443475566951","29","7336408.448","-7289969.557","46438.891","-927941.501"
"1_80_0.75_125_12.csv","2004/1/2","2007/12/31","-129959.836","255881.719","385841.555","0.443475566951","29","7336408.448","-7289969.557","46438.891","-927941.501"
"1_80_0.75_125_14.csv","2004/1/2","2007/12/31","-129959.836","255881.719","385841.555","0.443475566951","29","7336408.448","-7289969.557","46438.891","-927941.501"
"1_80_0.75_125_16.csv","2004/1/2","2007/12/31","-129959.836","255881.719","385841.555","0.443475566951","29","7336408.448","-7289969.557","46438.891","-927941.501"
"1_80_0.75_125_18.csv","2004/1/2","2007/12/31","-129959.836","255881.719","385841.555","0.443475566951","29","7336408.448","-7289969.557","46438.891","-927941.501"
"1_80_0.75_125_20.csv","2004/1/2","2007/12/31","-129959.836","255881.719","385841.555","0.443475566951","29","7336408.448","-7289969.557","46438.891","-927941.501"
"1_80_0.75_125_6.csv","2004/1/2","2007/12/31","-129959.836","255881.719","385841.555","0.443475566951","29","7336408.448","-7289969.557","46438.891","-927941.501"
"1_80_0.75_125_8.csv","2004/1/2","2007/12/31","-129959.836","255881.719","385841.555","0.443475566951","29","7336408.448","-7289969.557","46438.891","-927941.501"
"3_80_0.75_125_10.csv","2004/1/2","2007/12/31","-129959.836","255881.719","385841.555","0.443475566951","29","7336408.448","-7289969.557","46438.891","-927941.501"
"3_80_0.75_125_12.csv","2004/1/2","2007/12/31","-129959.836","255881.719","385841.555","0.443475566951","29","7336408.448","-7289969.557","46438.891","-927941.501"
"3_80_0.75_125_14.csv","2004/1/2","2007/12/31","-129959.836","255881.719","385841.555","0.443475566951","29","7336408.448","-7289969.557","46438.891","-927941.501"
"3_80_0.75_125_16.csv","2004/1/2","2007/12/31","-129959.836","255881.719","385841.555","0.443475566951","29","7336408.448","-7289969.557","46438.891","-927941.501"
"3_80_0.75_125_18.csv","2004/1/2","2007/12/31","-129959.836","255881.719","385841.555","0.443475566951","29","7336408.448","-7289969.557","46438.891","-927941.501"
"3_80_0.75_125_20.csv","2004/1/2","2007/12/31","-129959.836","255881.719","385841.555","0.443475566951","29","7336408.448","-7289969.557","46438.891","-927941.501"
"3_80_0.75_125_6.csv","2004/1/2","2007/12/31","-129959.836","255881.719","385841.555","0.443475566951","29","7336408.448","-7289969.557","46438.891","-927941.501"
"3_80_0.75_125_8.csv","2004/1/2","2007/12/31","-129959.836","255881.719","385841.555","0.443475566951","29","7336408.448","-7289969.557","46438.891","-927941.501"
"1_80_1.75_225_4.csv","2004/1/2","2007/12/31","400384.344","706073.875","305689.531","0.218289737606","18","4560110.871","-4803409.121","-243298.25","-890986.383"
"3_80_1.75_225_4.csv","2004/1/2","2007/12/31","400384.344","706073.875","305689.531","0.218289737606","18","4560110.871","-4803409.121","-243298.25","-890986.383"
"1_80_1.75_225_10.csv","2004/1/2","2007/12/31","383409.938","685394.25","301984.312","0.218289824082","18","4504836.651","-4745185.714","-240349.063","-880186.539"
"1_80_1.75_225_12.csv","2004/1/2","2007/12/31","383409.938","685394.25","301984.312","0.218289824082","18","4504836.651","-4745185.714","-240349.063","-880186.539"
"1_80_1.75_225_14.csv","2004/1/2","2007/12/31","383409.938","685394.25","301984.312","0.218289824082","18","4504836.651","-4745185.714","-240349.063","-880186.539"
"1_80_1.75_225_16.csv","2004/1/2","2007/12/31","383409.938","685394.25","301984.312","0.218289824082","18","4504836.651","-4745185.714","-240349.063","-880186.539"
"1_80_1.75_225_18.csv","2004/1/2","2007/12/31","383409.938","685394.25","301984.312","0.218289824082","18","4504836.651","-4745185.714","-240349.063","-880186.539"
"1_80_1.75_225_20.csv","2004/1/2","2007/12/31","383409.938","685394.25","301984.312","0.218289824082","18","4504836.651","-4745185.714","-240349.063","-880186.539"
"1_80_1.75_225_6.csv","2004/1/2","2007/12/31","383409.938","685394.25","301984.312","0.218289824082","18","4504836.651","-4745185.714","-240349.063","-880186.539"
"1_80_1.75_225_8.csv","2004/1/2","2007/12/31","383409.938","685394.25","301984.312","0.218289824082","18","4504836.651","-4745185.714","-240349.063","-880186.539"
"3_80_1.75_225_10.csv","2004/1/2","2007/12/31","383409.938","685394.25","301984.312","0.218289824082","18","4504836.651","-4745185.714","-240349.063","-880186.539"
"3_80_1.75_225_12.csv","2004/1/2","2007/12/31","383409.938","685394.25","301984.312","0.218289824082","18","4504836.651","-4745185.714","-240349.063","-880186.539"
"3_80_1.75_225_14.csv","2004/1/2","2007/12/31","383409.938","685394.25","301984.312","0.218289824082","18","4504836.651","-4745185.714","-240349.063","-880186.539"
"3_80_1.75_225_16.csv","2004/1/2","2007/12/31","383409.938","685394.25","301984.312","0.218289824082","18","4504836.651","-4745185.714","-240349.063","-880186.539"
"3_80_1.75_225_18.csv","2004/1/2","2007/12/31","383409.938","685394.25","301984.312","0.218289824082","18","4504836.651","-4745185.714","-240349.063","-880186.539"
"3_80_1.75_225_20.csv","2004/1/2","2007/12/31","383409.938","685394.25","301984.312","0.218289824082","18","4504836.651","-4745185.714","-240349.063","-880186.539"
"3_80_1.75_225_6.csv","2004/1/2","2007/12/31","383409.938","685394.25","301984.312","0.218289824082","18","4504836.651","-4745185.714","-240349.063","-880186.539"
"3_80_1.75_225_8.csv","2004/1/2","2007/12/31","383409.938","685394.25","301984.312","0.218289824082","18","4504836.651","-4745185.714","-240349.063","-880186.539"
"1_20_1.25_175_10.csv","2004/1/2","2007/12/31","43148.688","245361.125","202212.437","0.193848143919","39","3406083.049","-3618222.799","-212139.75","-630773.032"
"1_20_1.25_175_12.csv","2004/1/2","2007/12/31","43148.688","245361.125","202212.437","0.193848143919","39","3406083.049","-3618222.799","-212139.75","-630773.032"
"1_20_1.25_175_14.csv","2004/1/2","2007/12/31","43148.688","245361.125","202212.437","0.193848143919","39","3406083.049","-3618222.799","-212139.75","-630773.032"
"1_20_1.25_175_16.csv","2004/1/2","2007/12/31","43148.688","245361.125","202212.437","0.193848143919","39","3406083.049","-3618222.799","-212139.75","-630773.032"
"1_20_1.25_175_18.csv","2004/1/2","2007/12/31","43148.688","245361.125","202212.437","0.193848143919","39","3406083.049","-3618222.799","-212139.75","-630773.032"
"1_20_1.25_175_20.csv","2004/1/2","2007/12/31","43148.688","245361.125","202212.437","0.193848143919","39","3406083.049","-3618222.799","-212139.75","-630773.032"
"1_20_1.25_175_4.csv","2004/1/2","2007/12/31","43148.688","245361.125","202212.437","0.193848143919","39","3406083.049","-3618222.799","-212139.75","-630773.032"
"1_20_1.25_175_6.csv","2004/1/2","2007/12/31","43148.688","245361.125","202212.437","0.193848143919","39","3406083.049","-3618222.799","-212139.75","-630773.032"
"1_20_1.25_175_8.csv","2004/1/2","2007/12/31","43148.688","245361.125","202212.437","0.193848143919","39","3406083.049","-3618222.799","-212139.75","-630773.032"
"3_20_1.25_175_10.csv","2004/1/2","2007/12/31","43148.688","245361.125","202212.437","0.193848143919","39","3406083.049","-3618222.799","-212139.75","-630773.032"
"3_20_1.25_175_12.csv","2004/1/2","2007/12/31","43148.688","245361.125","202212.437","0.193848143919","39","3406083.049","-3618222.799","-212139.75","-630773.032"
"3_20_1.25_175_14.csv","2004/1/2","2007/12/31","43148.688","245361.125","202212.437","0.193848143919","39","3406083.049","-3618222.799","-212139.75","-630773.032"
"3_20_1.25_175_16.csv","2004/1/2","2007/12/31","43148.688","245361.125","202212.437","0.193848143919","39","3406083.049","-3618222.799","-212139.75","-630773.032"
"3_20_1.25_175_18.csv","2004/1/2","2007/12/31","43148.688","245361.125","202212.437","0.193848143919","39","3406083.049","-3618222.799","-212139.75","-630773.032"
"3_20_1.25_175_20.csv","2004/1/2","2007/12/31","43148.688","245361.125","202212.437","0.193848143919","39","3406083.049","-3618222.799","-212139.75","-630773.032"
"3_20_1.25_175_4.csv","2004/1/2","2007/12/31","43148.688","245361.125","202212.437","0.193848143919","39","3406083.049","-3618222.799","-212139.75","-630773.032"
"3_20_1.25_175_6.csv","2004/1/2","2007/12/31","43148.688","245361.125","202212.437","0.193848143919","39","3406083.049","-3618222.799","-212139.75","-630773.032"
"3_20_1.25_175_8.csv","2004/1/2","2007/12/31","43148.688","245361.125","202212.437","0.193848143919","39","3406083.049","-3618222.799","-212139.75","-630773.032"
"2_20_1.5_200_6.csv","2004/1/2","2007/12/31","-139402.172","483556.406","622958.578","0.723867244062","16","4340258.083","-4059455.458","280802.625","-649573.937"
"2_20_1.5_225_6.csv","2004/1/2","2007/12/31","10258.043","870121.875","859863.832","0.851132874376","16","5346740.102","-4888534.102","458206.0","-751393.36"
"2_40_1.25_125_6.csv","2004/1/2","2007/12/31","161397.844","2002508.625","1841110.781","1.58525417497","9","9862221.053","-8490571.991","1371649.062","-831760.125"
"1_100_1.5_100_10.csv","2004/1/2","2007/12/31","-187612.484","-77793.281","109819.203","0.135180810681","22","3609902.408","-3831329.095","-221426.687","-626465.687"
"1_100_1.5_100_12.csv","2004/1/2","2007/12/31","-187612.484","-77793.281","109819.203","0.135180810681","22","3609902.408","-3831329.095","-221426.687","-626465.687"
"1_100_1.5_100_14.csv","2004/1/2","2007/12/31","-187612.484","-77793.281","109819.203","0.135180810681","22","3609902.408","-3831329.095","-221426.687","-626465.687"
"1_100_1.5_100_16.csv","2004/1/2","2007/12/31","-187612.484","-77793.281","109819.203","0.135180810681","22","3609902.408","-3831329.095","-221426.687","-626465.687"
"1_100_1.5_100_18.csv","2004/1/2","2007/12/31","-187612.484","-77793.281","109819.203","0.135180810681","22","3609902.408","-3831329.095","-221426.687","-626465.687"
"1_100_1.5_100_20.csv","2004/1/2","2007/12/31","-187612.484","-77793.281","109819.203","0.135180810681","22","3609902.408","-3831329.095","-221426.687","-626465.687"
"1_100_1.5_100_4.csv","2004/1/2","2007/12/31","-187612.484","-77793.281","109819.203","0.135180810681","22","3609902.408","-3831329.095","-221426.687","-626465.687"
"1_100_1.5_100_6.csv","2004/1/2","2007/12/31","-187612.484","-77793.281","109819.203","0.135180810681","22","3609902.408","-3831329.095","-221426.687","-626465.687"
"1_100_1.5_100_8.csv","2004/1/2","2007/12/31","-187612.484","-77793.281","109819.203","0.135180810681","22","3609902.408","-3831329.095","-221426.687","-626465.687"
"1_100_1.5_125_10.csv","2004/1/2","2007/12/31","-187612.484","-77793.281","109819.203","0.135180810681","22","3609902.408","-3831329.095","-221426.687","-626465.687"
"1_100_1.5_125_12.csv","2004/1/2","2007/12/31","-187612.484","-77793.281","109819.203","0.135180810681","22","3609902.408","-3831329.095","-221426.687","-626465.687"
"1_100_1.5_125_14.csv","2004/1/2","2007/12/31","-187612.484","-77793.281","109819.203","0.135180810681","22","3609902.408","-3831329.095","-221426.687","-626465.687"
"1_100_1.5_125_16.csv","2004/1/2","2007/12/31","-187612.484","-77793.281","109819.203","0.135180810681","22","3609902.408","-3831329.095","-221426.687","-626465.687"
"1_100_1.5_125_18.csv","2004/1/2","2007/12/31","-187612.484","-77793.281","109819.203","0.135180810681","22","3609902.408","-3831329.095","-221426.687","-626465.687"
"1_100_1.5_125_20.csv","2004/1/2","2007/12/31","-187612.484","-77793.281","109819.203","0.135180810681","22","3609902.408","-3831329.095","-221426.687","-626465.687"
"1_100_1.5_125_4.csv","2004/1/2","2007/12/31","-187612.484","-77793.281","109819.203","0.135180810681","22","3609902.408","-3831329.095","-221426.687","-626465.687"
"1_100_1.5_125_6.csv","2004/1/2","2007/12/31","-187612.484","-77793.281","109819.203","0.135180810681","22","3609902.408","-3831329.095","-221426.687","-626465.687"
"1_100_1.5_125_8.csv","2004/1/2","2007/12/31","-187612.484","-77793.281","109819.203","0.135180810681","22","3609902.408","-3831329.095","-221426.687","-626465.687"
"1_100_1.5_50_10.csv","2004/1/2","2007/12/31","-187612.484","-77793.281","109819.203","0.135180810681","22","3609902.408","-3831329.095","-221426.687","-626465.687"
"1_100_1.5_50_12.csv","2004/1/2","2007/12/31","-187612.484","-77793.281","109819.203","0.135180810681","22","3609902.408","-3831329.095","-221426.687","-626465.687"
"1_100_1.5_50_14.csv","2004/1/2","2007/12/31","-187612.484","-77793.281","109819.203","0.135180810681","22","3609902.408","-3831329.095","-221426.687","-626465.687"
"1_100_1.5_50_16.csv","2004/1/2","2007/12/31","-187612.484","-77793.281","109819.203","0.135180810681","22","3609902.408","-3831329.095","-221426.687","-626465.687"
"1_100_1.5_50_18.csv","2004/1/2","2007/12/31","-187612.484","-77793.281","109819.203","0.135180810681","22","3609902.408","-3831329.095","-221426.687","-626465.687"
"1_100_1.5_50_20.csv","2004/1/2","2007/12/31","-187612.484","-77793.281","109819.203","0.135180810681","22","3609902.408","-3831329.095","-221426.687","-626465.687"
"1_100_1.5_50_4.csv","2004/1/2","2007/12/31","-187612.484","-77793.281","109819.203","0.135180810681","22","3609902.408","-3831329.095","-221426.687","-626465.687"
"1_100_1.5_50_6.csv","2004/1/2","2007/12/31","-187612.484","-77793.281","109819.203","0.135180810681","22","3609902.408","-3831329.095","-221426.687","-626465.687"
"1_100_1.5_50_8.csv","2004/1/2","2007/12/31","-187612.484","-77793.281","109819.203","0.135180810681","22","3609902.408","-3831329.095","-221426.687","-626465.687"
"1_100_1.5_75_10.csv","2004/1/2","2007/12/31","-187612.484","-77793.281","109819.203","0.135180810681","22","3609902.408","-3831329.095","-221426.687","-626465.687"
"1_100_1.5_75_12.csv","2004/1/2","2007/12/31","-187612.484","-77793.281","109819.203","0.135180810681","22","3609902.408","-3831329.095","-221426.687","-626465.687"
"1_100_1.5_75_14.csv","2004/1/2","2007/12/31","-187612.484","-77793.281","109819.203","0.135180810681","22","3609902.408","-3831329.095","-221426.687","-626465.687"
"1_100_1.5_75_16.csv","2004/1/2","2007/12/31","-187612.484","-77793.281","109819.203","0.135180810681","22","3609902.408","-3831329.095","-221426.687","-626465.687"
"1_100_1.5_75_18.csv","2004/1/2","2007/12/31","-187612.484","-77793.281","109819.203","0.135180810681","22","3609902.408","-3831329.095","-221426.687","-626465.687"
"1_100_1.5_75_20.csv","2004/1/2","2007/12/31","-187612.484","-77793.281","109819.203","0.135180810681","22","3609902.408","-3831329.095","-221426.687","-626465.687"
"1_100_1.5_75_4.csv","2004/1/2","2007/12/31","-187612.484","-77793.281","109819.203","0.135180810681","22","3609902.408","-3831329.095","-221426.687","-626465.687"
"1_100_1.5_75_6.csv","2004/1/2","2007/12/31","-187612.484","-77793.281","109819.203","0.135180810681","22","3609902.408","-3831329.095","-221426.687","-626465.687"
"1_100_1.5_75_8.csv","2004/1/2","2007/12/31","-187612.484","-77793.281","109819.203","0.135180810681","22","3609902.408","-3831329.095","-221426.687","-626465.687"
"3_100_1.5_100_10.csv","2004/1/2","2007/12/31","-187612.484","-77793.281","109819.203","0.135180810681","22","3609902.408","-3831329.095","-221426.687","-626465.687"
"3_100_1.5_100_12.csv","2004/1/2","2007/12/31","-187612.484","-77793.281","109819.203","0.135180810681","22","3609902.408","-3831329.095","-221426.687","-626465.687"
"3_100_1.5_100_14.csv","2004/1/2","2007/12/31","-187612.484","-77793.281","109819.203","0.135180810681","22","3609902.408","-3831329.095","-221426.687","-626465.687"
"3_100_1.5_100_16.csv","2004/1/2","2007/12/31","-187612.484","-77793.281","109819.203","0.135180810681","22","3609902.408","-3831329.095","-221426.687","-626465.687"
"3_100_1.5_100_18.csv","2004/1/2","2007/12/31","-187612.484","-77793.281","109819.203","0.135180810681","22","3609902.408","-3831329.095","-221426.687","-626465.687"
"3_100_1.5_100_20.csv","2004/1/2","2007/12/31","-187612.484","-77793.281","109819.203","0.135180810681","22","3609902.408","-3831329.095","-221426.687","-626465.687"
"3_100_1.5_100_4.csv","2004/1/2","2007/12/31","-187612.484","-77793.281","109819.203","0.135180810681","22","3609902.408","-3831329.095","-221426.687","-626465.687"
"3_100_1.5_100_6.csv","2004/1/2","2007/12/31","-187612.484","-77793.281","109819.203","0.135180810681","22","3609902.408","-3831329.095","-221426.687","-626465.687"
"3_100_1.5_100_8.csv","2004/1/2","2007/12/31","-187612.484","-77793.281","109819.203","0.135180810681","22","3609902.408","-3831329.095","-221426.687","-626465.687"
"3_100_1.5_125_10.csv","2004/1/2","2007/12/31","-187612.484","-77793.281","109819.203","0.135180810681","22","3609902.408","-3831329.095","-221426.687","-626465.687"
"3_100_1.5_125_12.csv","2004/1/2","2007/12/31","-187612.484","-77793.281","109819.203","0.135180810681","22","3609902.408","-3831329.095","-221426.687","-626465.687"
"3_100_1.5_125_14.csv","2004/1/2","2007/12/31","-187612.484","-77793.281","109819.203","0.135180810681","22","3609902.408","-3831329.095","-221426.687","-626465.687"
"3_100_1.5_125_16.csv","2004/1/2","2007/12/31","-187612.484","-77793.281","109819.203","0.135180810681","22","3609902.408","-3831329.095","-221426.687","-626465.687"
"3_100_1.5_125_18.csv","2004/1/2","2007/12/31","-187612.484","-77793.281","109819.203","0.135180810681","22","3609902.408","-3831329.095","-221426.687","-626465.687"
"3_100_1.5_125_20.csv","2004/1/2","2007/12/31","-187612.484","-77793.281","109819.203","0.135180810681","22","3609902.408","-3831329.095","-221426.687","-626465.687"
"3_100_1.5_125_4.csv","2004/1/2","2007/12/31","-187612.484","-77793.281","109819.203","0.135180810681","22","3609902.408","-3831329.095","-221426.687","-626465.687"
"3_100_1.5_125_6.csv","2004/1/2","2007/12/31","-187612.484","-77793.281","109819.203","0.135180810681","22","3609902.408","-3831329.095","-221426.687","-626465.687"
"3_100_1.5_125_8.csv","2004/1/2","2007/12/31","-187612.484","-77793.281","109819.203","0.135180810681","22","3609902.408","-3831329.095","-221426.687","-626465.687"
"3_100_1.5_50_10.csv","2004/1/2","2007/12/31","-187612.484","-77793.281","109819.203","0.135180810681","22","3609902.408","-3831329.095","-221426.687","-626465.687"
"3_100_1.5_50_12.csv","2004/1/2","2007/12/31","-187612.484","-77793.281","109819.203","0.135180810681","22","3609902.408","-3831329.095","-221426.687","-626465.687"
"3_100_1.5_50_14.csv","2004/1/2","2007/12/31","-187612.484","-77793.281","109819.203","0.135180810681","22","3609902.408","-3831329.095","-221426.687","-626465.687"
"3_100_1.5_50_16.csv","2004/1/2","2007/12/31","-187612.484","-77793.281","109819.203","0.135180810681","22","3609902.408","-3831329.095","-221426.687","-626465.687"
"3_100_1.5_50_18.csv","2004/1/2","2007/12/31","-187612.484","-77793.281","109819.203","0.135180810681","22","3609902.408","-3831329.095","-221426.687","-626465.687"
"3_100_1.5_50_20.csv","2004/1/2","2007/12/31","-187612.484","-77793.281","109819.203","0.135180810681","22","3609902.408","-3831329.095","-221426.687","-626465.687"
"3_100_1.5_50_4.csv","2004/1/2","2007/12/31","-187612.484","-77793.281","109819.203","0.135180810681","22","3609902.408","-3831329.095","-221426.687","-626465.687"
"3_100_1.5_50_6.csv","2004/1/2","2007/12/31","-187612.484","-77793.281","109819.203","0.135180810681","22","3609902.408","-3831329.095","-221426.687","-626465.687"
"3_100_1.5_50_8.csv","2004/1/2","2007/12/31","-187612.484","-77793.281","109819.203","0.135180810681","22","3609902.408","-3831329.095","-221426.687","-626465.687"
"3_100_1.5_75_10.csv","2004/1/2","2007/12/31","-187612.484","-77793.281","109819.203","0.135180810681","22","3609902.408","-3831329.095","-221426.687","-626465.687"
"3_100_1.5_75_12.csv","2004/1/2","2007/12/31","-187612.484","-77793.281","109819.203","0.135180810681","22","3609902.408","-3831329.095","-221426.687","-626465.687"
"3_100_1.5_75_14.csv","2004/1/2","2007/12/31","-187612.484","-77793.281","109819.203","0.135180810681","22","3609902.408","-3831329.095","-221426.687","-626465.687"
"3_100_1.5_75_16.csv","2004/1/2","2007/12/31","-187612.484","-77793.281","109819.203","0.135180810681","22","3609902.408","-3831329.095","-221426.687","-626465.687"
"3_100_1.5_75_18.csv","2004/1/2","2007/12/31","-187612.484","-77793.281","109819.203","0.135180810681","22","3609902.408","-3831329.095","-221426.687","-626465.687"
"3_100_1.5_75_20.csv","2004/1/2","2007/12/31","-187612.484","-77793.281","109819.203","0.135180810681","22","3609902.408","-3831329.095","-221426.687","-626465.687"
"3_100_1.5_75_4.csv","2004/1/2","2007/12/31","-187612.484","-77793.281","109819.203","0.135180810681","22","3609902.408","-3831329.095","-221426.687","-626465.687"
"3_100_1.5_75_6.csv","2004/1/2","2007/12/31","-187612.484","-77793.281","109819.203","0.135180810681","22","3609902.408","-3831329.095","-221426.687","-626465.687"
"3_100_1.5_75_8.csv","2004/1/2","2007/12/31","-187612.484","-77793.281","109819.203","0.135180810681","22","3609902.408","-3831329.095","-221426.687","-626465.687"
"1_100_1.5_150_10.csv","2004/1/2","2007/12/31","-209180.266","-102276.609","106903.657","0.135180816062","22","3514064.519","-3729612.675","-215548.156","-609833.922"
"1_100_1.5_150_12.csv","2004/1/2","2007/12/31","-209180.266","-102276.609","106903.657","0.135180816062","22","3514064.519","-3729612.675","-215548.156","-609833.922"
"1_100_1.5_150_14.csv","2004/1/2","2007/12/31","-209180.266","-102276.609","106903.657","0.135180816062","22","3514064.519","-3729612.675","-215548.156","-609833.922"
"1_100_1.5_150_16.csv","2004/1/2","2007/12/31","-209180.266","-102276.609","106903.657","0.135180816062","22","3514064.519","-3729612.675","-215548.156","-609833.922"
"1_100_1.5_150_18.csv","2004/1/2","2007/12/31","-209180.266","-102276.609","106903.657","0.135180816062","22","3514064.519","-3729612.675","-215548.156","-609833.922"
"1_100_1.5_150_20.csv","2004/1/2","2007/12/31","-209180.266","-102276.609","106903.657","0.135180816062","22","3514064.519","-3729612.675","-215548.156","-609833.922"
"1_100_1.5_150_4.csv","2004/1/2","2007/12/31","-209180.266","-102276.609","106903.657","0.135180816062","22","3514064.519","-3729612.675","-215548.156","-609833.922"
"1_100_1.5_150_6.csv","2004/1/2","2007/12/31","-209180.266","-102276.609","106903.657","0.135180816062","22","3514064.519","-3729612.675","-215548.156","-609833.922"
"1_100_1.5_150_8.csv","2004/1/2","2007/12/31","-209180.266","-102276.609","106903.657","0.135180816062","22","3514064.519","-3729612.675","-215548.156","-609833.922"
"3_100_1.5_150_10.csv","2004/1/2","2007/12/31","-209180.266","-102276.609","106903.657","0.135180816062","22","3514064.519","-3729612.675","-215548.156","-609833.922"
"3_100_1.5_150_12.csv","2004/1/2","2007/12/31","-209180.266","-102276.609","106903.657","0.135180816062","22","3514064.519","-3729612.675","-215548.156","-609833.922"
"3_100_1.5_150_14.csv","2004/1/2","2007/12/31","-209180.266","-102276.609","106903.657","0.135180816062","22","3514064.519","-3729612.675","-215548.156","-609833.922"
"3_100_1.5_150_16.csv","2004/1/2","2007/12/31","-209180.266","-102276.609","106903.657","0.135180816062","22","3514064.519","-3729612.675","-215548.156","-609833.922"
"3_100_1.5_150_18.csv","2004/1/2","2007/12/31","-209180.266","-102276.609","106903.657","0.135180816062","22","3514064.519","-3729612.675","-215548.156","-609833.922"
"3_100_1.5_150_20.csv","2004/1/2","2007/12/31","-209180.266","-102276.609","106903.657","0.135180816062","22","3514064.519","-3729612.675","-215548.156","-609833.922"
"3_100_1.5_150_4.csv","2004/1/2","2007/12/31","-209180.266","-102276.609","106903.657","0.135180816062","22","3514064.519","-3729612.675","-215548.156","-609833.922"
"3_100_1.5_150_6.csv","2004/1/2","2007/12/31","-209180.266","-102276.609","106903.657","0.135180816062","22","3514064.519","-3729612.675","-215548.156","-609833.922"
"3_100_1.5_150_8.csv","2004/1/2","2007/12/31","-209180.266","-102276.609","106903.657","0.135180816062","22","3514064.519","-3729612.675","-215548.156","-609833.922"
"1_100_1.5_175_10.csv","2004/1/2","2007/12/31","-256393.422","-121417.906","134975.516","0.181514687999","21","3353350.724","-3521576.161","-168225.437","-554104.25"
"1_100_1.5_175_12.csv","2004/1/2","2007/12/31","-256393.422","-121417.906","134975.516","0.181514687999","21","3353350.724","-3521576.161","-168225.437","-554104.25"
"1_100_1.5_175_14.csv","2004/1/2","2007/12/31","-256393.422","-121417.906","134975.516","0.181514687999","21","3353350.724","-3521576.161","-168225.437","-554104.25"
"1_100_1.5_175_16.csv","2004/1/2","2007/12/31","-256393.422","-121417.906","134975.516","0.181514687999","21","3353350.724","-3521576.161","-168225.437","-554104.25"
"1_100_1.5_175_18.csv","2004/1/2","2007/12/31","-256393.422","-121417.906","134975.516","0.181514687999","21","3353350.724","-3521576.161","-168225.437","-554104.25"
"1_100_1.5_175_20.csv","2004/1/2","2007/12/31","-256393.422","-121417.906","134975.516","0.181514687999","21","3353350.724","-3521576.161","-168225.437","-554104.25"
"1_100_1.5_175_4.csv","2004/1/2","2007/12/31","-256393.422","-121417.906","134975.516","0.181514687999","21","3353350.724","-3521576.161","-168225.437","-554104.25"
"1_100_1.5_175_6.csv","2004/1/2","2007/12/31","-256393.422","-121417.906","134975.516","0.181514687999","21","3353350.724","-3521576.161","-168225.437","-554104.25"
"1_100_1.5_175_8.csv","2004/1/2","2007/12/31","-256393.422","-121417.906","134975.516","0.181514687999","21","3353350.724","-3521576.161","-168225.437","-554104.25"
"3_100_1.5_175_10.csv","2004/1/2","2007/12/31","-256393.422","-121417.906","134975.516","0.181514687999","21","3353350.724","-3521576.161","-168225.437","-554104.25"
"3_100_1.5_175_12.csv","2004/1/2","2007/12/31","-256393.422","-121417.906","134975.516","0.181514687999","21","3353350.724","-3521576.161","-168225.437","-554104.25"
"3_100_1.5_175_14.csv","2004/1/2","2007/12/31","-256393.422","-121417.906","134975.516","0.181514687999","21","3353350.724","-3521576.161","-168225.437","-554104.25"
"3_100_1.5_175_16.csv","2004/1/2","2007/12/31","-256393.422","-121417.906","134975.516","0.181514687999","21","3353350.724","-3521576.161","-168225.437","-554104.25"
"3_100_1.5_175_18.csv","2004/1/2","2007/12/31","-256393.422","-121417.906","134975.516","0.181514687999","21","3353350.724","-3521576.161","-168225.437","-554104.25"
"3_100_1.5_175_20.csv","2004/1/2","2007/12/31","-256393.422","-121417.906","134975.516","0.181514687999","21","3353350.724","-3521576.161","-168225.437","-554104.25"
"3_100_1.5_175_4.csv","2004/1/2","2007/12/31","-256393.422","-121417.906","134975.516","0.181514687999","21","3353350.724","-3521576.161","-168225.437","-554104.25"
"3_100_1.5_175_6.csv","2004/1/2","2007/12/31","-256393.422","-121417.906","134975.516","0.181514687999","21","3353350.724","-3521576.161","-168225.437","-554104.25"
"3_100_1.5_175_8.csv","2004/1/2","2007/12/31","-256393.422","-121417.906","134975.516","0.181514687999","21","3353350.724","-3521576.161","-168225.437","-554104.25"
"1_100_1.5_200_10.csv","2004/1/2","2007/12/31","-177434.984","-28127.234","149307.75","0.181514831163","21","3709419.697","-3895507.712","-186088.015","-612940.625"
"1_100_1.5_200_12.csv","2004/1/2","2007/12/31","-177434.984","-28127.234","149307.75","0.181514831163","21","3709419.697","-3895507.712","-186088.015","-612940.625"
"1_100_1.5_200_14.csv","2004/1/2","2007/12/31","-177434.984","-28127.234","149307.75","0.181514831163","21","3709419.697","-3895507.712","-186088.015","-612940.625"
"1_100_1.5_200_16.csv","2004/1/2","2007/12/31","-177434.984","-28127.234","149307.75","0.181514831163","21","3709419.697","-3895507.712","-186088.015","-612940.625"
"1_100_1.5_200_18.csv","2004/1/2","2007/12/31","-177434.984","-28127.234","149307.75","0.181514831163","21","3709419.697","-3895507.712","-186088.015","-612940.625"
"1_100_1.5_200_20.csv","2004/1/2","2007/12/31","-177434.984","-28127.234","149307.75","0.181514831163","21","3709419.697","-3895507.712","-186088.015","-612940.625"
"1_100_1.5_200_4.csv","2004/1/2","2007/12/31","-177434.984","-28127.234","149307.75","0.181514831163","21","3709419.697","-3895507.712","-186088.015","-612940.625"
"1_100_1.5_200_6.csv","2004/1/2","2007/12/31","-177434.984","-28127.234","149307.75","0.181514831163","21","3709419.697","-3895507.712","-186088.015","-612940.625"
"1_100_1.5_200_8.csv","2004/1/2","2007/12/31","-177434.984","-28127.234","149307.75","0.181514831163","21","3709419.697","-3895507.712","-186088.015","-612940.625"
"3_100_1.5_200_10.csv","2004/1/2","2007/12/31","-177434.984","-28127.234","149307.75","0.181514831163","21","3709419.697","-3895507.712","-186088.015","-612940.625"
"3_100_1.5_200_12.csv","2004/1/2","2007/12/31","-177434.984","-28127.234","149307.75","0.181514831163","21","3709419.697","-3895507.712","-186088.015","-612940.625"
"3_100_1.5_200_14.csv","2004/1/2","2007/12/31","-177434.984","-28127.234","149307.75","0.181514831163","21","3709419.697","-3895507.712","-186088.015","-612940.625"
"3_100_1.5_200_16.csv","2004/1/2","2007/12/31","-177434.984","-28127.234","149307.75","0.181514831163","21","3709419.697","-3895507.712","-186088.015","-612940.625"
"3_100_1.5_200_18.csv","2004/1/2","2007/12/31","-177434.984","-28127.234","149307.75","0.181514831163","21","3709419.697","-3895507.712","-186088.015","-612940.625"
"3_100_1.5_200_20.csv","2004/1/2","2007/12/31","-177434.984","-28127.234","149307.75","0.181514831163","21","3709419.697","-3895507.712","-186088.015","-612940.625"
"3_100_1.5_200_4.csv","2004/1/2","2007/12/31","-177434.984","-28127.234","149307.75","0.181514831163","21","3709419.697","-3895507.712","-186088.015","-612940.625"
"3_100_1.5_200_6.csv","2004/1/2","2007/12/31","-177434.984","-28127.234","149307.75","0.181514831163","21","3709419.697","-3895507.712","-186088.015","-612940.625"
"3_100_1.5_200_8.csv","2004/1/2","2007/12/31","-177434.984","-28127.234","149307.75","0.181514831163","21","3709419.697","-3895507.712","-186088.015","-612940.625"
"1_80_1.75_200_4.csv","2004/1/2","2007/12/31","389492.781","692804.75","303311.969","0.21828970481","18","4587764.575","-4851713.575","-263949.0","-932284.414"
"3_80_1.75_200_4.csv","2004/1/2","2007/12/31","389492.781","692804.75","303311.969","0.21828970481","18","4587764.575","-4851713.575","-263949.0","-932284.414"
"1_80_1.75_200_10.csv","2004/1/2","2007/12/31","372650.219","672285.75","299635.531","0.21828979215","18","4532155.589","-4792905.402","-260749.813","-920984.305"
"1_80_1.75_200_12.csv","2004/1/2","2007/12/31","372650.219","672285.75","299635.531","0.21828979215","18","4532155.589","-4792905.402","-260749.813","-920984.305"
"1_80_1.75_200_14.csv","2004/1/2","2007/12/31","372650.219","672285.75","299635.531","0.21828979215","18","4532155.589","-4792905.402","-260749.813","-920984.305"
"1_80_1.75_200_16.csv","2004/1/2","2007/12/31","372650.219","672285.75","299635.531","0.21828979215","18","4532155.589","-4792905.402","-260749.813","-920984.305"
"1_80_1.75_200_18.csv","2004/1/2","2007/12/31","372650.219","672285.75","299635.531","0.21828979215","18","4532155.589","-4792905.402","-260749.813","-920984.305"
"1_80_1.75_200_20.csv","2004/1/2","2007/12/31","372650.219","672285.75","299635.531","0.21828979215","18","4532155.589","-4792905.402","-260749.813","-920984.305"
"1_80_1.75_200_6.csv","2004/1/2","2007/12/31","372650.219","672285.75","299635.531","0.21828979215","18","4532155.589","-4792905.402","-260749.813","-920984.305"
"1_80_1.75_200_8.csv","2004/1/2","2007/12/31","372650.219","672285.75","299635.531","0.21828979215","18","4532155.589","-4792905.402","-260749.813","-920984.305"
"3_80_1.75_200_10.csv","2004/1/2","2007/12/31","372650.219","672285.75","299635.531","0.21828979215","18","4532155.589","-4792905.402","-260749.813","-920984.305"
"3_80_1.75_200_12.csv","2004/1/2","2007/12/31","372650.219","672285.75","299635.531","0.21828979215","18","4532155.589","-4792905.402","-260749.813","-920984.305"
"3_80_1.75_200_14.csv","2004/1/2","2007/12/31","372650.219","672285.75","299635.531","0.21828979215","18","4532155.589","-4792905.402","-260749.813","-920984.305"
"3_80_1.75_200_16.csv","2004/1/2","2007/12/31","372650.219","672285.75","299635.531","0.21828979215","18","4532155.589","-4792905.402","-260749.813","-920984.305"
"3_80_1.75_200_18.csv","2004/1/2","2007/12/31","372650.219","672285.75","299635.531","0.21828979215","18","4532155.589","-4792905.402","-260749.813","-920984.305"
"3_80_1.75_200_20.csv","2004/1/2","2007/12/31","372650.219","672285.75","299635.531","0.21828979215","18","4532155.589","-4792905.402","-260749.813","-920984.305"
"3_80_1.75_200_6.csv","2004/1/2","2007/12/31","372650.219","672285.75","299635.531","0.21828979215","18","4532155.589","-4792905.402","-260749.813","-920984.305"
"3_80_1.75_200_8.csv","2004/1/2","2007/12/31","372650.219","672285.75","299635.531","0.21828979215","18","4532155.589","-4792905.402","-260749.813","-920984.305"
"1_100_1.25_225_10.csv","2004/1/2","2007/12/31","-80505.508","238251.813","318757.321","0.346665829729","24","5066486.771","-5124455.708","-57968.937","-719562.688"
"1_100_1.25_225_12.csv","2004/1/2","2007/12/31","-80505.508","238251.813","318757.321","0.346665829729","24","5066486.771","-5124455.708","-57968.937","-719562.688"
"1_100_1.25_225_14.csv","2004/1/2","2007/12/31","-80505.508","238251.813","318757.321","0.346665829729","24","5066486.771","-5124455.708","-57968.937","-719562.688"
"1_100_1.25_225_16.csv","2004/1/2","2007/12/31","-80505.508","238251.813","318757.321","0.346665829729","24","5066486.771","-5124455.708","-57968.937","-719562.688"
"1_100_1.25_225_18.csv","2004/1/2","2007/12/31","-80505.508","238251.813","318757.321","0.346665829729","24","5066486.771","-5124455.708","-57968.937","-719562.688"
"1_100_1.25_225_20.csv","2004/1/2","2007/12/31","-80505.508","238251.813","318757.321","0.346665829729","24","5066486.771","-5124455.708","-57968.937","-719562.688"
"1_100_1.25_225_4.csv","2004/1/2","2007/12/31","-80505.508","238251.813","318757.321","0.346665829729","24","5066486.771","-5124455.708","-57968.937","-719562.688"
"1_100_1.25_225_6.csv","2004/1/2","2007/12/31","-80505.508","238251.813","318757.321","0.346665829729","24","5066486.771","-5124455.708","-57968.937","-719562.688"
"1_100_1.25_225_8.csv","2004/1/2","2007/12/31","-80505.508","238251.813","318757.321","0.346665829729","24","5066486.771","-5124455.708","-57968.937","-719562.688"
"3_100_1.25_225_10.csv","2004/1/2","2007/12/31","-80505.508","238251.813","318757.321","0.346665829729","24","5066486.771","-5124455.708","-57968.937","-719562.688"
"3_100_1.25_225_12.csv","2004/1/2","2007/12/31","-80505.508","238251.813","318757.321","0.346665829729","24","5066486.771","-5124455.708","-57968.937","-719562.688"
"3_100_1.25_225_14.csv","2004/1/2","2007/12/31","-80505.508","238251.813","318757.321","0.346665829729","24","5066486.771","-5124455.708","-57968.937","-719562.688"
"3_100_1.25_225_16.csv","2004/1/2","2007/12/31","-80505.508","238251.813","318757.321","0.346665829729","24","5066486.771","-5124455.708","-57968.937","-719562.688"
"3_100_1.25_225_18.csv","2004/1/2","2007/12/31","-80505.508","238251.813","318757.321","0.346665829729","24","5066486.771","-5124455.708","-57968.937","-719562.688"
"3_100_1.25_225_20.csv","2004/1/2","2007/12/31","-80505.508","238251.813","318757.321","0.346665829729","24","5066486.771","-5124455.708","-57968.937","-719562.688"
"3_100_1.25_225_4.csv","2004/1/2","2007/12/31","-80505.508","238251.813","318757.321","0.346665829729","24","5066486.771","-5124455.708","-57968.937","-719562.688"
"3_100_1.25_225_6.csv","2004/1/2","2007/12/31","-80505.508","238251.813","318757.321","0.346665829729","24","5066486.771","-5124455.708","-57968.937","-719562.688"
"3_100_1.25_225_8.csv","2004/1/2","2007/12/31","-80505.508","238251.813","318757.321","0.346665829729","24","5066486.771","-5124455.708","-57968.937","-719562.688"
"2_40_0.75_50_4.csv","2004/1/2","2007/12/31","112404.547","1160800.125","1048395.578","0.942458911039","23","9943076.788","-9354466.038","588610.75","-1002598.063"
"2_40_0.75_225_10.csv","2004/1/2","2007/12/31","-322313.594","711571.125","1033884.719","1.52560935242","10","6155839.598","-5402060.176","753779.422","-392317.624"
"2_40_0.75_225_12.csv","2004/1/2","2007/12/31","-322313.594","711571.125","1033884.719","1.52560935242","10","6155839.598","-5402060.176","753779.422","-392317.624"
"2_40_0.75_225_14.csv","2004/1/2","2007/12/31","-322313.594","711571.125","1033884.719","1.52560935242","10","6155839.598","-5402060.176","753779.422","-392317.624"
"2_40_0.75_225_16.csv","2004/1/2","2007/12/31","-322313.594","711571.125","1033884.719","1.52560935242","10","6155839.598","-5402060.176","753779.422","-392317.624"
"2_40_0.75_225_18.csv","2004/1/2","2007/12/31","-322313.594","711571.125","1033884.719","1.52560935242","10","6155839.598","-5402060.176","753779.422","-392317.624"
"2_40_0.75_225_20.csv","2004/1/2","2007/12/31","-322313.594","711571.125","1033884.719","1.52560935242","10","6155839.598","-5402060.176","753779.422","-392317.624"
"2_40_0.75_225_8.csv","2004/1/2","2007/12/31","-322313.594","711571.125","1033884.719","1.52560935242","10","6155839.598","-5402060.176","753779.422","-392317.624"
"2_40_0.75_175_10.csv","2004/1/2","2007/12/31","-290526.656","719484.875","1010011.531","1.42360744","12","6354572.936","-5637805.084","716767.852","-435624.227"
"2_40_0.75_175_12.csv","2004/1/2","2007/12/31","-290526.656","719484.875","1010011.531","1.42360744","12","6354572.936","-5637805.084","716767.852","-435624.227"
"2_40_0.75_175_14.csv","2004/1/2","2007/12/31","-290526.656","719484.875","1010011.531","1.42360744","12","6354572.936","-5637805.084","716767.852","-435624.227"
"2_40_0.75_175_16.csv","2004/1/2","2007/12/31","-290526.656","719484.875","1010011.531","1.42360744","12","6354572.936","-5637805.084","716767.852","-435624.227"
"2_40_0.75_175_18.csv","2004/1/2","2007/12/31","-290526.656","719484.875","1010011.531","1.42360744","12","6354572.936","-5637805.084","716767.852","-435624.227"
"2_40_0.75_175_20.csv","2004/1/2","2007/12/31","-290526.656","719484.875","1010011.531","1.42360744","12","6354572.936","-5637805.084","716767.852","-435624.227"
"2_40_0.75_175_8.csv","2004/1/2","2007/12/31","-290526.656","719484.875","1010011.531","1.42360744","12","6354572.936","-5637805.084","716767.852","-435624.227"
"1_20_1_75_10.csv","2004/1/2","2007/12/31","2886303.5","4100705.25","1214401.75","0.31248247853","40","17156555.0","-17552596.75","-396041.75","-2821208.25"
"1_20_1_75_12.csv","2004/1/2","2007/12/31","2886303.5","4100705.25","1214401.75","0.31248247853","40","17156555.0","-17552596.75","-396041.75","-2821208.25"
"1_20_1_75_14.csv","2004/1/2","2007/12/31","2886303.5","4100705.25","1214401.75","0.31248247853","40","17156555.0","-17552596.75","-396041.75","-2821208.25"
"1_20_1_75_16.csv","2004/1/2","2007/12/31","2886303.5","4100705.25","1214401.75","0.31248247853","40","17156555.0","-17552596.75","-396041.75","-2821208.25"
"1_20_1_75_18.csv","2004/1/2","2007/12/31","2886303.5","4100705.25","1214401.75","0.31248247853","40","17156555.0","-17552596.75","-396041.75","-2821208.25"
"1_20_1_75_20.csv","2004/1/2","2007/12/31","2886303.5","4100705.25","1214401.75","0.31248247853","40","17156555.0","-17552596.75","-396041.75","-2821208.25"
"1_20_1_75_4.csv","2004/1/2","2007/12/31","2886303.5","4100705.25","1214401.75","0.31248247853","40","17156555.0","-17552596.75","-396041.75","-2821208.25"
"1_20_1_75_6.csv","2004/1/2","2007/12/31","2886303.5","4100705.25","1214401.75","0.31248247853","40","17156555.0","-17552596.75","-396041.75","-2821208.25"
"1_20_1_75_8.csv","2004/1/2","2007/12/31","2886303.5","4100705.25","1214401.75","0.31248247853","40","17156555.0","-17552596.75","-396041.75","-2821208.25"
"3_20_1_75_10.csv","2004/1/2","2007/12/31","2886303.5","4100705.25","1214401.75","0.31248247853","40","17156555.0","-17552596.75","-396041.75","-2821208.25"
"3_20_1_75_12.csv","2004/1/2","2007/12/31","2886303.5","4100705.25","1214401.75","0.31248247853","40","17156555.0","-17552596.75","-396041.75","-2821208.25"
"3_20_1_75_14.csv","2004/1/2","2007/12/31","2886303.5","4100705.25","1214401.75","0.31248247853","40","17156555.0","-17552596.75","-396041.75","-2821208.25"
"3_20_1_75_16.csv","2004/1/2","2007/12/31","2886303.5","4100705.25","1214401.75","0.31248247853","40","17156555.0","-17552596.75","-396041.75","-2821208.25"
"3_20_1_75_18.csv","2004/1/2","2007/12/31","2886303.5","4100705.25","1214401.75","0.31248247853","40","17156555.0","-17552596.75","-396041.75","-2821208.25"
"3_20_1_75_20.csv","2004/1/2","2007/12/31","2886303.5","4100705.25","1214401.75","0.31248247853","40","17156555.0","-17552596.75","-396041.75","-2821208.25"
"3_20_1_75_4.csv","2004/1/2","2007/12/31","2886303.5","4100705.25","1214401.75","0.31248247853","40","17156555.0","-17552596.75","-396041.75","-2821208.25"
"3_20_1_75_6.csv","2004/1/2","2007/12/31","2886303.5","4100705.25","1214401.75","0.31248247853","40","17156555.0","-17552596.75","-396041.75","-2821208.25"
"3_20_1_75_8.csv","2004/1/2","2007/12/31","2886303.5","4100705.25","1214401.75","0.31248247853","40","17156555.0","-17552596.75","-396041.75","-2821208.25"
"1_40_0.75_50_10.csv","2004/1/2","2007/12/31","538774.25","1681636.375","1142862.125","0.742709416277","41","12752576.482","-12251220.107","501356.375","-1230138.578"
"1_40_0.75_50_12.csv","2004/1/2","2007/12/31","538774.25","1681636.375","1142862.125","0.742709416277","41","12752576.482","-12251220.107","501356.375","-1230138.578"
"1_40_0.75_50_14.csv","2004/1/2","2007/12/31","538774.25","1681636.375","1142862.125","0.742709416277","41","12752576.482","-12251220.107","501356.375","-1230138.578"
"1_40_0.75_50_16.csv","2004/1/2","2007/12/31","538774.25","1681636.375","1142862.125","0.742709416277","41","12752576.482","-12251220.107","501356.375","-1230138.578"
"1_40_0.75_50_18.csv","2004/1/2","2007/12/31","538774.25","1681636.375","1142862.125","0.742709416277","41","12752576.482","-12251220.107","501356.375","-1230138.578"
"1_40_0.75_50_20.csv","2004/1/2","2007/12/31","538774.25","1681636.375","1142862.125","0.742709416277","41","12752576.482","-12251220.107","501356.375","-1230138.578"
"1_40_0.75_50_4.csv","2004/1/2","2007/12/31","538774.25","1681636.375","1142862.125","0.742709416277","41","12752576.482","-12251220.107","501356.375","-1230138.578"
"1_40_0.75_50_6.csv","2004/1/2","2007/12/31","538774.25","1681636.375","1142862.125","0.742709416277","41","12752576.482","-12251220.107","501356.375","-1230138.578"
"1_40_0.75_50_8.csv","2004/1/2","2007/12/31","538774.25","1681636.375","1142862.125","0.742709416277","41","12752576.482","-12251220.107","501356.375","-1230138.578"
"3_40_0.75_50_10.csv","2004/1/2","2007/12/31","538774.25","1681636.375","1142862.125","0.742709416277","41","12752576.482","-12251220.107","501356.375","-1230138.578"
"3_40_0.75_50_12.csv","2004/1/2","2007/12/31","538774.25","1681636.375","1142862.125","0.742709416277","41","12752576.482","-12251220.107","501356.375","-1230138.578"
"3_40_0.75_50_14.csv","2004/1/2","2007/12/31","538774.25","1681636.375","1142862.125","0.742709416277","41","12752576.482","-12251220.107","501356.375","-1230138.578"
"3_40_0.75_50_16.csv","2004/1/2","2007/12/31","538774.25","1681636.375","1142862.125","0.742709416277","41","12752576.482","-12251220.107","501356.375","-1230138.578"
"3_40_0.75_50_18.csv","2004/1/2","2007/12/31","538774.25","1681636.375","1142862.125","0.742709416277","41","12752576.482","-12251220.107","501356.375","-1230138.578"
"3_40_0.75_50_20.csv","2004/1/2","2007/12/31","538774.25","1681636.375","1142862.125","0.742709416277","41","12752576.482","-12251220.107","501356.375","-1230138.578"
"3_40_0.75_50_4.csv","2004/1/2","2007/12/31","538774.25","1681636.375","1142862.125","0.742709416277","41","12752576.482","-12251220.107","501356.375","-1230138.578"
"3_40_0.75_50_6.csv","2004/1/2","2007/12/31","538774.25","1681636.375","1142862.125","0.742709416277","41","12752576.482","-12251220.107","501356.375","-1230138.578"
"3_40_0.75_50_8.csv","2004/1/2","2007/12/31","538774.25","1681636.375","1142862.125","0.742709416277","41","12752576.482","-12251220.107","501356.375","-1230138.578"
"1_80_1.75_175_4.csv","2004/1/2","2007/12/31","286348.906","567145.688","280796.782","0.218289750697","18","4293442.003","-4554609.94","-261167.937","-863079.912"
"3_80_1.75_175_4.csv","2004/1/2","2007/12/31","286348.906","567145.688","280796.782","0.218289750697","18","4293442.003","-4554609.94","-261167.937","-863079.912"
"1_80_1.75_50_10.csv","2004/1/2","2007/12/31","547687.188","811589.0","263901.812","0.170513663256","19","5076676.077","-5464846.077","-388170.0","-1085932.141"
"1_80_1.75_50_12.csv","2004/1/2","2007/12/31","547687.188","811589.0","263901.812","0.170513663256","19","5076676.077","-5464846.077","-388170.0","-1085932.141"
"1_80_1.75_50_14.csv","2004/1/2","2007/12/31","547687.188","811589.0","263901.812","0.170513663256","19","5076676.077","-5464846.077","-388170.0","-1085932.141"
"1_80_1.75_50_16.csv","2004/1/2","2007/12/31","547687.188","811589.0","263901.812","0.170513663256","19","5076676.077","-5464846.077","-388170.0","-1085932.141"
"1_80_1.75_50_18.csv","2004/1/2","2007/12/31","547687.188","811589.0","263901.812","0.170513663256","19","5076676.077","-5464846.077","-388170.0","-1085932.141"
"1_80_1.75_50_20.csv","2004/1/2","2007/12/31","547687.188","811589.0","263901.812","0.170513663256","19","5076676.077","-5464846.077","-388170.0","-1085932.141"
"1_80_1.75_50_6.csv","2004/1/2","2007/12/31","547687.188","811589.0","263901.812","0.170513663256","19","5076676.077","-5464846.077","-388170.0","-1085932.141"
"1_80_1.75_50_8.csv","2004/1/2","2007/12/31","547687.188","811589.0","263901.812","0.170513663256","19","5076676.077","-5464846.077","-388170.0","-1085932.141"
"1_80_1.75_75_10.csv","2004/1/2","2007/12/31","547687.188","811589.0","263901.812","0.170513663256","19","5076676.077","-5464846.077","-388170.0","-1085932.141"
"1_80_1.75_75_12.csv","2004/1/2","2007/12/31","547687.188","811589.0","263901.812","0.170513663256","19","5076676.077","-5464846.077","-388170.0","-1085932.141"
"1_80_1.75_75_14.csv","2004/1/2","2007/12/31","547687.188","811589.0","263901.812","0.170513663256","19","5076676.077","-5464846.077","-388170.0","-1085932.141"
"1_80_1.75_75_16.csv","2004/1/2","2007/12/31","547687.188","811589.0","263901.812","0.170513663256","19","5076676.077","-5464846.077","-388170.0","-1085932.141"
"1_80_1.75_75_18.csv","2004/1/2","2007/12/31","547687.188","811589.0","263901.812","0.170513663256","19","5076676.077","-5464846.077","-388170.0","-1085932.141"
"1_80_1.75_75_20.csv","2004/1/2","2007/12/31","547687.188","811589.0","263901.812","0.170513663256","19","5076676.077","-5464846.077","-388170.0","-1085932.141"
"1_80_1.75_75_6.csv","2004/1/2","2007/12/31","547687.188","811589.0","263901.812","0.170513663256","19","5076676.077","-5464846.077","-388170.0","-1085932.141"
"1_80_1.75_75_8.csv","2004/1/2","2007/12/31","547687.188","811589.0","263901.812","0.170513663256","19","5076676.077","-5464846.077","-388170.0","-1085932.141"
"3_80_1.75_50_10.csv","2004/1/2","2007/12/31","547687.188","811589.0","263901.812","0.170513663256","19","5076676.077","-5464846.077","-388170.0","-1085932.141"
"3_80_1.75_50_12.csv","2004/1/2","2007/12/31","547687.188","811589.0","263901.812","0.170513663256","19","5076676.077","-5464846.077","-388170.0","-1085932.141"
"3_80_1.75_50_14.csv","2004/1/2","2007/12/31","547687.188","811589.0","263901.812","0.170513663256","19","5076676.077","-5464846.077","-388170.0","-1085932.141"
"3_80_1.75_50_16.csv","2004/1/2","2007/12/31","547687.188","811589.0","263901.812","0.170513663256","19","5076676.077","-5464846.077","-388170.0","-1085932.141"
"3_80_1.75_50_18.csv","2004/1/2","2007/12/31","547687.188","811589.0","263901.812","0.170513663256","19","5076676.077","-5464846.077","-388170.0","-1085932.141"
"3_80_1.75_50_20.csv","2004/1/2","2007/12/31","547687.188","811589.0","263901.812","0.170513663256","19","5076676.077","-5464846.077","-388170.0","-1085932.141"
"3_80_1.75_50_6.csv","2004/1/2","2007/12/31","547687.188","811589.0","263901.812","0.170513663256","19","5076676.077","-5464846.077","-388170.0","-1085932.141"
"3_80_1.75_50_8.csv","2004/1/2","2007/12/31","547687.188","811589.0","263901.812","0.170513663256","19","5076676.077","-5464846.077","-388170.0","-1085932.141"
"3_80_1.75_75_10.csv","2004/1/2","2007/12/31","547687.188","811589.0","263901.812","0.170513663256","19","5076676.077","-5464846.077","-388170.0","-1085932.141"
"3_80_1.75_75_12.csv","2004/1/2","2007/12/31","547687.188","811589.0","263901.812","0.170513663256","19","5076676.077","-5464846.077","-388170.0","-1085932.141"
"3_80_1.75_75_14.csv","2004/1/2","2007/12/31","547687.188","811589.0","263901.812","0.170513663256","19","5076676.077","-5464846.077","-388170.0","-1085932.141"
"3_80_1.75_75_16.csv","2004/1/2","2007/12/31","547687.188","811589.0","263901.812","0.170513663256","19","5076676.077","-5464846.077","-388170.0","-1085932.141"
"3_80_1.75_75_18.csv","2004/1/2","2007/12/31","547687.188","811589.0","263901.812","0.170513663256","19","5076676.077","-5464846.077","-388170.0","-1085932.141"
"3_80_1.75_75_20.csv","2004/1/2","2007/12/31","547687.188","811589.0","263901.812","0.170513663256","19","5076676.077","-5464846.077","-388170.0","-1085932.141"
"3_80_1.75_75_6.csv","2004/1/2","2007/12/31","547687.188","811589.0","263901.812","0.170513663256","19","5076676.077","-5464846.077","-388170.0","-1085932.141"
"3_80_1.75_75_8.csv","2004/1/2","2007/12/31","547687.188","811589.0","263901.812","0.170513663256","19","5076676.077","-5464846.077","-388170.0","-1085932.141"
"1_80_1.75_125_4.csv","2004/1/2","2007/12/31","204125.078","409444.844","205319.766","0.170513653234","19","3949733.548","-4251735.954","-302002.406","-844872.321"
"3_80_1.75_125_4.csv","2004/1/2","2007/12/31","204125.078","409444.844","205319.766","0.170513653234","19","3949733.548","-4251735.954","-302002.406","-844872.321"
"1_80_1.75_150_10.csv","2004/1/2","2007/12/31","266806.281","482814.063","216007.782","0.170513665143","19","4155338.951","-4473062.201","-317723.25","-888852.508"
"1_80_1.75_150_12.csv","2004/1/2","2007/12/31","266806.281","482814.063","216007.782","0.170513665143","19","4155338.951","-4473062.201","-317723.25","-888852.508"
"1_80_1.75_150_14.csv","2004/1/2","2007/12/31","266806.281","482814.063","216007.782","0.170513665143","19","4155338.951","-4473062.201","-317723.25","-888852.508"
"1_80_1.75_150_16.csv","2004/1/2","2007/12/31","266806.281","482814.063","216007.782","0.170513665143","19","4155338.951","-4473062.201","-317723.25","-888852.508"
"1_80_1.75_150_18.csv","2004/1/2","2007/12/31","266806.281","482814.063","216007.782","0.170513665143","19","4155338.951","-4473062.201","-317723.25","-888852.508"
"1_80_1.75_150_20.csv","2004/1/2","2007/12/31","266806.281","482814.063","216007.782","0.170513665143","19","4155338.951","-4473062.201","-317723.25","-888852.508"
"1_80_1.75_150_6.csv","2004/1/2","2007/12/31","266806.281","482814.063","216007.782","0.170513665143","19","4155338.951","-4473062.201","-317723.25","-888852.508"
"1_80_1.75_150_8.csv","2004/1/2","2007/12/31","266806.281","482814.063","216007.782","0.170513665143","19","4155338.951","-4473062.201","-317723.25","-888852.508"
"3_80_1.75_150_10.csv","2004/1/2","2007/12/31","266806.281","482814.063","216007.782","0.170513665143","19","4155338.951","-4473062.201","-317723.25","-888852.508"
"3_80_1.75_150_12.csv","2004/1/2","2007/12/31","266806.281","482814.063","216007.782","0.170513665143","19","4155338.951","-4473062.201","-317723.25","-888852.508"
"3_80_1.75_150_14.csv","2004/1/2","2007/12/31","266806.281","482814.063","216007.782","0.170513665143","19","4155338.951","-4473062.201","-317723.25","-888852.508"
"3_80_1.75_150_16.csv","2004/1/2","2007/12/31","266806.281","482814.063","216007.782","0.170513665143","19","4155338.951","-4473062.201","-317723.25","-888852.508"
"3_80_1.75_150_18.csv","2004/1/2","2007/12/31","266806.281","482814.063","216007.782","0.170513665143","19","4155338.951","-4473062.201","-317723.25","-888852.508"
"3_80_1.75_150_20.csv","2004/1/2","2007/12/31","266806.281","482814.063","216007.782","0.170513665143","19","4155338.951","-4473062.201","-317723.25","-888852.508"
"3_80_1.75_150_6.csv","2004/1/2","2007/12/31","266806.281","482814.063","216007.782","0.170513665143","19","4155338.951","-4473062.201","-317723.25","-888852.508"
"3_80_1.75_150_8.csv","2004/1/2","2007/12/31","266806.281","482814.063","216007.782","0.170513665143","19","4155338.951","-4473062.201","-317723.25","-888852.508"
"1_80_1.75_100_10.csv","2004/1/2","2007/12/31","392002.469","629358.0","237355.531","0.170513728449","19","4566004.642","-4915127.892","-349123.25","-976696.352"
"1_80_1.75_100_12.csv","2004/1/2","2007/12/31","392002.469","629358.0","237355.531","0.170513728449","19","4566004.642","-4915127.892","-349123.25","-976696.352"
"1_80_1.75_100_14.csv","2004/1/2","2007/12/31","392002.469","629358.0","237355.531","0.170513728449","19","4566004.642","-4915127.892","-349123.25","-976696.352"
"1_80_1.75_100_16.csv","2004/1/2","2007/12/31","392002.469","629358.0","237355.531","0.170513728449","19","4566004.642","-4915127.892","-349123.25","-976696.352"
"1_80_1.75_100_18.csv","2004/1/2","2007/12/31","392002.469","629358.0","237355.531","0.170513728449","19","4566004.642","-4915127.892","-349123.25","-976696.352"
"1_80_1.75_100_20.csv","2004/1/2","2007/12/31","392002.469","629358.0","237355.531","0.170513728449","19","4566004.642","-4915127.892","-349123.25","-976696.352"
"1_80_1.75_100_6.csv","2004/1/2","2007/12/31","392002.469","629358.0","237355.531","0.170513728449","19","4566004.642","-4915127.892","-349123.25","-976696.352"
"1_80_1.75_100_8.csv","2004/1/2","2007/12/31","392002.469","629358.0","237355.531","0.170513728449","19","4566004.642","-4915127.892","-349123.25","-976696.352"
"3_80_1.75_100_10.csv","2004/1/2","2007/12/31","392002.469","629358.0","237355.531","0.170513728449","19","4566004.642","-4915127.892","-349123.25","-976696.352"
"3_80_1.75_100_12.csv","2004/1/2","2007/12/31","392002.469","629358.0","237355.531","0.170513728449","19","4566004.642","-4915127.892","-349123.25","-976696.352"
"3_80_1.75_100_14.csv","2004/1/2","2007/12/31","392002.469","629358.0","237355.531","0.170513728449","19","4566004.642","-4915127.892","-349123.25","-976696.352"
"3_80_1.75_100_16.csv","2004/1/2","2007/12/31","392002.469","629358.0","237355.531","0.170513728449","19","4566004.642","-4915127.892","-349123.25","-976696.352"
"3_80_1.75_100_18.csv","2004/1/2","2007/12/31","392002.469","629358.0","237355.531","0.170513728449","19","4566004.642","-4915127.892","-349123.25","-976696.352"
"3_80_1.75_100_20.csv","2004/1/2","2007/12/31","392002.469","629358.0","237355.531","0.170513728449","19","4566004.642","-4915127.892","-349123.25","-976696.352"
"3_80_1.75_100_6.csv","2004/1/2","2007/12/31","392002.469","629358.0","237355.531","0.170513728449","19","4566004.642","-4915127.892","-349123.25","-976696.352"
"3_80_1.75_100_8.csv","2004/1/2","2007/12/31","392002.469","629358.0","237355.531","0.170513728449","19","4566004.642","-4915127.892","-349123.25","-976696.352"
"1_80_1.75_125_10.csv","2004/1/2","2007/12/31","189529.563","392360.656","202831.093","0.170513705005","19","3901858.021","-4200199.803","-298341.782","-834631.469"
"1_80_1.75_125_12.csv","2004/1/2","2007/12/31","189529.563","392360.656","202831.093","0.170513705005","19","3901858.021","-4200199.803","-298341.782","-834631.469"
"1_80_1.75_125_14.csv","2004/1/2","2007/12/31","189529.563","392360.656","202831.093","0.170513705005","19","3901858.021","-4200199.803","-298341.782","-834631.469"
"1_80_1.75_125_16.csv","2004/1/2","2007/12/31","189529.563","392360.656","202831.093","0.170513705005","19","3901858.021","-4200199.803","-298341.782","-834631.469"
"1_80_1.75_125_18.csv","2004/1/2","2007/12/31","189529.563","392360.656","202831.093","0.170513705005","19","3901858.021","-4200199.803","-298341.782","-834631.469"
"1_80_1.75_125_20.csv","2004/1/2","2007/12/31","189529.563","392360.656","202831.093","0.170513705005","19","3901858.021","-4200199.803","-298341.782","-834631.469"
"1_80_1.75_125_6.csv","2004/1/2","2007/12/31","189529.563","392360.656","202831.093","0.170513705005","19","3901858.021","-4200199.803","-298341.782","-834631.469"
"1_80_1.75_125_8.csv","2004/1/2","2007/12/31","189529.563","392360.656","202831.093","0.170513705005","19","3901858.021","-4200199.803","-298341.782","-834631.469"
"3_80_1.75_125_10.csv","2004/1/2","2007/12/31","189529.563","392360.656","202831.093","0.170513705005","19","3901858.021","-4200199.803","-298341.782","-834631.469"
"3_80_1.75_125_12.csv","2004/1/2","2007/12/31","189529.563","392360.656","202831.093","0.170513705005","19","3901858.021","-4200199.803","-298341.782","-834631.469"
"3_80_1.75_125_14.csv","2004/1/2","2007/12/31","189529.563","392360.656","202831.093","0.170513705005","19","3901858.021","-4200199.803","-298341.782","-834631.469"
"3_80_1.75_125_16.csv","2004/1/2","2007/12/31","189529.563","392360.656","202831.093","0.170513705005","19","3901858.021","-4200199.803","-298341.782","-834631.469"
"3_80_1.75_125_18.csv","2004/1/2","2007/12/31","189529.563","392360.656","202831.093","0.170513705005","19","3901858.021","-4200199.803","-298341.782","-834631.469"
"3_80_1.75_125_20.csv","2004/1/2","2007/12/31","189529.563","392360.656","202831.093","0.170513705005","19","3901858.021","-4200199.803","-298341.782","-834631.469"
"3_80_1.75_125_6.csv","2004/1/2","2007/12/31","189529.563","392360.656","202831.093","0.170513705005","19","3901858.021","-4200199.803","-298341.782","-834631.469"
"3_80_1.75_125_8.csv","2004/1/2","2007/12/31","189529.563","392360.656","202831.093","0.170513705005","19","3901858.021","-4200199.803","-298341.782","-834631.469"
"1_80_1.75_175_10.csv","2004/1/2","2007/12/31","270756.656","548149.875","277393.219","0.218289802135","18","4241400.149","-4499402.462","-258002.313","-852618.494"
"1_80_1.75_175_12.csv","2004/1/2","2007/12/31","270756.656","548149.875","277393.219","0.218289802135","18","4241400.149","-4499402.462","-258002.313","-852618.494"
"1_80_1.75_175_14.csv","2004/1/2","2007/12/31","270756.656","548149.875","277393.219","0.218289802135","18","4241400.149","-4499402.462","-258002.313","-852618.494"
"1_80_1.75_175_16.csv","2004/1/2","2007/12/31","270756.656","548149.875","277393.219","0.218289802135","18","4241400.149","-4499402.462","-258002.313","-852618.494"
"1_80_1.75_175_18.csv","2004/1/2","2007/12/31","270756.656","548149.875","277393.219","0.218289802135","18","4241400.149","-4499402.462","-258002.313","-852618.494"
"1_80_1.75_175_20.csv","2004/1/2","2007/12/31","270756.656","548149.875","277393.219","0.218289802135","18","4241400.149","-4499402.462","-258002.313","-852618.494"
"1_80_1.75_175_6.csv","2004/1/2","2007/12/31","270756.656","548149.875","277393.219","0.218289802135","18","4241400.149","-4499402.462","-258002.313","-852618.494"
"1_80_1.75_175_8.csv","2004/1/2","2007/12/31","270756.656","548149.875","277393.219","0.218289802135","18","4241400.149","-4499402.462","-258002.313","-852618.494"
"3_80_1.75_175_10.csv","2004/1/2","2007/12/31","270756.656","548149.875","277393.219","0.218289802135","18","4241400.149","-4499402.462","-258002.313","-852618.494"
"3_80_1.75_175_12.csv","2004/1/2","2007/12/31","270756.656","548149.875","277393.219","0.218289802135","18","4241400.149","-4499402.462","-258002.313","-852618.494"
"3_80_1.75_175_14.csv","2004/1/2","2007/12/31","270756.656","548149.875","277393.219","0.218289802135","18","4241400.149","-4499402.462","-258002.313","-852618.494"
"3_80_1.75_175_16.csv","2004/1/2","2007/12/31","270756.656","548149.875","277393.219","0.218289802135","18","4241400.149","-4499402.462","-258002.313","-852618.494"
"3_80_1.75_175_18.csv","2004/1/2","2007/12/31","270756.656","548149.875","277393.219","0.218289802135","18","4241400.149","-4499402.462","-258002.313","-852618.494"
"3_80_1.75_175_20.csv","2004/1/2","2007/12/31","270756.656","548149.875","277393.219","0.218289802135","18","4241400.149","-4499402.462","-258002.313","-852618.494"
"3_80_1.75_175_6.csv","2004/1/2","2007/12/31","270756.656","548149.875","277393.219","0.218289802135","18","4241400.149","-4499402.462","-258002.313","-852618.494"
"3_80_1.75_175_8.csv","2004/1/2","2007/12/31","270756.656","548149.875","277393.219","0.218289802135","18","4241400.149","-4499402.462","-258002.313","-852618.494"
"1_80_1.75_150_4.csv","2004/1/2","2007/12/31","282349.594","501007.781","218658.187","0.170513710164","19","4206324.512","-4527946.231","-321621.719","-899758.691"
"3_80_1.75_150_4.csv","2004/1/2","2007/12/31","282349.594","501007.781","218658.187","0.170513710164","19","4206324.512","-4527946.231","-321621.719","-899758.691"
"1_80_1.75_100_4.csv","2004/1/2","2007/12/31","409082.094","649349.938","240267.844","0.170513730196","19","4622028.63","-4975435.755","-353407.125","-988680.477"
"3_80_1.75_100_4.csv","2004/1/2","2007/12/31","409082.094","649349.938","240267.844","0.170513730196","19","4622028.63","-4975435.755","-353407.125","-988680.477"
"1_80_1.75_50_4.csv","2004/1/2","2007/12/31","566676.938","833816.938","267140.0","0.1705137757","19","5138965.922","-5531898.859","-392932.937","-1099256.578"
"1_80_1.75_75_4.csv","2004/1/2","2007/12/31","566676.938","833816.938","267140.0","0.1705137757","19","5138965.922","-5531898.859","-392932.937","-1099256.578"
"3_80_1.75_50_4.csv","2004/1/2","2007/12/31","566676.938","833816.938","267140.0","0.1705137757","19","5138965.922","-5531898.859","-392932.937","-1099256.578"
"3_80_1.75_75_4.csv","2004/1/2","2007/12/31","566676.938","833816.938","267140.0","0.1705137757","19","5138965.922","-5531898.859","-392932.937","-1099256.578"
"2_100_1.5_100_4.csv","2004/1/2","2007/12/31","-162639.594","227828.016","390467.61","0.46630770598","12","5255424.744","-5224519.744","30905.0","-747950.656"
"2_100_1.5_125_4.csv","2004/1/2","2007/12/31","-162639.594","227828.016","390467.61","0.46630770598","12","5255424.744","-5224519.744","30905.0","-747950.656"
"2_100_1.5_50_4.csv","2004/1/2","2007/12/31","-162639.594","227828.016","390467.61","0.46630770598","12","5255424.744","-5224519.744","30905.0","-747950.656"
"2_100_1.5_75_4.csv","2004/1/2","2007/12/31","-162639.594","227828.016","390467.61","0.46630770598","12","5255424.744","-5224519.744","30905.0","-747950.656"
"2_100_1.5_175_4.csv","2004/1/2","2007/12/31","-155423.031","288957.156","444380.187","0.526157121625","11","5397082.441","-5315363.66","81718.781","-732345.844"
"2_100_1.5_150_4.csv","2004/1/2","2007/12/31","-135874.688","267073.688","402948.376","0.466307803283","12","5423406.309","-5391513.402","31892.907","-771857.656"
"2_100_1.5_200_4.csv","2004/1/2","2007/12/31","-184057.406","245256.656","429314.062","0.526157189436","11","5214101.525","-5135153.322","78948.203","-707516.656"
"1_80_0.75_100_4.csv","2004/1/2","2007/12/31","-241519.391","46863.531","288382.922","0.380211331151","31","6572918.301","-6611601.786","-38683.485","-827513.688"
"1_80_0.75_50_4.csv","2004/1/2","2007/12/31","-241519.391","46863.531","288382.922","0.380211331151","31","6572918.301","-6611601.786","-38683.485","-827513.688"
"1_80_0.75_75_4.csv","2004/1/2","2007/12/31","-241519.391","46863.531","288382.922","0.380211331151","31","6572918.301","-6611601.786","-38683.485","-827513.688"
"3_80_0.75_100_4.csv","2004/1/2","2007/12/31","-241519.391","46863.531","288382.922","0.380211331151","31","6572918.301","-6611601.786","-38683.485","-827513.688"
"3_80_0.75_50_4.csv","2004/1/2","2007/12/31","-241519.391","46863.531","288382.922","0.380211331151","31","6572918.301","-6611601.786","-38683.485","-827513.688"
"3_80_0.75_75_4.csv","2004/1/2","2007/12/31","-241519.391","46863.531","288382.922","0.380211331151","31","6572918.301","-6611601.786","-38683.485","-827513.688"
"1_80_0.75_100_10.csv","2004/1/2","2007/12/31","-284974.25","-13113.047","271861.203","0.3802117658","31","6196345.145","-6232812.176","-36467.031","-780103.906"
"1_80_0.75_100_12.csv","2004/1/2","2007/12/31","-284974.25","-13113.047","271861.203","0.3802117658","31","6196345.145","-6232812.176","-36467.031","-780103.906"
"1_80_0.75_100_14.csv","2004/1/2","2007/12/31","-284974.25","-13113.047","271861.203","0.3802117658","31","6196345.145","-6232812.176","-36467.031","-780103.906"
"1_80_0.75_100_16.csv","2004/1/2","2007/12/31","-284974.25","-13113.047","271861.203","0.3802117658","31","6196345.145","-6232812.176","-36467.031","-780103.906"
"1_80_0.75_100_18.csv","2004/1/2","2007/12/31","-284974.25","-13113.047","271861.203","0.3802117658","31","6196345.145","-6232812.176","-36467.031","-780103.906"
"1_80_0.75_100_20.csv","2004/1/2","2007/12/31","-284974.25","-13113.047","271861.203","0.3802117658","31","6196345.145","-6232812.176","-36467.031","-780103.906"
"1_80_0.75_100_6.csv","2004/1/2","2007/12/31","-284974.25","-13113.047","271861.203","0.3802117658","31","6196345.145","-6232812.176","-36467.031","-780103.906"
"1_80_0.75_100_8.csv","2004/1/2","2007/12/31","-284974.25","-13113.047","271861.203","0.3802117658","31","6196345.145","-6232812.176","-36467.031","-780103.906"
"1_80_0.75_50_10.csv","2004/1/2","2007/12/31","-284974.25","-13113.047","271861.203","0.3802117658","31","6196345.145","-6232812.176","-36467.031","-780103.906"
"1_80_0.75_50_12.csv","2004/1/2","2007/12/31","-284974.25","-13113.047","271861.203","0.3802117658","31","6196345.145","-6232812.176","-36467.031","-780103.906"
"1_80_0.75_50_14.csv","2004/1/2","2007/12/31","-284974.25","-13113.047","271861.203","0.3802117658","31","6196345.145","-6232812.176","-36467.031","-780103.906"
"1_80_0.75_50_16.csv","2004/1/2","2007/12/31","-284974.25","-13113.047","271861.203","0.3802117658","31","6196345.145","-6232812.176","-36467.031","-780103.906"
"1_80_0.75_50_18.csv","2004/1/2","2007/12/31","-284974.25","-13113.047","271861.203","0.3802117658","31","6196345.145","-6232812.176","-36467.031","-780103.906"
"1_80_0.75_50_20.csv","2004/1/2","2007/12/31","-284974.25","-13113.047","271861.203","0.3802117658","31","6196345.145","-6232812.176","-36467.031","-780103.906"
"1_80_0.75_50_6.csv","2004/1/2","2007/12/31","-284974.25","-13113.047","271861.203","0.3802117658","31","6196345.145","-6232812.176","-36467.031","-780103.906"
"1_80_0.75_50_8.csv","2004/1/2","2007/12/31","-284974.25","-13113.047","271861.203","0.3802117658","31","6196345.145","-6232812.176","-36467.031","-780103.906"
"1_80_0.75_75_10.csv","2004/1/2","2007/12/31","-284974.25","-13113.047","271861.203","0.3802117658","31","6196345.145","-6232812.176","-36467.031","-780103.906"
"1_80_0.75_75_12.csv","2004/1/2","2007/12/31","-284974.25","-13113.047","271861.203","0.3802117658","31","6196345.145","-6232812.176","-36467.031","-780103.906"
"1_80_0.75_75_14.csv","2004/1/2","2007/12/31","-284974.25","-13113.047","271861.203","0.3802117658","31","6196345.145","-6232812.176","-36467.031","-780103.906"
"1_80_0.75_75_16.csv","2004/1/2","2007/12/31","-284974.25","-13113.047","271861.203","0.3802117658","31","6196345.145","-6232812.176","-36467.031","-780103.906"
"1_80_0.75_75_18.csv","2004/1/2","2007/12/31","-284974.25","-13113.047","271861.203","0.3802117658","31","6196345.145","-6232812.176","-36467.031","-780103.906"
"1_80_0.75_75_20.csv","2004/1/2","2007/12/31","-284974.25","-13113.047","271861.203","0.3802117658","31","6196345.145","-6232812.176","-36467.031","-780103.906"
"1_80_0.75_75_6.csv","2004/1/2","2007/12/31","-284974.25","-13113.047","271861.203","0.3802117658","31","6196345.145","-6232812.176","-36467.031","-780103.906"
"1_80_0.75_75_8.csv","2004/1/2","2007/12/31","-284974.25","-13113.047","271861.203","0.3802117658","31","6196345.145","-6232812.176","-36467.031","-780103.906"
"3_80_0.75_100_10.csv","2004/1/2","2007/12/31","-284974.25","-13113.047","271861.203","0.3802117658","31","6196345.145","-6232812.176","-36467.031","-780103.906"
"3_80_0.75_100_12.csv","2004/1/2","2007/12/31","-284974.25","-13113.047","271861.203","0.3802117658","31","6196345.145","-6232812.176","-36467.031","-780103.906"
"3_80_0.75_100_14.csv","2004/1/2","2007/12/31","-284974.25","-13113.047","271861.203","0.3802117658","31","6196345.145","-6232812.176","-36467.031","-780103.906"
"3_80_0.75_100_16.csv","2004/1/2","2007/12/31","-284974.25","-13113.047","271861.203","0.3802117658","31","6196345.145","-6232812.176","-36467.031","-780103.906"
"3_80_0.75_100_18.csv","2004/1/2","2007/12/31","-284974.25","-13113.047","271861.203","0.3802117658","31","6196345.145","-6232812.176","-36467.031","-780103.906"
"3_80_0.75_100_20.csv","2004/1/2","2007/12/31","-284974.25","-13113.047","271861.203","0.3802117658","31","6196345.145","-6232812.176","-36467.031","-780103.906"
"3_80_0.75_100_6.csv","2004/1/2","2007/12/31","-284974.25","-13113.047","271861.203","0.3802117658","31","6196345.145","-6232812.176","-36467.031","-780103.906"
"3_80_0.75_100_8.csv","2004/1/2","2007/12/31","-284974.25","-13113.047","271861.203","0.3802117658","31","6196345.145","-6232812.176","-36467.031","-780103.906"
"3_80_0.75_50_10.csv","2004/1/2","2007/12/31","-284974.25","-13113.047","271861.203","0.3802117658","31","6196345.145","-6232812.176","-36467.031","-780103.906"
"3_80_0.75_50_12.csv","2004/1/2","2007/12/31","-284974.25","-13113.047","271861.203","0.3802117658","31","6196345.145","-6232812.176","-36467.031","-780103.906"
"3_80_0.75_50_14.csv","2004/1/2","2007/12/31","-284974.25","-13113.047","271861.203","0.3802117658","31","6196345.145","-6232812.176","-36467.031","-780103.906"
"3_80_0.75_50_16.csv","2004/1/2","2007/12/31","-284974.25","-13113.047","271861.203","0.3802117658","31","6196345.145","-6232812.176","-36467.031","-780103.906"
"3_80_0.75_50_18.csv","2004/1/2","2007/12/31","-284974.25","-13113.047","271861.203","0.3802117658","31","6196345.145","-6232812.176","-36467.031","-780103.906"
"3_80_0.75_50_20.csv","2004/1/2","2007/12/31","-284974.25","-13113.047","271861.203","0.3802117658","31","6196345.145","-6232812.176","-36467.031","-780103.906"
"3_80_0.75_50_6.csv","2004/1/2","2007/12/31","-284974.25","-13113.047","271861.203","0.3802117658","31","6196345.145","-6232812.176","-36467.031","-780103.906"
"3_80_0.75_50_8.csv","2004/1/2","2007/12/31","-284974.25","-13113.047","271861.203","0.3802117658","31","6196345.145","-6232812.176","-36467.031","-780103.906"
"3_80_0.75_75_10.csv","2004/1/2","2007/12/31","-284974.25","-13113.047","271861.203","0.3802117658","31","6196345.145","-6232812.176","-36467.031","-780103.906"
"3_80_0.75_75_12.csv","2004/1/2","2007/12/31","-284974.25","-13113.047","271861.203","0.3802117658","31","6196345.145","-6232812.176","-36467.031","-780103.906"
"3_80_0.75_75_14.csv","2004/1/2","2007/12/31","-284974.25","-13113.047","271861.203","0.3802117658","31","6196345.145","-6232812.176","-36467.031","-780103.906"
"3_80_0.75_75_16.csv","2004/1/2","2007/12/31","-284974.25","-13113.047","271861.203","0.3802117658","31","6196345.145","-6232812.176","-36467.031","-780103.906"
"3_80_0.75_75_18.csv","2004/1/2","2007/12/31","-284974.25","-13113.047","271861.203","0.3802117658","31","6196345.145","-6232812.176","-36467.031","-780103.906"
"3_80_0.75_75_20.csv","2004/1/2","2007/12/31","-284974.25","-13113.047","271861.203","0.3802117658","31","6196345.145","-6232812.176","-36467.031","-780103.906"
"3_80_0.75_75_6.csv","2004/1/2","2007/12/31","-284974.25","-13113.047","271861.203","0.3802117658","31","6196345.145","-6232812.176","-36467.031","-780103.906"
"3_80_0.75_75_8.csv","2004/1/2","2007/12/31","-284974.25","-13113.047","271861.203","0.3802117658","31","6196345.145","-6232812.176","-36467.031","-780103.906"
"2_40_1_175_4.csv","2004/1/2","2007/12/31","-158361.766","1545953.0","1704314.766","2.02499684205","10","7020029.193","-5680817.912","1339211.281","-557865.907"
"1_60_1.5_225_10.csv","2004/1/2","2007/12/31","9486.498","391842.25","382355.752","0.378762621152","19","4030274.319","-4097762.507","-67488.188","-637196.907"
"1_60_1.5_225_12.csv","2004/1/2","2007/12/31","9486.498","391842.25","382355.752","0.378762621152","19","4030274.319","-4097762.507","-67488.188","-637196.907"
"1_60_1.5_225_14.csv","2004/1/2","2007/12/31","9486.498","391842.25","382355.752","0.378762621152","19","4030274.319","-4097762.507","-67488.188","-637196.907"
"1_60_1.5_225_16.csv","2004/1/2","2007/12/31","9486.498","391842.25","382355.752","0.378762621152","19","4030274.319","-4097762.507","-67488.188","-637196.907"
"1_60_1.5_225_18.csv","2004/1/2","2007/12/31","9486.498","391842.25","382355.752","0.378762621152","19","4030274.319","-4097762.507","-67488.188","-637196.907"
"1_60_1.5_225_20.csv","2004/1/2","2007/12/31","9486.498","391842.25","382355.752","0.378762621152","19","4030274.319","-4097762.507","-67488.188","-637196.907"
"1_60_1.5_225_4.csv","2004/1/2","2007/12/31","9486.498","391842.25","382355.752","0.378762621152","19","4030274.319","-4097762.507","-67488.188","-637196.907"
"1_60_1.5_225_6.csv","2004/1/2","2007/12/31","9486.498","391842.25","382355.752","0.378762621152","19","4030274.319","-4097762.507","-67488.188","-637196.907"
"1_60_1.5_225_8.csv","2004/1/2","2007/12/31","9486.498","391842.25","382355.752","0.378762621152","19","4030274.319","-4097762.507","-67488.188","-637196.907"
"3_60_1.5_225_10.csv","2004/1/2","2007/12/31","9486.498","391842.25","382355.752","0.378762621152","19","4030274.319","-4097762.507","-67488.188","-637196.907"
"3_60_1.5_225_12.csv","2004/1/2","2007/12/31","9486.498","391842.25","382355.752","0.378762621152","19","4030274.319","-4097762.507","-67488.188","-637196.907"
"3_60_1.5_225_14.csv","2004/1/2","2007/12/31","9486.498","391842.25","382355.752","0.378762621152","19","4030274.319","-4097762.507","-67488.188","-637196.907"
"3_60_1.5_225_16.csv","2004/1/2","2007/12/31","9486.498","391842.25","382355.752","0.378762621152","19","4030274.319","-4097762.507","-67488.188","-637196.907"
"3_60_1.5_225_18.csv","2004/1/2","2007/12/31","9486.498","391842.25","382355.752","0.378762621152","19","4030274.319","-4097762.507","-67488.188","-637196.907"
"3_60_1.5_225_20.csv","2004/1/2","2007/12/31","9486.498","391842.25","382355.752","0.378762621152","19","4030274.319","-4097762.507","-67488.188","-637196.907"
"3_60_1.5_225_4.csv","2004/1/2","2007/12/31","9486.498","391842.25","382355.752","0.378762621152","19","4030274.319","-4097762.507","-67488.188","-637196.907"
"3_60_1.5_225_6.csv","2004/1/2","2007/12/31","9486.498","391842.25","382355.752","0.378762621152","19","4030274.319","-4097762.507","-67488.188","-637196.907"
"3_60_1.5_225_8.csv","2004/1/2","2007/12/31","9486.498","391842.25","382355.752","0.378762621152","19","4030274.319","-4097762.507","-67488.188","-637196.907"
"2_120_2_100_8.csv","2004/1/2","2007/12/31","-567953.438","-264607.875","303345.563","0.702113127798","5","2856308.642","-2746168.704","110139.938","-374996.375"
"2_120_2_125_8.csv","2004/1/2","2007/12/31","-567953.438","-264607.875","303345.563","0.702113127798","5","2856308.642","-2746168.704","110139.938","-374996.375"
"2_120_2_150_8.csv","2004/1/2","2007/12/31","-567953.438","-264607.875","303345.563","0.702113127798","5","2856308.642","-2746168.704","110139.938","-374996.375"
"2_120_2_50_8.csv","2004/1/2","2007/12/31","-567953.438","-264607.875","303345.563","0.702113127798","5","2856308.642","-2746168.704","110139.938","-374996.375"
"2_120_2_75_8.csv","2004/1/2","2007/12/31","-567953.438","-264607.875","303345.563","0.702113127798","5","2856308.642","-2746168.704","110139.938","-374996.375"
"2_120_2_225_8.csv","2004/1/2","2007/12/31","-496419.219","-142848.547","353570.672","0.702113117379","5","3329228.879","-3200853.051","128375.828","-437084.687"
"2_120_2_175_8.csv","2004/1/2","2007/12/31","-566316.938","-261822.328","304494.61","0.702113217417","5","2867128.306","-2756571.228","110557.078","-376416.781"
"2_120_2_200_8.csv","2004/1/2","2007/12/31","-566316.938","-261822.328","304494.61","0.702113217417","5","2867128.306","-2756571.228","110557.078","-376416.781"
"1_100_2_175_10.csv","2004/1/2","2007/12/31","185319.297","645441.063","460121.766","0.388183814407","11","3174563.449","-3251110.761","-76547.312","-844274.079"
"1_100_2_175_12.csv","2004/1/2","2007/12/31","185319.297","645441.063","460121.766","0.388183814407","11","3174563.449","-3251110.761","-76547.312","-844274.079"
"1_100_2_175_14.csv","2004/1/2","2007/12/31","185319.297","645441.063","460121.766","0.388183814407","11","3174563.449","-3251110.761","-76547.312","-844274.079"
"1_100_2_175_16.csv","2004/1/2","2007/12/31","185319.297","645441.063","460121.766","0.388183814407","11","3174563.449","-3251110.761","-76547.312","-844274.079"
"1_100_2_175_18.csv","2004/1/2","2007/12/31","185319.297","645441.063","460121.766","0.388183814407","11","3174563.449","-3251110.761","-76547.312","-844274.079"
"1_100_2_175_20.csv","2004/1/2","2007/12/31","185319.297","645441.063","460121.766","0.388183814407","11","3174563.449","-3251110.761","-76547.312","-844274.079"
"1_100_2_175_4.csv","2004/1/2","2007/12/31","185319.297","645441.063","460121.766","0.388183814407","11","3174563.449","-3251110.761","-76547.312","-844274.079"
"1_100_2_175_6.csv","2004/1/2","2007/12/31","185319.297","645441.063","460121.766","0.388183814407","11","3174563.449","-3251110.761","-76547.312","-844274.079"
"1_100_2_175_8.csv","2004/1/2","2007/12/31","185319.297","645441.063","460121.766","0.388183814407","11","3174563.449","-3251110.761","-76547.312","-844274.079"
"3_100_2_175_10.csv","2004/1/2","2007/12/31","185319.297","645441.063","460121.766","0.388183814407","11","3174563.449","-3251110.761","-76547.312","-844274.079"
"3_100_2_175_12.csv","2004/1/2","2007/12/31","185319.297","645441.063","460121.766","0.388183814407","11","3174563.449","-3251110.761","-76547.312","-844274.079"
"3_100_2_175_14.csv","2004/1/2","2007/12/31","185319.297","645441.063","460121.766","0.388183814407","11","3174563.449","-3251110.761","-76547.312","-844274.079"
"3_100_2_175_16.csv","2004/1/2","2007/12/31","185319.297","645441.063","460121.766","0.388183814407","11","3174563.449","-3251110.761","-76547.312","-844274.079"
"3_100_2_175_18.csv","2004/1/2","2007/12/31","185319.297","645441.063","460121.766","0.388183814407","11","3174563.449","-3251110.761","-76547.312","-844274.079"
"3_100_2_175_20.csv","2004/1/2","2007/12/31","185319.297","645441.063","460121.766","0.388183814407","11","3174563.449","-3251110.761","-76547.312","-844274.079"
"3_100_2_175_4.csv","2004/1/2","2007/12/31","185319.297","645441.063","460121.766","0.388183814407","11","3174563.449","-3251110.761","-76547.312","-844274.079"
"3_100_2_175_6.csv","2004/1/2","2007/12/31","185319.297","645441.063","460121.766","0.388183814407","11","3174563.449","-3251110.761","-76547.312","-844274.079"
"3_100_2_175_8.csv","2004/1/2","2007/12/31","185319.297","645441.063","460121.766","0.388183814407","11","3174563.449","-3251110.761","-76547.312","-844274.079"
"1_100_2_150_10.csv","2004/1/2","2007/12/31","190644.0","652832.75","462188.75","0.388183831607","11","3188824.69","-3265715.94","-76891.25","-848066.891"
"1_100_2_150_12.csv","2004/1/2","2007/12/31","190644.0","652832.75","462188.75","0.388183831607","11","3188824.69","-3265715.94","-76891.25","-848066.891"
"1_100_2_150_14.csv","2004/1/2","2007/12/31","190644.0","652832.75","462188.75","0.388183831607","11","3188824.69","-3265715.94","-76891.25","-848066.891"
"1_100_2_150_16.csv","2004/1/2","2007/12/31","190644.0","652832.75","462188.75","0.388183831607","11","3188824.69","-3265715.94","-76891.25","-848066.891"
"1_100_2_150_18.csv","2004/1/2","2007/12/31","190644.0","652832.75","462188.75","0.388183831607","11","3188824.69","-3265715.94","-76891.25","-848066.891"
"1_100_2_150_20.csv","2004/1/2","2007/12/31","190644.0","652832.75","462188.75","0.388183831607","11","3188824.69","-3265715.94","-76891.25","-848066.891"
"1_100_2_150_4.csv","2004/1/2","2007/12/31","190644.0","652832.75","462188.75","0.388183831607","11","3188824.69","-3265715.94","-76891.25","-848066.891"
"1_100_2_150_6.csv","2004/1/2","2007/12/31","190644.0","652832.75","462188.75","0.388183831607","11","3188824.69","-3265715.94","-76891.25","-848066.891"
"1_100_2_150_8.csv","2004/1/2","2007/12/31","190644.0","652832.75","462188.75","0.388183831607","11","3188824.69","-3265715.94","-76891.25","-848066.891"
"3_100_2_150_10.csv","2004/1/2","2007/12/31","190644.0","652832.75","462188.75","0.388183831607","11","3188824.69","-3265715.94","-76891.25","-848066.891"
"3_100_2_150_12.csv","2004/1/2","2007/12/31","190644.0","652832.75","462188.75","0.388183831607","11","3188824.69","-3265715.94","-76891.25","-848066.891"
"3_100_2_150_14.csv","2004/1/2","2007/12/31","190644.0","652832.75","462188.75","0.388183831607","11","3188824.69","-3265715.94","-76891.25","-848066.891"
"3_100_2_150_16.csv","2004/1/2","2007/12/31","190644.0","652832.75","462188.75","0.388183831607","11","3188824.69","-3265715.94","-76891.25","-848066.891"
"3_100_2_150_18.csv","2004/1/2","2007/12/31","190644.0","652832.75","462188.75","0.388183831607","11","3188824.69","-3265715.94","-76891.25","-848066.891"
"3_100_2_150_20.csv","2004/1/2","2007/12/31","190644.0","652832.75","462188.75","0.388183831607","11","3188824.69","-3265715.94","-76891.25","-848066.891"
"3_100_2_150_4.csv","2004/1/2","2007/12/31","190644.0","652832.75","462188.75","0.388183831607","11","3188824.69","-3265715.94","-76891.25","-848066.891"
"3_100_2_150_6.csv","2004/1/2","2007/12/31","190644.0","652832.75","462188.75","0.388183831607","11","3188824.69","-3265715.94","-76891.25","-848066.891"
"3_100_2_150_8.csv","2004/1/2","2007/12/31","190644.0","652832.75","462188.75","0.388183831607","11","3188824.69","-3265715.94","-76891.25","-848066.891"
"1_100_2_200_10.csv","2004/1/2","2007/12/31","220701.609","694558.313","473856.704","0.388183894005","11","3269326.559","-3348158.871","-78832.312","-869476.254"
"1_100_2_200_12.csv","2004/1/2","2007/12/31","220701.609","694558.313","473856.704","0.388183894005","11","3269326.559","-3348158.871","-78832.312","-869476.254"
"1_100_2_200_14.csv","2004/1/2","2007/12/31","220701.609","694558.313","473856.704","0.388183894005","11","3269326.559","-3348158.871","-78832.312","-869476.254"
"1_100_2_200_16.csv","2004/1/2","2007/12/31","220701.609","694558.313","473856.704","0.388183894005","11","3269326.559","-3348158.871","-78832.312","-869476.254"
"1_100_2_200_18.csv","2004/1/2","2007/12/31","220701.609","694558.313","473856.704","0.388183894005","11","3269326.559","-3348158.871","-78832.312","-869476.254"
"1_100_2_200_20.csv","2004/1/2","2007/12/31","220701.609","694558.313","473856.704","0.388183894005","11","3269326.559","-3348158.871","-78832.312","-869476.254"
"1_100_2_200_4.csv","2004/1/2","2007/12/31","220701.609","694558.313","473856.704","0.388183894005","11","3269326.559","-3348158.871","-78832.312","-869476.254"
"1_100_2_200_6.csv","2004/1/2","2007/12/31","220701.609","694558.313","473856.704","0.388183894005","11","3269326.559","-3348158.871","-78832.312","-869476.254"
"1_100_2_200_8.csv","2004/1/2","2007/12/31","220701.609","694558.313","473856.704","0.388183894005","11","3269326.559","-3348158.871","-78832.312","-869476.254"
"3_100_2_200_10.csv","2004/1/2","2007/12/31","220701.609","694558.313","473856.704","0.388183894005","11","3269326.559","-3348158.871","-78832.312","-869476.254"
"3_100_2_200_12.csv","2004/1/2","2007/12/31","220701.609","694558.313","473856.704","0.388183894005","11","3269326.559","-3348158.871","-78832.312","-869476.254"
"3_100_2_200_14.csv","2004/1/2","2007/12/31","220701.609","694558.313","473856.704","0.388183894005","11","3269326.559","-3348158.871","-78832.312","-869476.254"
"3_100_2_200_16.csv","2004/1/2","2007/12/31","220701.609","694558.313","473856.704","0.388183894005","11","3269326.559","-3348158.871","-78832.312","-869476.254"
"3_100_2_200_18.csv","2004/1/2","2007/12/31","220701.609","694558.313","473856.704","0.388183894005","11","3269326.559","-3348158.871","-78832.312","-869476.254"
"3_100_2_200_20.csv","2004/1/2","2007/12/31","220701.609","694558.313","473856.704","0.388183894005","11","3269326.559","-3348158.871","-78832.312","-869476.254"
"3_100_2_200_4.csv","2004/1/2","2007/12/31","220701.609","694558.313","473856.704","0.388183894005","11","3269326.559","-3348158.871","-78832.312","-869476.254"
"3_100_2_200_6.csv","2004/1/2","2007/12/31","220701.609","694558.313","473856.704","0.388183894005","11","3269326.559","-3348158.871","-78832.312","-869476.254"
"3_100_2_200_8.csv","2004/1/2","2007/12/31","220701.609","694558.313","473856.704","0.388183894005","11","3269326.559","-3348158.871","-78832.312","-869476.254"
"1_100_2_125_10.csv","2004/1/2","2007/12/31","185375.625","645519.375","460143.75","0.388183914276","11","3174714.945","-3251265.945","-76551.0","-844314.477"
"1_100_2_125_12.csv","2004/1/2","2007/12/31","185375.625","645519.375","460143.75","0.388183914276","11","3174714.945","-3251265.945","-76551.0","-844314.477"
"1_100_2_125_14.csv","2004/1/2","2007/12/31","185375.625","645519.375","460143.75","0.388183914276","11","3174714.945","-3251265.945","-76551.0","-844314.477"
"1_100_2_125_16.csv","2004/1/2","2007/12/31","185375.625","645519.375","460143.75","0.388183914276","11","3174714.945","-3251265.945","-76551.0","-844314.477"
"1_100_2_125_18.csv","2004/1/2","2007/12/31","185375.625","645519.375","460143.75","0.388183914276","11","3174714.945","-3251265.945","-76551.0","-844314.477"
"1_100_2_125_20.csv","2004/1/2","2007/12/31","185375.625","645519.375","460143.75","0.388183914276","11","3174714.945","-3251265.945","-76551.0","-844314.477"
"1_100_2_125_4.csv","2004/1/2","2007/12/31","185375.625","645519.375","460143.75","0.388183914276","11","3174714.945","-3251265.945","-76551.0","-844314.477"
"1_100_2_125_6.csv","2004/1/2","2007/12/31","185375.625","645519.375","460143.75","0.388183914276","11","3174714.945","-3251265.945","-76551.0","-844314.477"
"1_100_2_125_8.csv","2004/1/2","2007/12/31","185375.625","645519.375","460143.75","0.388183914276","11","3174714.945","-3251265.945","-76551.0","-844314.477"
"3_100_2_125_10.csv","2004/1/2","2007/12/31","185375.625","645519.375","460143.75","0.388183914276","11","3174714.945","-3251265.945","-76551.0","-844314.477"
"3_100_2_125_12.csv","2004/1/2","2007/12/31","185375.625","645519.375","460143.75","0.388183914276","11","3174714.945","-3251265.945","-76551.0","-844314.477"
"3_100_2_125_14.csv","2004/1/2","2007/12/31","185375.625","645519.375","460143.75","0.388183914276","11","3174714.945","-3251265.945","-76551.0","-844314.477"
"3_100_2_125_16.csv","2004/1/2","2007/12/31","185375.625","645519.375","460143.75","0.388183914276","11","3174714.945","-3251265.945","-76551.0","-844314.477"
"3_100_2_125_18.csv","2004/1/2","2007/12/31","185375.625","645519.375","460143.75","0.388183914276","11","3174714.945","-3251265.945","-76551.0","-844314.477"
"3_100_2_125_20.csv","2004/1/2","2007/12/31","185375.625","645519.375","460143.75","0.388183914276","11","3174714.945","-3251265.945","-76551.0","-844314.477"
"3_100_2_125_4.csv","2004/1/2","2007/12/31","185375.625","645519.375","460143.75","0.388183914276","11","3174714.945","-3251265.945","-76551.0","-844314.477"
"3_100_2_125_6.csv","2004/1/2","2007/12/31","185375.625","645519.375","460143.75","0.388183914276","11","3174714.945","-3251265.945","-76551.0","-844314.477"
"3_100_2_125_8.csv","2004/1/2","2007/12/31","185375.625","645519.375","460143.75","0.388183914276","11","3174714.945","-3251265.945","-76551.0","-844314.477"
"1_100_2_225_10.csv","2004/1/2","2007/12/31","272902.688","767023.063","494120.375","0.38818393555","11","3409133.355","-3491336.917","-82203.562","-906658.032"
"1_100_2_225_12.csv","2004/1/2","2007/12/31","272902.688","767023.063","494120.375","0.38818393555","11","3409133.355","-3491336.917","-82203.562","-906658.032"
"1_100_2_225_14.csv","2004/1/2","2007/12/31","272902.688","767023.063","494120.375","0.38818393555","11","3409133.355","-3491336.917","-82203.562","-906658.032"
"1_100_2_225_16.csv","2004/1/2","2007/12/31","272902.688","767023.063","494120.375","0.38818393555","11","3409133.355","-3491336.917","-82203.562","-906658.032"
"1_100_2_225_18.csv","2004/1/2","2007/12/31","272902.688","767023.063","494120.375","0.38818393555","11","3409133.355","-3491336.917","-82203.562","-906658.032"
"1_100_2_225_20.csv","2004/1/2","2007/12/31","272902.688","767023.063","494120.375","0.38818393555","11","3409133.355","-3491336.917","-82203.562","-906658.032"
"1_100_2_225_4.csv","2004/1/2","2007/12/31","272902.688","767023.063","494120.375","0.38818393555","11","3409133.355","-3491336.917","-82203.562","-906658.032"
"1_100_2_225_6.csv","2004/1/2","2007/12/31","272902.688","767023.063","494120.375","0.38818393555","11","3409133.355","-3491336.917","-82203.562","-906658.032"
"1_100_2_225_8.csv","2004/1/2","2007/12/31","272902.688","767023.063","494120.375","0.38818393555","11","3409133.355","-3491336.917","-82203.562","-906658.032"
"3_100_2_225_10.csv","2004/1/2","2007/12/31","272902.688","767023.063","494120.375","0.38818393555","11","3409133.355","-3491336.917","-82203.562","-906658.032"
"3_100_2_225_12.csv","2004/1/2","2007/12/31","272902.688","767023.063","494120.375","0.38818393555","11","3409133.355","-3491336.917","-82203.562","-906658.032"
"3_100_2_225_14.csv","2004/1/2","2007/12/31","272902.688","767023.063","494120.375","0.38818393555","11","3409133.355","-3491336.917","-82203.562","-906658.032"
"3_100_2_225_16.csv","2004/1/2","2007/12/31","272902.688","767023.063","494120.375","0.38818393555","11","3409133.355","-3491336.917","-82203.562","-906658.032"
"3_100_2_225_18.csv","2004/1/2","2007/12/31","272902.688","767023.063","494120.375","0.38818393555","11","3409133.355","-3491336.917","-82203.562","-906658.032"
"3_100_2_225_20.csv","2004/1/2","2007/12/31","272902.688","767023.063","494120.375","0.38818393555","11","3409133.355","-3491336.917","-82203.562","-906658.032"
"3_100_2_225_4.csv","2004/1/2","2007/12/31","272902.688","767023.063","494120.375","0.38818393555","11","3409133.355","-3491336.917","-82203.562","-906658.032"
"3_100_2_225_6.csv","2004/1/2","2007/12/31","272902.688","767023.063","494120.375","0.38818393555","11","3409133.355","-3491336.917","-82203.562","-906658.032"
"3_100_2_225_8.csv","2004/1/2","2007/12/31","272902.688","767023.063","494120.375","0.38818393555","11","3409133.355","-3491336.917","-82203.562","-906658.032"
"1_100_2_100_10.csv","2004/1/2","2007/12/31","351205.25","875721.375","524516.125","0.388183901002","11","3618845.818","-3706106.193","-87260.375","-962431.04"
"1_100_2_100_12.csv","2004/1/2","2007/12/31","351205.25","875721.375","524516.125","0.388183901002","11","3618845.818","-3706106.193","-87260.375","-962431.04"
"1_100_2_100_14.csv","2004/1/2","2007/12/31","351205.25","875721.375","524516.125","0.388183901002","11","3618845.818","-3706106.193","-87260.375","-962431.04"
"1_100_2_100_16.csv","2004/1/2","2007/12/31","351205.25","875721.375","524516.125","0.388183901002","11","3618845.818","-3706106.193","-87260.375","-962431.04"
"1_100_2_100_18.csv","2004/1/2","2007/12/31","351205.25","875721.375","524516.125","0.388183901002","11","3618845.818","-3706106.193","-87260.375","-962431.04"
"1_100_2_100_20.csv","2004/1/2","2007/12/31","351205.25","875721.375","524516.125","0.388183901002","11","3618845.818","-3706106.193","-87260.375","-962431.04"
"1_100_2_100_4.csv","2004/1/2","2007/12/31","351205.25","875721.375","524516.125","0.388183901002","11","3618845.818","-3706106.193","-87260.375","-962431.04"
"1_100_2_100_6.csv","2004/1/2","2007/12/31","351205.25","875721.375","524516.125","0.388183901002","11","3618845.818","-3706106.193","-87260.375","-962431.04"
"1_100_2_100_8.csv","2004/1/2","2007/12/31","351205.25","875721.375","524516.125","0.388183901002","11","3618845.818","-3706106.193","-87260.375","-962431.04"
"1_100_2_50_10.csv","2004/1/2","2007/12/31","351205.25","875721.375","524516.125","0.388183901002","11","3618845.818","-3706106.193","-87260.375","-962431.04"
"1_100_2_50_12.csv","2004/1/2","2007/12/31","351205.25","875721.375","524516.125","0.388183901002","11","3618845.818","-3706106.193","-87260.375","-962431.04"
"1_100_2_50_14.csv","2004/1/2","2007/12/31","351205.25","875721.375","524516.125","0.388183901002","11","3618845.818","-3706106.193","-87260.375","-962431.04"
"1_100_2_50_16.csv","2004/1/2","2007/12/31","351205.25","875721.375","524516.125","0.388183901002","11","3618845.818","-3706106.193","-87260.375","-962431.04"
"1_100_2_50_18.csv","2004/1/2","2007/12/31","351205.25","875721.375","524516.125","0.388183901002","11","3618845.818","-3706106.193","-87260.375","-962431.04"
"1_100_2_50_20.csv","2004/1/2","2007/12/31","351205.25","875721.375","524516.125","0.388183901002","11","3618845.818","-3706106.193","-87260.375","-962431.04"
"1_100_2_50_4.csv","2004/1/2","2007/12/31","351205.25","875721.375","524516.125","0.388183901002","11","3618845.818","-3706106.193","-87260.375","-962431.04"
"1_100_2_50_6.csv","2004/1/2","2007/12/31","351205.25","875721.375","524516.125","0.388183901002","11","3618845.818","-3706106.193","-87260.375","-962431.04"
"1_100_2_50_8.csv","2004/1/2","2007/12/31","351205.25","875721.375","524516.125","0.388183901002","11","3618845.818","-3706106.193","-87260.375","-962431.04"
"1_100_2_75_10.csv","2004/1/2","2007/12/31","351205.25","875721.375","524516.125","0.388183901002","11","3618845.818","-3706106.193","-87260.375","-962431.04"
"1_100_2_75_12.csv","2004/1/2","2007/12/31","351205.25","875721.375","524516.125","0.388183901002","11","3618845.818","-3706106.193","-87260.375","-962431.04"
"1_100_2_75_14.csv","2004/1/2","2007/12/31","351205.25","875721.375","524516.125","0.388183901002","11","3618845.818","-3706106.193","-87260.375","-962431.04"
"1_100_2_75_16.csv","2004/1/2","2007/12/31","351205.25","875721.375","524516.125","0.388183901002","11","3618845.818","-3706106.193","-87260.375","-962431.04"
"1_100_2_75_18.csv","2004/1/2","2007/12/31","351205.25","875721.375","524516.125","0.388183901002","11","3618845.818","-3706106.193","-87260.375","-962431.04"
"1_100_2_75_20.csv","2004/1/2","2007/12/31","351205.25","875721.375","524516.125","0.388183901002","11","3618845.818","-3706106.193","-87260.375","-962431.04"
"1_100_2_75_4.csv","2004/1/2","2007/12/31","351205.25","875721.375","524516.125","0.388183901002","11","3618845.818","-3706106.193","-87260.375","-962431.04"
"1_100_2_75_6.csv","2004/1/2","2007/12/31","351205.25","875721.375","524516.125","0.388183901002","11","3618845.818","-3706106.193","-87260.375","-962431.04"
"1_100_2_75_8.csv","2004/1/2","2007/12/31","351205.25","875721.375","524516.125","0.388183901002","11","3618845.818","-3706106.193","-87260.375","-962431.04"
"3_100_2_100_10.csv","2004/1/2","2007/12/31","351205.25","875721.375","524516.125","0.388183901002","11","3618845.818","-3706106.193","-87260.375","-962431.04"
"3_100_2_100_12.csv","2004/1/2","2007/12/31","351205.25","875721.375","524516.125","0.388183901002","11","3618845.818","-3706106.193","-87260.375","-962431.04"
"3_100_2_100_14.csv","2004/1/2","2007/12/31","351205.25","875721.375","524516.125","0.388183901002","11","3618845.818","-3706106.193","-87260.375","-962431.04"
"3_100_2_100_16.csv","2004/1/2","2007/12/31","351205.25","875721.375","524516.125","0.388183901002","11","3618845.818","-3706106.193","-87260.375","-962431.04"
"3_100_2_100_18.csv","2004/1/2","2007/12/31","351205.25","875721.375","524516.125","0.388183901002","11","3618845.818","-3706106.193","-87260.375","-962431.04"
"3_100_2_100_20.csv","2004/1/2","2007/12/31","351205.25","875721.375","524516.125","0.388183901002","11","3618845.818","-3706106.193","-87260.375","-962431.04"
"3_100_2_100_4.csv","2004/1/2","2007/12/31","351205.25","875721.375","524516.125","0.388183901002","11","3618845.818","-3706106.193","-87260.375","-962431.04"
"3_100_2_100_6.csv","2004/1/2","2007/12/31","351205.25","875721.375","524516.125","0.388183901002","11","3618845.818","-3706106.193","-87260.375","-962431.04"
"3_100_2_100_8.csv","2004/1/2","2007/12/31","351205.25","875721.375","524516.125","0.388183901002","11","3618845.818","-3706106.193","-87260.375","-962431.04"
"3_100_2_50_10.csv","2004/1/2","2007/12/31","351205.25","875721.375","524516.125","0.388183901002","11","3618845.818","-3706106.193","-87260.375","-962431.04"
"3_100_2_50_12.csv","2004/1/2","2007/12/31","351205.25","875721.375","524516.125","0.388183901002","11","3618845.818","-3706106.193","-87260.375","-962431.04"
"3_100_2_50_14.csv","2004/1/2","2007/12/31","351205.25","875721.375","524516.125","0.388183901002","11","3618845.818","-3706106.193","-87260.375","-962431.04"
"3_100_2_50_16.csv","2004/1/2","2007/12/31","351205.25","875721.375","524516.125","0.388183901002","11","3618845.818","-3706106.193","-87260.375","-962431.04"
"3_100_2_50_18.csv","2004/1/2","2007/12/31","351205.25","875721.375","524516.125","0.388183901002","11","3618845.818","-3706106.193","-87260.375","-962431.04"
"3_100_2_50_20.csv","2004/1/2","2007/12/31","351205.25","875721.375","524516.125","0.388183901002","11","3618845.818","-3706106.193","-87260.375","-962431.04"
"3_100_2_50_4.csv","2004/1/2","2007/12/31","351205.25","875721.375","524516.125","0.388183901002","11","3618845.818","-3706106.193","-87260.375","-962431.04"
"3_100_2_50_6.csv","2004/1/2","2007/12/31","351205.25","875721.375","524516.125","0.388183901002","11","3618845.818","-3706106.193","-87260.375","-962431.04"
"3_100_2_50_8.csv","2004/1/2","2007/12/31","351205.25","875721.375","524516.125","0.388183901002","11","3618845.818","-3706106.193","-87260.375","-962431.04"
"3_100_2_75_10.csv","2004/1/2","2007/12/31","351205.25","875721.375","524516.125","0.388183901002","11","3618845.818","-3706106.193","-87260.375","-962431.04"
"3_100_2_75_12.csv","2004/1/2","2007/12/31","351205.25","875721.375","524516.125","0.388183901002","11","3618845.818","-3706106.193","-87260.375","-962431.04"
"3_100_2_75_14.csv","2004/1/2","2007/12/31","351205.25","875721.375","524516.125","0.388183901002","11","3618845.818","-3706106.193","-87260.375","-962431.04"
"3_100_2_75_16.csv","2004/1/2","2007/12/31","351205.25","875721.375","524516.125","0.388183901002","11","3618845.818","-3706106.193","-87260.375","-962431.04"
"3_100_2_75_18.csv","2004/1/2","2007/12/31","351205.25","875721.375","524516.125","0.388183901002","11","3618845.818","-3706106.193","-87260.375","-962431.04"
"3_100_2_75_20.csv","2004/1/2","2007/12/31","351205.25","875721.375","524516.125","0.388183901002","11","3618845.818","-3706106.193","-87260.375","-962431.04"
"3_100_2_75_4.csv","2004/1/2","2007/12/31","351205.25","875721.375","524516.125","0.388183901002","11","3618845.818","-3706106.193","-87260.375","-962431.04"
"3_100_2_75_6.csv","2004/1/2","2007/12/31","351205.25","875721.375","524516.125","0.388183901002","11","3618845.818","-3706106.193","-87260.375","-962431.04"
"3_100_2_75_8.csv","2004/1/2","2007/12/31","351205.25","875721.375","524516.125","0.388183901002","11","3618845.818","-3706106.193","-87260.375","-962431.04"
"2_20_1.25_200_10.csv","2004/1/2","2007/12/31","85790.609","1126785.75","1040995.141","0.958743916526","15","6709679.547","-6166545.235","543134.312","-888244.844"
"2_20_1.25_200_12.csv","2004/1/2","2007/12/31","85790.609","1126785.75","1040995.141","0.958743916526","15","6709679.547","-6166545.235","543134.312","-888244.844"
"2_20_1.25_200_14.csv","2004/1/2","2007/12/31","85790.609","1126785.75","1040995.141","0.958743916526","15","6709679.547","-6166545.235","543134.312","-888244.844"
"2_20_1.25_200_16.csv","2004/1/2","2007/12/31","85790.609","1126785.75","1040995.141","0.958743916526","15","6709679.547","-6166545.235","543134.312","-888244.844"
"2_20_1.25_200_18.csv","2004/1/2","2007/12/31","85790.609","1126785.75","1040995.141","0.958743916526","15","6709679.547","-6166545.235","543134.312","-888244.844"
"2_20_1.25_200_20.csv","2004/1/2","2007/12/31","85790.609","1126785.75","1040995.141","0.958743916526","15","6709679.547","-6166545.235","543134.312","-888244.844"
"2_20_1.25_200_8.csv","2004/1/2","2007/12/31","47444.855","1051676.125","1004231.27","0.958743809","15","6472720.868","-5948767.993","523952.875","-856875.641"
"2_20_1.5_225_10.csv","2004/1/2","2007/12/31","142697.828","1134806.375","992108.547","0.868216008371","15","6690673.632","-6226349.195","464324.437","-926897.329"
"2_20_1.5_225_12.csv","2004/1/2","2007/12/31","142697.828","1134806.375","992108.547","0.868216008371","15","6690673.632","-6226349.195","464324.437","-926897.329"
"2_20_1.5_225_14.csv","2004/1/2","2007/12/31","142697.828","1134806.375","992108.547","0.868216008371","15","6690673.632","-6226349.195","464324.437","-926897.329"
"2_20_1.5_225_16.csv","2004/1/2","2007/12/31","142697.828","1134806.375","992108.547","0.868216008371","15","6690673.632","-6226349.195","464324.437","-926897.329"
"2_20_1.5_225_18.csv","2004/1/2","2007/12/31","142697.828","1134806.375","992108.547","0.868216008371","15","6690673.632","-6226349.195","464324.437","-926897.329"
"2_20_1.5_225_20.csv","2004/1/2","2007/12/31","142697.828","1134806.375","992108.547","0.868216008371","15","6690673.632","-6226349.195","464324.437","-926897.329"
"2_20_1.5_200_10.csv","2004/1/2","2007/12/31","-26582.254","693528.938","720111.192","0.739776108417","15","5443566.25","-5173052.906","270513.344","-802306.532"
"2_20_1.5_200_12.csv","2004/1/2","2007/12/31","-26582.254","693528.938","720111.192","0.739776108417","15","5443566.25","-5173052.906","270513.344","-802306.532"
"2_20_1.5_200_14.csv","2004/1/2","2007/12/31","-26582.254","693528.938","720111.192","0.739776108417","15","5443566.25","-5173052.906","270513.344","-802306.532"
"2_20_1.5_200_16.csv","2004/1/2","2007/12/31","-26582.254","693528.938","720111.192","0.739776108417","15","5443566.25","-5173052.906","270513.344","-802306.532"
"2_20_1.5_200_18.csv","2004/1/2","2007/12/31","-26582.254","693528.938","720111.192","0.739776108417","15","5443566.25","-5173052.906","270513.344","-802306.532"
"2_20_1.5_200_20.csv","2004/1/2","2007/12/31","-26582.254","693528.938","720111.192","0.739776108417","15","5443566.25","-5173052.906","270513.344","-802306.532"
"2_40_0.75_150_10.csv","2004/1/2","2007/12/31","-51944.328","1292482.375","1344426.703","1.41808834935","13","8901452.876","-7998264.939","903187.937","-604205.5"
"2_40_0.75_150_12.csv","2004/1/2","2007/12/31","-51944.328","1292482.375","1344426.703","1.41808834935","13","8901452.876","-7998264.939","903187.937","-604205.5"
"2_40_0.75_150_14.csv","2004/1/2","2007/12/31","-51944.328","1292482.375","1344426.703","1.41808834935","13","8901452.876","-7998264.939","903187.937","-604205.5"
"2_40_0.75_150_16.csv","2004/1/2","2007/12/31","-51944.328","1292482.375","1344426.703","1.41808834935","13","8901452.876","-7998264.939","903187.937","-604205.5"
"2_40_0.75_150_18.csv","2004/1/2","2007/12/31","-51944.328","1292482.375","1344426.703","1.41808834935","13","8901452.876","-7998264.939","903187.937","-604205.5"
"2_40_0.75_150_20.csv","2004/1/2","2007/12/31","-51944.328","1292482.375","1344426.703","1.41808834935","13","8901452.876","-7998264.939","903187.937","-604205.5"
"2_40_0.75_150_8.csv","2004/1/2","2007/12/31","-51944.328","1292482.375","1344426.703","1.41808834935","13","8901452.876","-7998264.939","903187.937","-604205.5"
"2_40_1_125_4.csv","2004/1/2","2007/12/31","-75710.234","1652205.75","1727915.984","1.86945268417","10","7568138.906","-6275829.344","1292309.562","-647969.281"
"2_40_0.75_50_6.csv","2004/1/2","2007/12/31","135671.844","1387637.375","1251965.531","1.10240078383","22","10825270.881","-10118866.569","706404.312","-1082404.5"
"1_60_1.5_200_10.csv","2004/1/2","2007/12/31","-5220.674","314296.813","319517.487","0.321194337929","18","3788964.199","-3948990.886","-160026.687","-699858.422"
"1_60_1.5_200_12.csv","2004/1/2","2007/12/31","-5220.674","314296.813","319517.487","0.321194337929","18","3788964.199","-3948990.886","-160026.687","-699858.422"
"1_60_1.5_200_14.csv","2004/1/2","2007/12/31","-5220.674","314296.813","319517.487","0.321194337929","18","3788964.199","-3948990.886","-160026.687","-699858.422"
"1_60_1.5_200_16.csv","2004/1/2","2007/12/31","-5220.674","314296.813","319517.487","0.321194337929","18","3788964.199","-3948990.886","-160026.687","-699858.422"
"1_60_1.5_200_18.csv","2004/1/2","2007/12/31","-5220.674","314296.813","319517.487","0.321194337929","18","3788964.199","-3948990.886","-160026.687","-699858.422"
"1_60_1.5_200_20.csv","2004/1/2","2007/12/31","-5220.674","314296.813","319517.487","0.321194337929","18","3788964.199","-3948990.886","-160026.687","-699858.422"
"1_60_1.5_200_4.csv","2004/1/2","2007/12/31","-5220.674","314296.813","319517.487","0.321194337929","18","3788964.199","-3948990.886","-160026.687","-699858.422"
"1_60_1.5_200_6.csv","2004/1/2","2007/12/31","-5220.674","314296.813","319517.487","0.321194337929","18","3788964.199","-3948990.886","-160026.687","-699858.422"
"1_60_1.5_200_8.csv","2004/1/2","2007/12/31","-5220.674","314296.813","319517.487","0.321194337929","18","3788964.199","-3948990.886","-160026.687","-699858.422"
"3_60_1.5_200_10.csv","2004/1/2","2007/12/31","-5220.674","314296.813","319517.487","0.321194337929","18","3788964.199","-3948990.886","-160026.687","-699858.422"
"3_60_1.5_200_12.csv","2004/1/2","2007/12/31","-5220.674","314296.813","319517.487","0.321194337929","18","3788964.199","-3948990.886","-160026.687","-699858.422"
"3_60_1.5_200_14.csv","2004/1/2","2007/12/31","-5220.674","314296.813","319517.487","0.321194337929","18","3788964.199","-3948990.886","-160026.687","-699858.422"
"3_60_1.5_200_16.csv","2004/1/2","2007/12/31","-5220.674","314296.813","319517.487","0.321194337929","18","3788964.199","-3948990.886","-160026.687","-699858.422"
"3_60_1.5_200_18.csv","2004/1/2","2007/12/31","-5220.674","314296.813","319517.487","0.321194337929","18","3788964.199","-3948990.886","-160026.687","-699858.422"
"3_60_1.5_200_20.csv","2004/1/2","2007/12/31","-5220.674","314296.813","319517.487","0.321194337929","18","3788964.199","-3948990.886","-160026.687","-699858.422"
"3_60_1.5_200_4.csv","2004/1/2","2007/12/31","-5220.674","314296.813","319517.487","0.321194337929","18","3788964.199","-3948990.886","-160026.687","-699858.422"
"3_60_1.5_200_6.csv","2004/1/2","2007/12/31","-5220.674","314296.813","319517.487","0.321194337929","18","3788964.199","-3948990.886","-160026.687","-699858.422"
"3_60_1.5_200_8.csv","2004/1/2","2007/12/31","-5220.674","314296.813","319517.487","0.321194337929","18","3788964.199","-3948990.886","-160026.687","-699858.422"
"2_20_1.5_175_8.csv","2004/1/2","2007/12/31","50063.848","815406.25","765342.402","0.728853205886","16","6291499.546","-6033446.234","258053.312","-897887.953"
"2_40_1_150_4.csv","2004/1/2","2007/12/31","-88576.406","1728631.375","1817207.781","1.99381252906","11","7922205.046","-6548536.109","1373668.937","-653216.469"
"1_40_1.25_50_10.csv","2004/1/2","2007/12/31","932896.813","1838171.625","905274.812","0.468351339767","32","9799688.873","-9835183.748","-35494.875","-1549077.281"
"1_40_1.25_50_12.csv","2004/1/2","2007/12/31","932896.813","1838171.625","905274.812","0.468351339767","32","9799688.873","-9835183.748","-35494.875","-1549077.281"
"1_40_1.25_50_14.csv","2004/1/2","2007/12/31","932896.813","1838171.625","905274.812","0.468351339767","32","9799688.873","-9835183.748","-35494.875","-1549077.281"
"1_40_1.25_50_16.csv","2004/1/2","2007/12/31","932896.813","1838171.625","905274.812","0.468351339767","32","9799688.873","-9835183.748","-35494.875","-1549077.281"
"1_40_1.25_50_18.csv","2004/1/2","2007/12/31","932896.813","1838171.625","905274.812","0.468351339767","32","9799688.873","-9835183.748","-35494.875","-1549077.281"
"1_40_1.25_50_20.csv","2004/1/2","2007/12/31","932896.813","1838171.625","905274.812","0.468351339767","32","9799688.873","-9835183.748","-35494.875","-1549077.281"
"1_40_1.25_50_4.csv","2004/1/2","2007/12/31","932896.813","1838171.625","905274.812","0.468351339767","32","9799688.873","-9835183.748","-35494.875","-1549077.281"
"1_40_1.25_50_6.csv","2004/1/2","2007/12/31","932896.813","1838171.625","905274.812","0.468351339767","32","9799688.873","-9835183.748","-35494.875","-1549077.281"
"1_40_1.25_50_8.csv","2004/1/2","2007/12/31","932896.813","1838171.625","905274.812","0.468351339767","32","9799688.873","-9835183.748","-35494.875","-1549077.281"
"3_40_1.25_50_10.csv","2004/1/2","2007/12/31","932896.813","1838171.625","905274.812","0.468351339767","32","9799688.873","-9835183.748","-35494.875","-1549077.281"
"3_40_1.25_50_12.csv","2004/1/2","2007/12/31","932896.813","1838171.625","905274.812","0.468351339767","32","9799688.873","-9835183.748","-35494.875","-1549077.281"
"3_40_1.25_50_14.csv","2004/1/2","2007/12/31","932896.813","1838171.625","905274.812","0.468351339767","32","9799688.873","-9835183.748","-35494.875","-1549077.281"
"3_40_1.25_50_16.csv","2004/1/2","2007/12/31","932896.813","1838171.625","905274.812","0.468351339767","32","9799688.873","-9835183.748","-35494.875","-1549077.281"
"3_40_1.25_50_18.csv","2004/1/2","2007/12/31","932896.813","1838171.625","905274.812","0.468351339767","32","9799688.873","-9835183.748","-35494.875","-1549077.281"
"3_40_1.25_50_20.csv","2004/1/2","2007/12/31","932896.813","1838171.625","905274.812","0.468351339767","32","9799688.873","-9835183.748","-35494.875","-1549077.281"
"3_40_1.25_50_4.csv","2004/1/2","2007/12/31","932896.813","1838171.625","905274.812","0.468351339767","32","9799688.873","-9835183.748","-35494.875","-1549077.281"
"3_40_1.25_50_6.csv","2004/1/2","2007/12/31","932896.813","1838171.625","905274.812","0.468351339767","32","9799688.873","-9835183.748","-35494.875","-1549077.281"
"3_40_1.25_50_8.csv","2004/1/2","2007/12/31","932896.813","1838171.625","905274.812","0.468351339767","32","9799688.873","-9835183.748","-35494.875","-1549077.281"
"1_40_1.25_75_10.csv","2004/1/2","2007/12/31","1018350.063","1926429.5","908079.437","0.449911763894","28","9778465.248","-9852747.123","-74281.875","-1636016.844"
"1_40_1.25_75_12.csv","2004/1/2","2007/12/31","1018350.063","1926429.5","908079.437","0.449911763894","28","9778465.248","-9852747.123","-74281.875","-1636016.844"
"1_40_1.25_75_14.csv","2004/1/2","2007/12/31","1018350.063","1926429.5","908079.437","0.449911763894","28","9778465.248","-9852747.123","-74281.875","-1636016.844"
"1_40_1.25_75_16.csv","2004/1/2","2007/12/31","1018350.063","1926429.5","908079.437","0.449911763894","28","9778465.248","-9852747.123","-74281.875","-1636016.844"
"1_40_1.25_75_18.csv","2004/1/2","2007/12/31","1018350.063","1926429.5","908079.437","0.449911763894","28","9778465.248","-9852747.123","-74281.875","-1636016.844"
"1_40_1.25_75_20.csv","2004/1/2","2007/12/31","1018350.063","1926429.5","908079.437","0.449911763894","28","9778465.248","-9852747.123","-74281.875","-1636016.844"
"1_40_1.25_75_4.csv","2004/1/2","2007/12/31","1018350.063","1926429.5","908079.437","0.449911763894","28","9778465.248","-9852747.123","-74281.875","-1636016.844"
"1_40_1.25_75_6.csv","2004/1/2","2007/12/31","1018350.063","1926429.5","908079.437","0.449911763894","28","9778465.248","-9852747.123","-74281.875","-1636016.844"
"1_40_1.25_75_8.csv","2004/1/2","2007/12/31","1018350.063","1926429.5","908079.437","0.449911763894","28","9778465.248","-9852747.123","-74281.875","-1636016.844"
"3_40_1.25_75_10.csv","2004/1/2","2007/12/31","1018350.063","1926429.5","908079.437","0.449911763894","28","9778465.248","-9852747.123","-74281.875","-1636016.844"
"3_40_1.25_75_12.csv","2004/1/2","2007/12/31","1018350.063","1926429.5","908079.437","0.449911763894","28","9778465.248","-9852747.123","-74281.875","-1636016.844"
"3_40_1.25_75_14.csv","2004/1/2","2007/12/31","1018350.063","1926429.5","908079.437","0.449911763894","28","9778465.248","-9852747.123","-74281.875","-1636016.844"
"3_40_1.25_75_16.csv","2004/1/2","2007/12/31","1018350.063","1926429.5","908079.437","0.449911763894","28","9778465.248","-9852747.123","-74281.875","-1636016.844"
"3_40_1.25_75_18.csv","2004/1/2","2007/12/31","1018350.063","1926429.5","908079.437","0.449911763894","28","9778465.248","-9852747.123","-74281.875","-1636016.844"
"3_40_1.25_75_20.csv","2004/1/2","2007/12/31","1018350.063","1926429.5","908079.437","0.449911763894","28","9778465.248","-9852747.123","-74281.875","-1636016.844"
"3_40_1.25_75_4.csv","2004/1/2","2007/12/31","1018350.063","1926429.5","908079.437","0.449911763894","28","9778465.248","-9852747.123","-74281.875","-1636016.844"
"3_40_1.25_75_6.csv","2004/1/2","2007/12/31","1018350.063","1926429.5","908079.437","0.449911763894","28","9778465.248","-9852747.123","-74281.875","-1636016.844"
"3_40_1.25_75_8.csv","2004/1/2","2007/12/31","1018350.063","1926429.5","908079.437","0.449911763894","28","9778465.248","-9852747.123","-74281.875","-1636016.844"
"2_40_1.25_150_6.csv","2004/1/2","2007/12/31","127507.484","2133784.75","2006277.266","1.77939152908","9","9914624.47","-8463374.22","1451250.25","-908674.469"
"2_40_1.25_175_6.csv","2004/1/2","2007/12/31","-226078.688","1270459.75","1496538.438","1.93370878253","7","6666699.843","-5551132.156","1115567.687","-623714.515"
"2_20_1.25_200_6.csv","2004/1/2","2007/12/31","-9481.902","958509.5","967991.402","0.977257663393","16","5863536.439","-5386253.345","477283.094","-830796.344"
"1_60_1.5_150_10.csv","2004/1/2","2007/12/31","-111782.891","208488.359","320271.25","0.360577663676","22","3819571.475","-3941949.866","-122378.391","-648018.656"
"1_60_1.5_150_12.csv","2004/1/2","2007/12/31","-111782.891","208488.359","320271.25","0.360577663676","22","3819571.475","-3941949.866","-122378.391","-648018.656"
"1_60_1.5_150_14.csv","2004/1/2","2007/12/31","-111782.891","208488.359","320271.25","0.360577663676","22","3819571.475","-3941949.866","-122378.391","-648018.656"
"1_60_1.5_150_16.csv","2004/1/2","2007/12/31","-111782.891","208488.359","320271.25","0.360577663676","22","3819571.475","-3941949.866","-122378.391","-648018.656"
"1_60_1.5_150_18.csv","2004/1/2","2007/12/31","-111782.891","208488.359","320271.25","0.360577663676","22","3819571.475","-3941949.866","-122378.391","-648018.656"
"1_60_1.5_150_20.csv","2004/1/2","2007/12/31","-111782.891","208488.359","320271.25","0.360577663676","22","3819571.475","-3941949.866","-122378.391","-648018.656"
"1_60_1.5_150_4.csv","2004/1/2","2007/12/31","-111782.891","208488.359","320271.25","0.360577663676","22","3819571.475","-3941949.866","-122378.391","-648018.656"
"1_60_1.5_150_6.csv","2004/1/2","2007/12/31","-111782.891","208488.359","320271.25","0.360577663676","22","3819571.475","-3941949.866","-122378.391","-648018.656"
"1_60_1.5_150_8.csv","2004/1/2","2007/12/31","-111782.891","208488.359","320271.25","0.360577663676","22","3819571.475","-3941949.866","-122378.391","-648018.656"
"3_60_1.5_150_10.csv","2004/1/2","2007/12/31","-111782.891","208488.359","320271.25","0.360577663676","22","3819571.475","-3941949.866","-122378.391","-648018.656"
"3_60_1.5_150_12.csv","2004/1/2","2007/12/31","-111782.891","208488.359","320271.25","0.360577663676","22","3819571.475","-3941949.866","-122378.391","-648018.656"
"3_60_1.5_150_14.csv","2004/1/2","2007/12/31","-111782.891","208488.359","320271.25","0.360577663676","22","3819571.475","-3941949.866","-122378.391","-648018.656"
"3_60_1.5_150_16.csv","2004/1/2","2007/12/31","-111782.891","208488.359","320271.25","0.360577663676","22","3819571.475","-3941949.866","-122378.391","-648018.656"
"3_60_1.5_150_18.csv","2004/1/2","2007/12/31","-111782.891","208488.359","320271.25","0.360577663676","22","3819571.475","-3941949.866","-122378.391","-648018.656"
"3_60_1.5_150_20.csv","2004/1/2","2007/12/31","-111782.891","208488.359","320271.25","0.360577663676","22","3819571.475","-3941949.866","-122378.391","-648018.656"
"3_60_1.5_150_4.csv","2004/1/2","2007/12/31","-111782.891","208488.359","320271.25","0.360577663676","22","3819571.475","-3941949.866","-122378.391","-648018.656"
"3_60_1.5_150_6.csv","2004/1/2","2007/12/31","-111782.891","208488.359","320271.25","0.360577663676","22","3819571.475","-3941949.866","-122378.391","-648018.656"
"3_60_1.5_150_8.csv","2004/1/2","2007/12/31","-111782.891","208488.359","320271.25","0.360577663676","22","3819571.475","-3941949.866","-122378.391","-648018.656"
"1_60_1.5_175_10.csv","2004/1/2","2007/12/31","-56612.879","238189.656","294802.535","0.312493703208","20","3785561.717","-3960903.499","-175341.782","-684389.141"
"1_60_1.5_175_12.csv","2004/1/2","2007/12/31","-56612.879","238189.656","294802.535","0.312493703208","20","3785561.717","-3960903.499","-175341.782","-684389.141"
"1_60_1.5_175_14.csv","2004/1/2","2007/12/31","-56612.879","238189.656","294802.535","0.312493703208","20","3785561.717","-3960903.499","-175341.782","-684389.141"
"1_60_1.5_175_16.csv","2004/1/2","2007/12/31","-56612.879","238189.656","294802.535","0.312493703208","20","3785561.717","-3960903.499","-175341.782","-684389.141"
"1_60_1.5_175_18.csv","2004/1/2","2007/12/31","-56612.879","238189.656","294802.535","0.312493703208","20","3785561.717","-3960903.499","-175341.782","-684389.141"
"1_60_1.5_175_20.csv","2004/1/2","2007/12/31","-56612.879","238189.656","294802.535","0.312493703208","20","3785561.717","-3960903.499","-175341.782","-684389.141"
"1_60_1.5_175_4.csv","2004/1/2","2007/12/31","-56612.879","238189.656","294802.535","0.312493703208","20","3785561.717","-3960903.499","-175341.782","-684389.141"
"1_60_1.5_175_6.csv","2004/1/2","2007/12/31","-56612.879","238189.656","294802.535","0.312493703208","20","3785561.717","-3960903.499","-175341.782","-684389.141"
"1_60_1.5_175_8.csv","2004/1/2","2007/12/31","-56612.879","238189.656","294802.535","0.312493703208","20","3785561.717","-3960903.499","-175341.782","-684389.141"
"3_60_1.5_175_10.csv","2004/1/2","2007/12/31","-56612.879","238189.656","294802.535","0.312493703208","20","3785561.717","-3960903.499","-175341.782","-684389.141"
"3_60_1.5_175_12.csv","2004/1/2","2007/12/31","-56612.879","238189.656","294802.535","0.312493703208","20","3785561.717","-3960903.499","-175341.782","-684389.141"
"3_60_1.5_175_14.csv","2004/1/2","2007/12/31","-56612.879","238189.656","294802.535","0.312493703208","20","3785561.717","-3960903.499","-175341.782","-684389.141"
"3_60_1.5_175_16.csv","2004/1/2","2007/12/31","-56612.879","238189.656","294802.535","0.312493703208","20","3785561.717","-3960903.499","-175341.782","-684389.141"
"3_60_1.5_175_18.csv","2004/1/2","2007/12/31","-56612.879","238189.656","294802.535","0.312493703208","20","3785561.717","-3960903.499","-175341.782","-684389.141"
"3_60_1.5_175_20.csv","2004/1/2","2007/12/31","-56612.879","238189.656","294802.535","0.312493703208","20","3785561.717","-3960903.499","-175341.782","-684389.141"
"3_60_1.5_175_4.csv","2004/1/2","2007/12/31","-56612.879","238189.656","294802.535","0.312493703208","20","3785561.717","-3960903.499","-175341.782","-684389.141"
"3_60_1.5_175_6.csv","2004/1/2","2007/12/31","-56612.879","238189.656","294802.535","0.312493703208","20","3785561.717","-3960903.499","-175341.782","-684389.141"
"3_60_1.5_175_8.csv","2004/1/2","2007/12/31","-56612.879","238189.656","294802.535","0.312493703208","20","3785561.717","-3960903.499","-175341.782","-684389.141"
"2_40_1.75_175_12.csv","2004/1/2","2007/12/31","-453607.25","194998.281","648605.531","1.18706833317","5","4413952.961","-4037865.664","376087.297","-455971.953"
"2_40_1.75_150_10.csv","2004/1/2","2007/12/31","-178246.5","590263.0","768509.5","0.935206847309","7","6306078.211","-5947425.586","358652.625","-661721.375"
"2_40_1.75_150_14.csv","2004/1/2","2007/12/31","-317477.688","547409.938","864887.626","1.26719319031","6","5664129.606","-5139656.09","524473.516","-549604.797"
"2_40_1.75_150_16.csv","2004/1/2","2007/12/31","-317477.688","547409.938","864887.626","1.26719319031","6","5664129.606","-5139656.09","524473.516","-549604.797"
"2_40_1.75_150_18.csv","2004/1/2","2007/12/31","-317477.688","547409.938","864887.626","1.26719319031","6","5664129.606","-5139656.09","524473.516","-549604.797"
"2_40_1.75_150_20.csv","2004/1/2","2007/12/31","-317477.688","547409.938","864887.626","1.26719319031","6","5664129.606","-5139656.09","524473.516","-549604.797"
"2_40_1.75_175_10.csv","2004/1/2","2007/12/31","-359414.563","195854.266","555268.829","0.866814630692","6","4788726.001","-4552954.899","235771.102","-534577.032"
"2_40_1.75_150_12.csv","2004/1/2","2007/12/31","-271410.656","651853.0","923263.656","1.26719346584","6","6046433.028","-5486559.895","559873.133","-586700.641"
"2_40_1.75_175_14.csv","2004/1/2","2007/12/31","-488154.719","119440.875","607595.594","1.18706885958","5","4134868.148","-3782560.023","352308.125","-427141.735"
"2_40_1.75_175_16.csv","2004/1/2","2007/12/31","-488154.719","119440.875","607595.594","1.18706885958","5","4134868.148","-3782560.023","352308.125","-427141.735"
"2_40_1.75_175_18.csv","2004/1/2","2007/12/31","-488154.719","119440.875","607595.594","1.18706885958","5","4134868.148","-3782560.023","352308.125","-427141.735"
"2_40_1.75_175_20.csv","2004/1/2","2007/12/31","-488154.719","119440.875","607595.594","1.18706885958","5","4134868.148","-3782560.023","352308.125","-427141.735"
"2_40_1_50_4.csv","2004/1/2","2007/12/31","258498.203","2482798.75","2224300.547","1.7674244919","17","12009550.746","-10418974.496","1590576.25","-1110176.199"
"2_100_1.5_225_4.csv","2004/1/2","2007/12/31","-100816.656","372295.063","473111.719","0.52615712041","11","5580281.561","-5560160.936","20120.625","-779695.875"
"2_40_1.5_125_8.csv","2004/1/2","2007/12/31","413640.75","1817144.125","1403503.375","0.992828888811","9","11435806.233","-10744795.358","691010.875","-1266502.719"
"2_100_1.75_175_4.csv","2004/1/2","2007/12/31","-551454.813","-353257.5","198197.313","0.44186699299","8","2221328.532","-2251338.938","-30010.406","-433322.5"
"2_100_1.75_200_4.csv","2004/1/2","2007/12/31","-554777.375","-358048.25","196729.125","0.441866863797","8","2204874.157","-2234662.344","-29788.187","-430112.688"
"2_100_1.75_100_4.csv","2004/1/2","2007/12/31","-233878.75","61325.508","295204.258","0.385323156093","9","3721014.282","-3815591.962","-94577.68","-761180.813"
"2_100_1.75_50_4.csv","2004/1/2","2007/12/31","-233878.75","61325.508","295204.258","0.385323156093","9","3721014.282","-3815591.962","-94577.68","-761180.813"
"2_100_1.75_75_4.csv","2004/1/2","2007/12/31","-233878.75","61325.508","295204.258","0.385323156093","9","3721014.282","-3815591.962","-94577.68","-761180.813"
"2_100_1.75_225_4.csv","2004/1/2","2007/12/31","-483324.688","-255022.938","228301.75","0.441866961122","8","2558729.061","-2593297.874","-34568.813","-499140.438"
"2_100_1.75_125_4.csv","2004/1/2","2007/12/31","-510926.313","-322474.906","188451.407","0.385323136389","9","2375407.588","-2435783.806","-60376.218","-485919.938"
"2_100_1.75_150_4.csv","2004/1/2","2007/12/31","-510926.313","-322474.906","188451.407","0.385323136389","9","2375407.588","-2435783.806","-60376.218","-485919.938"
"1_120_1.75_175_4.csv","2004/1/2","2007/12/31","-118495.055","165504.266","283999.321","0.322175527898","15","3218526.51","-3393397.557","-174871.047","-807298.188"
"3_120_1.75_175_4.csv","2004/1/2","2007/12/31","-118495.055","165504.266","283999.321","0.322175527898","15","3218526.51","-3393397.557","-174871.047","-807298.188"
"1_120_1.75_175_10.csv","2004/1/2","2007/12/31","-129179.977","151376.938","280556.915","0.322175544418","15","3179514.161","-3352265.567","-172751.406","-797512.75"
"1_120_1.75_175_12.csv","2004/1/2","2007/12/31","-129179.977","151376.938","280556.915","0.322175544418","15","3179514.161","-3352265.567","-172751.406","-797512.75"
"1_120_1.75_175_14.csv","2004/1/2","2007/12/31","-129179.977","151376.938","280556.915","0.322175544418","15","3179514.161","-3352265.567","-172751.406","-797512.75"
"1_120_1.75_175_16.csv","2004/1/2","2007/12/31","-129179.977","151376.938","280556.915","0.322175544418","15","3179514.161","-3352265.567","-172751.406","-797512.75"
"1_120_1.75_175_18.csv","2004/1/2","2007/12/31","-129179.977","151376.938","280556.915","0.322175544418","15","3179514.161","-3352265.567","-172751.406","-797512.75"
"1_120_1.75_175_20.csv","2004/1/2","2007/12/31","-129179.977","151376.938","280556.915","0.322175544418","15","3179514.161","-3352265.567","-172751.406","-797512.75"
"1_120_1.75_175_6.csv","2004/1/2","2007/12/31","-129179.977","151376.938","280556.915","0.322175544418","15","3179514.161","-3352265.567","-172751.406","-797512.75"
"1_120_1.75_175_8.csv","2004/1/2","2007/12/31","-129179.977","151376.938","280556.915","0.322175544418","15","3179514.161","-3352265.567","-172751.406","-797512.75"
"3_120_1.75_175_10.csv","2004/1/2","2007/12/31","-129179.977","151376.938","280556.915","0.322175544418","15","3179514.161","-3352265.567","-172751.406","-797512.75"
"3_120_1.75_175_12.csv","2004/1/2","2007/12/31","-129179.977","151376.938","280556.915","0.322175544418","15","3179514.161","-3352265.567","-172751.406","-797512.75"
"3_120_1.75_175_14.csv","2004/1/2","2007/12/31","-129179.977","151376.938","280556.915","0.322175544418","15","3179514.161","-3352265.567","-172751.406","-797512.75"
"3_120_1.75_175_16.csv","2004/1/2","2007/12/31","-129179.977","151376.938","280556.915","0.322175544418","15","3179514.161","-3352265.567","-172751.406","-797512.75"
"3_120_1.75_175_18.csv","2004/1/2","2007/12/31","-129179.977","151376.938","280556.915","0.322175544418","15","3179514.161","-3352265.567","-172751.406","-797512.75"
"3_120_1.75_175_20.csv","2004/1/2","2007/12/31","-129179.977","151376.938","280556.915","0.322175544418","15","3179514.161","-3352265.567","-172751.406","-797512.75"
"3_120_1.75_175_6.csv","2004/1/2","2007/12/31","-129179.977","151376.938","280556.915","0.322175544418","15","3179514.161","-3352265.567","-172751.406","-797512.75"
"3_120_1.75_175_8.csv","2004/1/2","2007/12/31","-129179.977","151376.938","280556.915","0.322175544418","15","3179514.161","-3352265.567","-172751.406","-797512.75"
"1_120_1.75_100_10.csv","2004/1/2","2007/12/31","-148343.266","126039.734","274383.0","0.322175577373","15","3109545.726","-3278495.555","-168949.829","-779962.656"
"1_120_1.75_100_12.csv","2004/1/2","2007/12/31","-148343.266","126039.734","274383.0","0.322175577373","15","3109545.726","-3278495.555","-168949.829","-779962.656"
"1_120_1.75_100_14.csv","2004/1/2","2007/12/31","-148343.266","126039.734","274383.0","0.322175577373","15","3109545.726","-3278495.555","-168949.829","-779962.656"
"1_120_1.75_100_16.csv","2004/1/2","2007/12/31","-148343.266","126039.734","274383.0","0.322175577373","15","3109545.726","-3278495.555","-168949.829","-779962.656"
"1_120_1.75_100_18.csv","2004/1/2","2007/12/31","-148343.266","126039.734","274383.0","0.322175577373","15","3109545.726","-3278495.555","-168949.829","-779962.656"
"1_120_1.75_100_20.csv","2004/1/2","2007/12/31","-148343.266","126039.734","274383.0","0.322175577373","15","3109545.726","-3278495.555","-168949.829","-779962.656"
"1_120_1.75_100_6.csv","2004/1/2","2007/12/31","-148343.266","126039.734","274383.0","0.322175577373","15","3109545.726","-3278495.555","-168949.829","-779962.656"
"1_120_1.75_100_8.csv","2004/1/2","2007/12/31","-148343.266","126039.734","274383.0","0.322175577373","15","3109545.726","-3278495.555","-168949.829","-779962.656"
"1_120_1.75_125_10.csv","2004/1/2","2007/12/31","-148343.266","126039.734","274383.0","0.322175577373","15","3109545.726","-3278495.555","-168949.829","-779962.656"
"1_120_1.75_125_12.csv","2004/1/2","2007/12/31","-148343.266","126039.734","274383.0","0.322175577373","15","3109545.726","-3278495.555","-168949.829","-779962.656"
"1_120_1.75_125_14.csv","2004/1/2","2007/12/31","-148343.266","126039.734","274383.0","0.322175577373","15","3109545.726","-3278495.555","-168949.829","-779962.656"
"1_120_1.75_125_16.csv","2004/1/2","2007/12/31","-148343.266","126039.734","274383.0","0.322175577373","15","3109545.726","-3278495.555","-168949.829","-779962.656"
"1_120_1.75_125_18.csv","2004/1/2","2007/12/31","-148343.266","126039.734","274383.0","0.322175577373","15","3109545.726","-3278495.555","-168949.829","-779962.656"
"1_120_1.75_125_20.csv","2004/1/2","2007/12/31","-148343.266","126039.734","274383.0","0.322175577373","15","3109545.726","-3278495.555","-168949.829","-779962.656"
"1_120_1.75_125_6.csv","2004/1/2","2007/12/31","-148343.266","126039.734","274383.0","0.322175577373","15","3109545.726","-3278495.555","-168949.829","-779962.656"
"1_120_1.75_125_8.csv","2004/1/2","2007/12/31","-148343.266","126039.734","274383.0","0.322175577373","15","3109545.726","-3278495.555","-168949.829","-779962.656"
"1_120_1.75_50_10.csv","2004/1/2","2007/12/31","-148343.266","126039.734","274383.0","0.322175577373","15","3109545.726","-3278495.555","-168949.829","-779962.656"
"1_120_1.75_50_12.csv","2004/1/2","2007/12/31","-148343.266","126039.734","274383.0","0.322175577373","15","3109545.726","-3278495.555","-168949.829","-779962.656"
"1_120_1.75_50_14.csv","2004/1/2","2007/12/31","-148343.266","126039.734","274383.0","0.322175577373","15","3109545.726","-3278495.555","-168949.829","-779962.656"
"1_120_1.75_50_16.csv","2004/1/2","2007/12/31","-148343.266","126039.734","274383.0","0.322175577373","15","3109545.726","-3278495.555","-168949.829","-779962.656"
"1_120_1.75_50_18.csv","2004/1/2","2007/12/31","-148343.266","126039.734","274383.0","0.322175577373","15","3109545.726","-3278495.555","-168949.829","-779962.656"
"1_120_1.75_50_20.csv","2004/1/2","2007/12/31","-148343.266","126039.734","274383.0","0.322175577373","15","3109545.726","-3278495.555","-168949.829","-779962.656"
"1_120_1.75_50_6.csv","2004/1/2","2007/12/31","-148343.266","126039.734","274383.0","0.322175577373","15","3109545.726","-3278495.555","-168949.829","-779962.656"
"1_120_1.75_50_8.csv","2004/1/2","2007/12/31","-148343.266","126039.734","274383.0","0.322175577373","15","3109545.726","-3278495.555","-168949.829","-779962.656"
"1_120_1.75_75_10.csv","2004/1/2","2007/12/31","-148343.266","126039.734","274383.0","0.322175577373","15","3109545.726","-3278495.555","-168949.829","-779962.656"
"1_120_1.75_75_12.csv","2004/1/2","2007/12/31","-148343.266","126039.734","274383.0","0.322175577373","15","3109545.726","-3278495.555","-168949.829","-779962.656"
"1_120_1.75_75_14.csv","2004/1/2","2007/12/31","-148343.266","126039.734","274383.0","0.322175577373","15","3109545.726","-3278495.555","-168949.829","-779962.656"
"1_120_1.75_75_16.csv","2004/1/2","2007/12/31","-148343.266","126039.734","274383.0","0.322175577373","15","3109545.726","-3278495.555","-168949.829","-779962.656"
"1_120_1.75_75_18.csv","2004/1/2","2007/12/31","-148343.266","126039.734","274383.0","0.322175577373","15","3109545.726","-3278495.555","-168949.829","-779962.656"
"1_120_1.75_75_20.csv","2004/1/2","2007/12/31","-148343.266","126039.734","274383.0","0.322175577373","15","3109545.726","-3278495.555","-168949.829","-779962.656"
"1_120_1.75_75_6.csv","2004/1/2","2007/12/31","-148343.266","126039.734","274383.0","0.322175577373","15","3109545.726","-3278495.555","-168949.829","-779962.656"
"1_120_1.75_75_8.csv","2004/1/2","2007/12/31","-148343.266","126039.734","274383.0","0.322175577373","15","3109545.726","-3278495.555","-168949.829","-779962.656"
"3_120_1.75_100_10.csv","2004/1/2","2007/12/31","-148343.266","126039.734","274383.0","0.322175577373","15","3109545.726","-3278495.555","-168949.829","-779962.656"
"3_120_1.75_100_12.csv","2004/1/2","2007/12/31","-148343.266","126039.734","274383.0","0.322175577373","15","3109545.726","-3278495.555","-168949.829","-779962.656"
"3_120_1.75_100_14.csv","2004/1/2","2007/12/31","-148343.266","126039.734","274383.0","0.322175577373","15","3109545.726","-3278495.555","-168949.829","-779962.656"
"3_120_1.75_100_16.csv","2004/1/2","2007/12/31","-148343.266","126039.734","274383.0","0.322175577373","15","3109545.726","-3278495.555","-168949.829","-779962.656"
"3_120_1.75_100_18.csv","2004/1/2","2007/12/31","-148343.266","126039.734","274383.0","0.322175577373","15","3109545.726","-3278495.555","-168949.829","-779962.656"
"3_120_1.75_100_20.csv","2004/1/2","2007/12/31","-148343.266","126039.734","274383.0","0.322175577373","15","3109545.726","-3278495.555","-168949.829","-779962.656"
"3_120_1.75_100_6.csv","2004/1/2","2007/12/31","-148343.266","126039.734","274383.0","0.322175577373","15","3109545.726","-3278495.555","-168949.829","-779962.656"
"3_120_1.75_100_8.csv","2004/1/2","2007/12/31","-148343.266","126039.734","274383.0","0.322175577373","15","3109545.726","-3278495.555","-168949.829","-779962.656"
"3_120_1.75_125_10.csv","2004/1/2","2007/12/31","-148343.266","126039.734","274383.0","0.322175577373","15","3109545.726","-3278495.555","-168949.829","-779962.656"
"3_120_1.75_125_12.csv","2004/1/2","2007/12/31","-148343.266","126039.734","274383.0","0.322175577373","15","3109545.726","-3278495.555","-168949.829","-779962.656"
"3_120_1.75_125_14.csv","2004/1/2","2007/12/31","-148343.266","126039.734","274383.0","0.322175577373","15","3109545.726","-3278495.555","-168949.829","-779962.656"
"3_120_1.75_125_16.csv","2004/1/2","2007/12/31","-148343.266","126039.734","274383.0","0.322175577373","15","3109545.726","-3278495.555","-168949.829","-779962.656"
"3_120_1.75_125_18.csv","2004/1/2","2007/12/31","-148343.266","126039.734","274383.0","0.322175577373","15","3109545.726","-3278495.555","-168949.829","-779962.656"
"3_120_1.75_125_20.csv","2004/1/2","2007/12/31","-148343.266","126039.734","274383.0","0.322175577373","15","3109545.726","-3278495.555","-168949.829","-779962.656"
"3_120_1.75_125_6.csv","2004/1/2","2007/12/31","-148343.266","126039.734","274383.0","0.322175577373","15","3109545.726","-3278495.555","-168949.829","-779962.656"
"3_120_1.75_125_8.csv","2004/1/2","2007/12/31","-148343.266","126039.734","274383.0","0.322175577373","15","3109545.726","-3278495.555","-168949.829","-779962.656"
"3_120_1.75_50_10.csv","2004/1/2","2007/12/31","-148343.266","126039.734","274383.0","0.322175577373","15","3109545.726","-3278495.555","-168949.829","-779962.656"
"3_120_1.75_50_12.csv","2004/1/2","2007/12/31","-148343.266","126039.734","274383.0","0.322175577373","15","3109545.726","-3278495.555","-168949.829","-779962.656"
"3_120_1.75_50_14.csv","2004/1/2","2007/12/31","-148343.266","126039.734","274383.0","0.322175577373","15","3109545.726","-3278495.555","-168949.829","-779962.656"
"3_120_1.75_50_16.csv","2004/1/2","2007/12/31","-148343.266","126039.734","274383.0","0.322175577373","15","3109545.726","-3278495.555","-168949.829","-779962.656"
"3_120_1.75_50_18.csv","2004/1/2","2007/12/31","-148343.266","126039.734","274383.0","0.322175577373","15","3109545.726","-3278495.555","-168949.829","-779962.656"
"3_120_1.75_50_20.csv","2004/1/2","2007/12/31","-148343.266","126039.734","274383.0","0.322175577373","15","3109545.726","-3278495.555","-168949.829","-779962.656"
"3_120_1.75_50_6.csv","2004/1/2","2007/12/31","-148343.266","126039.734","274383.0","0.322175577373","15","3109545.726","-3278495.555","-168949.829","-779962.656"
"3_120_1.75_50_8.csv","2004/1/2","2007/12/31","-148343.266","126039.734","274383.0","0.322175577373","15","3109545.726","-3278495.555","-168949.829","-779962.656"
"3_120_1.75_75_10.csv","2004/1/2","2007/12/31","-148343.266","126039.734","274383.0","0.322175577373","15","3109545.726","-3278495.555","-168949.829","-779962.656"
"3_120_1.75_75_12.csv","2004/1/2","2007/12/31","-148343.266","126039.734","274383.0","0.322175577373","15","3109545.726","-3278495.555","-168949.829","-779962.656"
"3_120_1.75_75_14.csv","2004/1/2","2007/12/31","-148343.266","126039.734","274383.0","0.322175577373","15","3109545.726","-3278495.555","-168949.829","-779962.656"
"3_120_1.75_75_16.csv","2004/1/2","2007/12/31","-148343.266","126039.734","274383.0","0.322175577373","15","3109545.726","-3278495.555","-168949.829","-779962.656"
"3_120_1.75_75_18.csv","2004/1/2","2007/12/31","-148343.266","126039.734","274383.0","0.322175577373","15","3109545.726","-3278495.555","-168949.829","-779962.656"
"3_120_1.75_75_20.csv","2004/1/2","2007/12/31","-148343.266","126039.734","274383.0","0.322175577373","15","3109545.726","-3278495.555","-168949.829","-779962.656"
"3_120_1.75_75_6.csv","2004/1/2","2007/12/31","-148343.266","126039.734","274383.0","0.322175577373","15","3109545.726","-3278495.555","-168949.829","-779962.656"
"3_120_1.75_75_8.csv","2004/1/2","2007/12/31","-148343.266","126039.734","274383.0","0.322175577373","15","3109545.726","-3278495.555","-168949.829","-779962.656"
"1_120_1.75_100_4.csv","2004/1/2","2007/12/31","-137893.547","139856.031","277749.578","0.322175500524","15","3147699.613","-3318722.52","-171022.907","-789532.719"
"1_120_1.75_125_4.csv","2004/1/2","2007/12/31","-137893.547","139856.031","277749.578","0.322175500524","15","3147699.613","-3318722.52","-171022.907","-789532.719"
"1_120_1.75_50_4.csv","2004/1/2","2007/12/31","-137893.547","139856.031","277749.578","0.322175500524","15","3147699.613","-3318722.52","-171022.907","-789532.719"
"1_120_1.75_75_4.csv","2004/1/2","2007/12/31","-137893.547","139856.031","277749.578","0.322175500524","15","3147699.613","-3318722.52","-171022.907","-789532.719"
"3_120_1.75_100_4.csv","2004/1/2","2007/12/31","-137893.547","139856.031","277749.578","0.322175500524","15","3147699.613","-3318722.52","-171022.907","-789532.719"
"3_120_1.75_125_4.csv","2004/1/2","2007/12/31","-137893.547","139856.031","277749.578","0.322175500524","15","3147699.613","-3318722.52","-171022.907","-789532.719"
"3_120_1.75_50_4.csv","2004/1/2","2007/12/31","-137893.547","139856.031","277749.578","0.322175500524","15","3147699.613","-3318722.52","-171022.907","-789532.719"
"3_120_1.75_75_4.csv","2004/1/2","2007/12/31","-137893.547","139856.031","277749.578","0.322175500524","15","3147699.613","-3318722.52","-171022.907","-789532.719"
"1_120_1.75_200_10.csv","2004/1/2","2007/12/31","-135291.094","143296.984","278588.078","0.322175562281","15","3157201.903","-3328741.044","-171539.141","-791916.188"
"1_120_1.75_200_12.csv","2004/1/2","2007/12/31","-135291.094","143296.984","278588.078","0.322175562281","15","3157201.903","-3328741.044","-171539.141","-791916.188"
"1_120_1.75_200_14.csv","2004/1/2","2007/12/31","-135291.094","143296.984","278588.078","0.322175562281","15","3157201.903","-3328741.044","-171539.141","-791916.188"
"1_120_1.75_200_16.csv","2004/1/2","2007/12/31","-135291.094","143296.984","278588.078","0.322175562281","15","3157201.903","-3328741.044","-171539.141","-791916.188"
"1_120_1.75_200_18.csv","2004/1/2","2007/12/31","-135291.094","143296.984","278588.078","0.322175562281","15","3157201.903","-3328741.044","-171539.141","-791916.188"
"1_120_1.75_200_20.csv","2004/1/2","2007/12/31","-135291.094","143296.984","278588.078","0.322175562281","15","3157201.903","-3328741.044","-171539.141","-791916.188"
"1_120_1.75_200_6.csv","2004/1/2","2007/12/31","-135291.094","143296.984","278588.078","0.322175562281","15","3157201.903","-3328741.044","-171539.141","-791916.188"
"1_120_1.75_200_8.csv","2004/1/2","2007/12/31","-135291.094","143296.984","278588.078","0.322175562281","15","3157201.903","-3328741.044","-171539.141","-791916.188"
"3_120_1.75_200_10.csv","2004/1/2","2007/12/31","-135291.094","143296.984","278588.078","0.322175562281","15","3157201.903","-3328741.044","-171539.141","-791916.188"
"3_120_1.75_200_12.csv","2004/1/2","2007/12/31","-135291.094","143296.984","278588.078","0.322175562281","15","3157201.903","-3328741.044","-171539.141","-791916.188"
"3_120_1.75_200_14.csv","2004/1/2","2007/12/31","-135291.094","143296.984","278588.078","0.322175562281","15","3157201.903","-3328741.044","-171539.141","-791916.188"
"3_120_1.75_200_16.csv","2004/1/2","2007/12/31","-135291.094","143296.984","278588.078","0.322175562281","15","3157201.903","-3328741.044","-171539.141","-791916.188"
"3_120_1.75_200_18.csv","2004/1/2","2007/12/31","-135291.094","143296.984","278588.078","0.322175562281","15","3157201.903","-3328741.044","-171539.141","-791916.188"
"3_120_1.75_200_20.csv","2004/1/2","2007/12/31","-135291.094","143296.984","278588.078","0.322175562281","15","3157201.903","-3328741.044","-171539.141","-791916.188"
"3_120_1.75_200_6.csv","2004/1/2","2007/12/31","-135291.094","143296.984","278588.078","0.322175562281","15","3157201.903","-3328741.044","-171539.141","-791916.188"
"3_120_1.75_200_8.csv","2004/1/2","2007/12/31","-135291.094","143296.984","278588.078","0.322175562281","15","3157201.903","-3328741.044","-171539.141","-791916.188"
"1_120_1.75_150_10.csv","2004/1/2","2007/12/31","-170953.672","96144.789","267098.461","0.322175555188","15","3026991.477","-3191455.969","-164464.492","-759255.719"
"1_120_1.75_150_12.csv","2004/1/2","2007/12/31","-170953.672","96144.789","267098.461","0.322175555188","15","3026991.477","-3191455.969","-164464.492","-759255.719"
"1_120_1.75_150_14.csv","2004/1/2","2007/12/31","-170953.672","96144.789","267098.461","0.322175555188","15","3026991.477","-3191455.969","-164464.492","-759255.719"
"1_120_1.75_150_16.csv","2004/1/2","2007/12/31","-170953.672","96144.789","267098.461","0.322175555188","15","3026991.477","-3191455.969","-164464.492","-759255.719"
"1_120_1.75_150_18.csv","2004/1/2","2007/12/31","-170953.672","96144.789","267098.461","0.322175555188","15","3026991.477","-3191455.969","-164464.492","-759255.719"
"1_120_1.75_150_20.csv","2004/1/2","2007/12/31","-170953.672","96144.789","267098.461","0.322175555188","15","3026991.477","-3191455.969","-164464.492","-759255.719"
"1_120_1.75_150_6.csv","2004/1/2","2007/12/31","-170953.672","96144.789","267098.461","0.322175555188","15","3026991.477","-3191455.969","-164464.492","-759255.719"
"1_120_1.75_150_8.csv","2004/1/2","2007/12/31","-170953.672","96144.789","267098.461","0.322175555188","15","3026991.477","-3191455.969","-164464.492","-759255.719"
"3_120_1.75_150_10.csv","2004/1/2","2007/12/31","-170953.672","96144.789","267098.461","0.322175555188","15","3026991.477","-3191455.969","-164464.492","-759255.719"
"3_120_1.75_150_12.csv","2004/1/2","2007/12/31","-170953.672","96144.789","267098.461","0.322175555188","15","3026991.477","-3191455.969","-164464.492","-759255.719"
"3_120_1.75_150_14.csv","2004/1/2","2007/12/31","-170953.672","96144.789","267098.461","0.322175555188","15","3026991.477","-3191455.969","-164464.492","-759255.719"
"3_120_1.75_150_16.csv","2004/1/2","2007/12/31","-170953.672","96144.789","267098.461","0.322175555188","15","3026991.477","-3191455.969","-164464.492","-759255.719"
"3_120_1.75_150_18.csv","2004/1/2","2007/12/31","-170953.672","96144.789","267098.461","0.322175555188","15","3026991.477","-3191455.969","-164464.492","-759255.719"
"3_120_1.75_150_20.csv","2004/1/2","2007/12/31","-170953.672","96144.789","267098.461","0.322175555188","15","3026991.477","-3191455.969","-164464.492","-759255.719"
"3_120_1.75_150_6.csv","2004/1/2","2007/12/31","-170953.672","96144.789","267098.461","0.322175555188","15","3026991.477","-3191455.969","-164464.492","-759255.719"
"3_120_1.75_150_8.csv","2004/1/2","2007/12/31","-170953.672","96144.789","267098.461","0.322175555188","15","3026991.477","-3191455.969","-164464.492","-759255.719"
"1_120_1.75_200_4.csv","2004/1/2","2007/12/31","-124681.203","157325.125","282006.328","0.322175565024","15","3195940.449","-3369584.387","-173643.938","-801632.938"
"3_120_1.75_200_4.csv","2004/1/2","2007/12/31","-124681.203","157325.125","282006.328","0.322175565024","15","3195940.449","-3369584.387","-173643.938","-801632.938"
"1_120_1.75_150_4.csv","2004/1/2","2007/12/31","-160781.438","109594.281","270375.719","0.322175570516","15","3064132.277","-3230614.746","-166482.469","-768571.688"
"3_120_1.75_150_4.csv","2004/1/2","2007/12/31","-160781.438","109594.281","270375.719","0.322175570516","15","3064132.277","-3230614.746","-166482.469","-768571.688"
"1_120_1.75_225_10.csv","2004/1/2","2007/12/31","-74287.906","223953.859","298241.765","0.322175508922","15","3379935.253","-3563576.207","-183640.954","-847784.125"
"1_120_1.75_225_12.csv","2004/1/2","2007/12/31","-74287.906","223953.859","298241.765","0.322175508922","15","3379935.253","-3563576.207","-183640.954","-847784.125"
"1_120_1.75_225_14.csv","2004/1/2","2007/12/31","-74287.906","223953.859","298241.765","0.322175508922","15","3379935.253","-3563576.207","-183640.954","-847784.125"
"1_120_1.75_225_16.csv","2004/1/2","2007/12/31","-74287.906","223953.859","298241.765","0.322175508922","15","3379935.253","-3563576.207","-183640.954","-847784.125"
"1_120_1.75_225_18.csv","2004/1/2","2007/12/31","-74287.906","223953.859","298241.765","0.322175508922","15","3379935.253","-3563576.207","-183640.954","-847784.125"
"1_120_1.75_225_20.csv","2004/1/2","2007/12/31","-74287.906","223953.859","298241.765","0.322175508922","15","3379935.253","-3563576.207","-183640.954","-847784.125"
"1_120_1.75_225_6.csv","2004/1/2","2007/12/31","-74287.906","223953.859","298241.765","0.322175508922","15","3379935.253","-3563576.207","-183640.954","-847784.125"
"1_120_1.75_225_8.csv","2004/1/2","2007/12/31","-74287.906","223953.859","298241.765","0.322175508922","15","3379935.253","-3563576.207","-183640.954","-847784.125"
"3_120_1.75_225_10.csv","2004/1/2","2007/12/31","-74287.906","223953.859","298241.765","0.322175508922","15","3379935.253","-3563576.207","-183640.954","-847784.125"
"3_120_1.75_225_12.csv","2004/1/2","2007/12/31","-74287.906","223953.859","298241.765","0.322175508922","15","3379935.253","-3563576.207","-183640.954","-847784.125"
"3_120_1.75_225_14.csv","2004/1/2","2007/12/31","-74287.906","223953.859","298241.765","0.322175508922","15","3379935.253","-3563576.207","-183640.954","-847784.125"
"3_120_1.75_225_16.csv","2004/1/2","2007/12/31","-74287.906","223953.859","298241.765","0.322175508922","15","3379935.253","-3563576.207","-183640.954","-847784.125"
"3_120_1.75_225_18.csv","2004/1/2","2007/12/31","-74287.906","223953.859","298241.765","0.322175508922","15","3379935.253","-3563576.207","-183640.954","-847784.125"
"3_120_1.75_225_20.csv","2004/1/2","2007/12/31","-74287.906","223953.859","298241.765","0.322175508922","15","3379935.253","-3563576.207","-183640.954","-847784.125"
"3_120_1.75_225_6.csv","2004/1/2","2007/12/31","-74287.906","223953.859","298241.765","0.322175508922","15","3379935.253","-3563576.207","-183640.954","-847784.125"
"3_120_1.75_225_8.csv","2004/1/2","2007/12/31","-74287.906","223953.859","298241.765","0.322175508922","15","3379935.253","-3563576.207","-183640.954","-847784.125"
"1_120_1.75_225_4.csv","2004/1/2","2007/12/31","-62929.422","238971.813","301901.235","0.322175556557","15","3421406.84","-3607301.027","-185894.187","-858186.375"
"3_120_1.75_225_4.csv","2004/1/2","2007/12/31","-62929.422","238971.813","301901.235","0.322175556557","15","3421406.84","-3607301.027","-185894.187","-858186.375"
"1_60_1.5_125_10.csv","2004/1/2","2007/12/31","-100251.891","159697.563","259949.454","0.288913587481","25","3925309.547","-4137375.359","-212065.812","-727854.5"
"1_60_1.5_125_12.csv","2004/1/2","2007/12/31","-100251.891","159697.563","259949.454","0.288913587481","25","3925309.547","-4137375.359","-212065.812","-727854.5"
"1_60_1.5_125_14.csv","2004/1/2","2007/12/31","-100251.891","159697.563","259949.454","0.288913587481","25","3925309.547","-4137375.359","-212065.812","-727854.5"
"1_60_1.5_125_16.csv","2004/1/2","2007/12/31","-100251.891","159697.563","259949.454","0.288913587481","25","3925309.547","-4137375.359","-212065.812","-727854.5"
"1_60_1.5_125_18.csv","2004/1/2","2007/12/31","-100251.891","159697.563","259949.454","0.288913587481","25","3925309.547","-4137375.359","-212065.812","-727854.5"
"1_60_1.5_125_20.csv","2004/1/2","2007/12/31","-100251.891","159697.563","259949.454","0.288913587481","25","3925309.547","-4137375.359","-212065.812","-727854.5"
"1_60_1.5_125_4.csv","2004/1/2","2007/12/31","-100251.891","159697.563","259949.454","0.288913587481","25","3925309.547","-4137375.359","-212065.812","-727854.5"
"1_60_1.5_125_6.csv","2004/1/2","2007/12/31","-100251.891","159697.563","259949.454","0.288913587481","25","3925309.547","-4137375.359","-212065.812","-727854.5"
"1_60_1.5_125_8.csv","2004/1/2","2007/12/31","-100251.891","159697.563","259949.454","0.288913587481","25","3925309.547","-4137375.359","-212065.812","-727854.5"
"3_60_1.5_125_10.csv","2004/1/2","2007/12/31","-100251.891","159697.563","259949.454","0.288913587481","25","3925309.547","-4137375.359","-212065.812","-727854.5"
"3_60_1.5_125_12.csv","2004/1/2","2007/12/31","-100251.891","159697.563","259949.454","0.288913587481","25","3925309.547","-4137375.359","-212065.812","-727854.5"
"3_60_1.5_125_14.csv","2004/1/2","2007/12/31","-100251.891","159697.563","259949.454","0.288913587481","25","3925309.547","-4137375.359","-212065.812","-727854.5"
"3_60_1.5_125_16.csv","2004/1/2","2007/12/31","-100251.891","159697.563","259949.454","0.288913587481","25","3925309.547","-4137375.359","-212065.812","-727854.5"
"3_60_1.5_125_18.csv","2004/1/2","2007/12/31","-100251.891","159697.563","259949.454","0.288913587481","25","3925309.547","-4137375.359","-212065.812","-727854.5"
"3_60_1.5_125_20.csv","2004/1/2","2007/12/31","-100251.891","159697.563","259949.454","0.288913587481","25","3925309.547","-4137375.359","-212065.812","-727854.5"
"3_60_1.5_125_4.csv","2004/1/2","2007/12/31","-100251.891","159697.563","259949.454","0.288913587481","25","3925309.547","-4137375.359","-212065.812","-727854.5"
"3_60_1.5_125_6.csv","2004/1/2","2007/12/31","-100251.891","159697.563","259949.454","0.288913587481","25","3925309.547","-4137375.359","-212065.812","-727854.5"
"3_60_1.5_125_8.csv","2004/1/2","2007/12/31","-100251.891","159697.563","259949.454","0.288913587481","25","3925309.547","-4137375.359","-212065.812","-727854.5"
"1_60_1.5_100_10.csv","2004/1/2","2007/12/31","44085.723","359117.219","315031.496","0.301729531455","26","4581690.586","-4814395.117","-232704.531","-836771.079"
"1_60_1.5_100_12.csv","2004/1/2","2007/12/31","44085.723","359117.219","315031.496","0.301729531455","26","4581690.586","-4814395.117","-232704.531","-836771.079"
"1_60_1.5_100_14.csv","2004/1/2","2007/12/31","44085.723","359117.219","315031.496","0.301729531455","26","4581690.586","-4814395.117","-232704.531","-836771.079"
"1_60_1.5_100_16.csv","2004/1/2","2007/12/31","44085.723","359117.219","315031.496","0.301729531455","26","4581690.586","-4814395.117","-232704.531","-836771.079"
"1_60_1.5_100_18.csv","2004/1/2","2007/12/31","44085.723","359117.219","315031.496","0.301729531455","26","4581690.586","-4814395.117","-232704.531","-836771.079"
"1_60_1.5_100_20.csv","2004/1/2","2007/12/31","44085.723","359117.219","315031.496","0.301729531455","26","4581690.586","-4814395.117","-232704.531","-836771.079"
"1_60_1.5_100_4.csv","2004/1/2","2007/12/31","44085.723","359117.219","315031.496","0.301729531455","26","4581690.586","-4814395.117","-232704.531","-836771.079"
"1_60_1.5_100_6.csv","2004/1/2","2007/12/31","44085.723","359117.219","315031.496","0.301729531455","26","4581690.586","-4814395.117","-232704.531","-836771.079"
"1_60_1.5_100_8.csv","2004/1/2","2007/12/31","44085.723","359117.219","315031.496","0.301729531455","26","4581690.586","-4814395.117","-232704.531","-836771.079"
"3_60_1.5_100_10.csv","2004/1/2","2007/12/31","44085.723","359117.219","315031.496","0.301729531455","26","4581690.586","-4814395.117","-232704.531","-836771.079"
"3_60_1.5_100_12.csv","2004/1/2","2007/12/31","44085.723","359117.219","315031.496","0.301729531455","26","4581690.586","-4814395.117","-232704.531","-836771.079"
"3_60_1.5_100_14.csv","2004/1/2","2007/12/31","44085.723","359117.219","315031.496","0.301729531455","26","4581690.586","-4814395.117","-232704.531","-836771.079"
"3_60_1.5_100_16.csv","2004/1/2","2007/12/31","44085.723","359117.219","315031.496","0.301729531455","26","4581690.586","-4814395.117","-232704.531","-836771.079"
"3_60_1.5_100_18.csv","2004/1/2","2007/12/31","44085.723","359117.219","315031.496","0.301729531455","26","4581690.586","-4814395.117","-232704.531","-836771.079"
"3_60_1.5_100_20.csv","2004/1/2","2007/12/31","44085.723","359117.219","315031.496","0.301729531455","26","4581690.586","-4814395.117","-232704.531","-836771.079"
"3_60_1.5_100_4.csv","2004/1/2","2007/12/31","44085.723","359117.219","315031.496","0.301729531455","26","4581690.586","-4814395.117","-232704.531","-836771.079"
"3_60_1.5_100_6.csv","2004/1/2","2007/12/31","44085.723","359117.219","315031.496","0.301729531455","26","4581690.586","-4814395.117","-232704.531","-836771.079"
"3_60_1.5_100_8.csv","2004/1/2","2007/12/31","44085.723","359117.219","315031.496","0.301729531455","26","4581690.586","-4814395.117","-232704.531","-836771.079"
"1_60_1.5_50_10.csv","2004/1/2","2007/12/31","139824.984","483743.813","343918.829","0.301729505694","26","5001816.202","-5255859.014","-254042.812","-913500.188"
"1_60_1.5_50_12.csv","2004/1/2","2007/12/31","139824.984","483743.813","343918.829","0.301729505694","26","5001816.202","-5255859.014","-254042.812","-913500.188"
"1_60_1.5_50_14.csv","2004/1/2","2007/12/31","139824.984","483743.813","343918.829","0.301729505694","26","5001816.202","-5255859.014","-254042.812","-913500.188"
"1_60_1.5_50_16.csv","2004/1/2","2007/12/31","139824.984","483743.813","343918.829","0.301729505694","26","5001816.202","-5255859.014","-254042.812","-913500.188"
"1_60_1.5_50_18.csv","2004/1/2","2007/12/31","139824.984","483743.813","343918.829","0.301729505694","26","5001816.202","-5255859.014","-254042.812","-913500.188"
"1_60_1.5_50_20.csv","2004/1/2","2007/12/31","139824.984","483743.813","343918.829","0.301729505694","26","5001816.202","-5255859.014","-254042.812","-913500.188"
"1_60_1.5_50_4.csv","2004/1/2","2007/12/31","139824.984","483743.813","343918.829","0.301729505694","26","5001816.202","-5255859.014","-254042.812","-913500.188"
"1_60_1.5_50_6.csv","2004/1/2","2007/12/31","139824.984","483743.813","343918.829","0.301729505694","26","5001816.202","-5255859.014","-254042.812","-913500.188"
"1_60_1.5_50_8.csv","2004/1/2","2007/12/31","139824.984","483743.813","343918.829","0.301729505694","26","5001816.202","-5255859.014","-254042.812","-913500.188"
"3_60_1.5_50_10.csv","2004/1/2","2007/12/31","139824.984","483743.813","343918.829","0.301729505694","26","5001816.202","-5255859.014","-254042.812","-913500.188"
"3_60_1.5_50_12.csv","2004/1/2","2007/12/31","139824.984","483743.813","343918.829","0.301729505694","26","5001816.202","-5255859.014","-254042.812","-913500.188"
"3_60_1.5_50_14.csv","2004/1/2","2007/12/31","139824.984","483743.813","343918.829","0.301729505694","26","5001816.202","-5255859.014","-254042.812","-913500.188"
"3_60_1.5_50_16.csv","2004/1/2","2007/12/31","139824.984","483743.813","343918.829","0.301729505694","26","5001816.202","-5255859.014","-254042.812","-913500.188"
"3_60_1.5_50_18.csv","2004/1/2","2007/12/31","139824.984","483743.813","343918.829","0.301729505694","26","5001816.202","-5255859.014","-254042.812","-913500.188"
"3_60_1.5_50_20.csv","2004/1/2","2007/12/31","139824.984","483743.813","343918.829","0.301729505694","26","5001816.202","-5255859.014","-254042.812","-913500.188"
"3_60_1.5_50_4.csv","2004/1/2","2007/12/31","139824.984","483743.813","343918.829","0.301729505694","26","5001816.202","-5255859.014","-254042.812","-913500.188"
"3_60_1.5_50_6.csv","2004/1/2","2007/12/31","139824.984","483743.813","343918.829","0.301729505694","26","5001816.202","-5255859.014","-254042.812","-913500.188"
"3_60_1.5_50_8.csv","2004/1/2","2007/12/31","139824.984","483743.813","343918.829","0.301729505694","26","5001816.202","-5255859.014","-254042.812","-913500.188"
"1_60_1.5_75_10.csv","2004/1/2","2007/12/31","217129.922","584374.188","367244.266","0.301729716246","26","5341052.355","-5612325.167","-271272.812","-975456.266"
"1_60_1.5_75_12.csv","2004/1/2","2007/12/31","217129.922","584374.188","367244.266","0.301729716246","26","5341052.355","-5612325.167","-271272.812","-975456.266"
"1_60_1.5_75_14.csv","2004/1/2","2007/12/31","217129.922","584374.188","367244.266","0.301729716246","26","5341052.355","-5612325.167","-271272.812","-975456.266"
"1_60_1.5_75_16.csv","2004/1/2","2007/12/31","217129.922","584374.188","367244.266","0.301729716246","26","5341052.355","-5612325.167","-271272.812","-975456.266"
"1_60_1.5_75_18.csv","2004/1/2","2007/12/31","217129.922","584374.188","367244.266","0.301729716246","26","5341052.355","-5612325.167","-271272.812","-975456.266"
"1_60_1.5_75_20.csv","2004/1/2","2007/12/31","217129.922","584374.188","367244.266","0.301729716246","26","5341052.355","-5612325.167","-271272.812","-975456.266"
"1_60_1.5_75_4.csv","2004/1/2","2007/12/31","217129.922","584374.188","367244.266","0.301729716246","26","5341052.355","-5612325.167","-271272.812","-975456.266"
"1_60_1.5_75_6.csv","2004/1/2","2007/12/31","217129.922","584374.188","367244.266","0.301729716246","26","5341052.355","-5612325.167","-271272.812","-975456.266"
"1_60_1.5_75_8.csv","2004/1/2","2007/12/31","217129.922","584374.188","367244.266","0.301729716246","26","5341052.355","-5612325.167","-271272.812","-975456.266"
"3_60_1.5_75_10.csv","2004/1/2","2007/12/31","217129.922","584374.188","367244.266","0.301729716246","26","5341052.355","-5612325.167","-271272.812","-975456.266"
"3_60_1.5_75_12.csv","2004/1/2","2007/12/31","217129.922","584374.188","367244.266","0.301729716246","26","5341052.355","-5612325.167","-271272.812","-975456.266"
"3_60_1.5_75_14.csv","2004/1/2","2007/12/31","217129.922","584374.188","367244.266","0.301729716246","26","5341052.355","-5612325.167","-271272.812","-975456.266"
"3_60_1.5_75_16.csv","2004/1/2","2007/12/31","217129.922","584374.188","367244.266","0.301729716246","26","5341052.355","-5612325.167","-271272.812","-975456.266"
"3_60_1.5_75_18.csv","2004/1/2","2007/12/31","217129.922","584374.188","367244.266","0.301729716246","26","5341052.355","-5612325.167","-271272.812","-975456.266"
"3_60_1.5_75_20.csv","2004/1/2","2007/12/31","217129.922","584374.188","367244.266","0.301729716246","26","5341052.355","-5612325.167","-271272.812","-975456.266"
"3_60_1.5_75_4.csv","2004/1/2","2007/12/31","217129.922","584374.188","367244.266","0.301729716246","26","5341052.355","-5612325.167","-271272.812","-975456.266"
"3_60_1.5_75_6.csv","2004/1/2","2007/12/31","217129.922","584374.188","367244.266","0.301729716246","26","5341052.355","-5612325.167","-271272.812","-975456.266"
"3_60_1.5_75_8.csv","2004/1/2","2007/12/31","217129.922","584374.188","367244.266","0.301729716246","26","5341052.355","-5612325.167","-271272.812","-975456.266"
"1_100_1.25_200_10.csv","2004/1/2","2007/12/31","-238389.844","25634.469","264024.313","0.346665956224","24","4415483.294","-4555827.122","-140343.828","-772751.594"
"1_100_1.25_200_12.csv","2004/1/2","2007/12/31","-238389.844","25634.469","264024.313","0.346665956224","24","4415483.294","-4555827.122","-140343.828","-772751.594"
"1_100_1.25_200_14.csv","2004/1/2","2007/12/31","-238389.844","25634.469","264024.313","0.346665956224","24","4415483.294","-4555827.122","-140343.828","-772751.594"
"1_100_1.25_200_16.csv","2004/1/2","2007/12/31","-238389.844","25634.469","264024.313","0.346665956224","24","4415483.294","-4555827.122","-140343.828","-772751.594"
"1_100_1.25_200_18.csv","2004/1/2","2007/12/31","-238389.844","25634.469","264024.313","0.346665956224","24","4415483.294","-4555827.122","-140343.828","-772751.594"
"1_100_1.25_200_20.csv","2004/1/2","2007/12/31","-238389.844","25634.469","264024.313","0.346665956224","24","4415483.294","-4555827.122","-140343.828","-772751.594"
"1_100_1.25_200_4.csv","2004/1/2","2007/12/31","-238389.844","25634.469","264024.313","0.346665956224","24","4415483.294","-4555827.122","-140343.828","-772751.594"
"1_100_1.25_200_6.csv","2004/1/2","2007/12/31","-238389.844","25634.469","264024.313","0.346665956224","24","4415483.294","-4555827.122","-140343.828","-772751.594"
"1_100_1.25_200_8.csv","2004/1/2","2007/12/31","-238389.844","25634.469","264024.313","0.346665956224","24","4415483.294","-4555827.122","-140343.828","-772751.594"
"3_100_1.25_200_10.csv","2004/1/2","2007/12/31","-238389.844","25634.469","264024.313","0.346665956224","24","4415483.294","-4555827.122","-140343.828","-772751.594"
"3_100_1.25_200_12.csv","2004/1/2","2007/12/31","-238389.844","25634.469","264024.313","0.346665956224","24","4415483.294","-4555827.122","-140343.828","-772751.594"
"3_100_1.25_200_14.csv","2004/1/2","2007/12/31","-238389.844","25634.469","264024.313","0.346665956224","24","4415483.294","-4555827.122","-140343.828","-772751.594"
"3_100_1.25_200_16.csv","2004/1/2","2007/12/31","-238389.844","25634.469","264024.313","0.346665956224","24","4415483.294","-4555827.122","-140343.828","-772751.594"
"3_100_1.25_200_18.csv","2004/1/2","2007/12/31","-238389.844","25634.469","264024.313","0.346665956224","24","4415483.294","-4555827.122","-140343.828","-772751.594"
"3_100_1.25_200_20.csv","2004/1/2","2007/12/31","-238389.844","25634.469","264024.313","0.346665956224","24","4415483.294","-4555827.122","-140343.828","-772751.594"
"3_100_1.25_200_4.csv","2004/1/2","2007/12/31","-238389.844","25634.469","264024.313","0.346665956224","24","4415483.294","-4555827.122","-140343.828","-772751.594"
"3_100_1.25_200_6.csv","2004/1/2","2007/12/31","-238389.844","25634.469","264024.313","0.346665956224","24","4415483.294","-4555827.122","-140343.828","-772751.594"
"3_100_1.25_200_8.csv","2004/1/2","2007/12/31","-238389.844","25634.469","264024.313","0.346665956224","24","4415483.294","-4555827.122","-140343.828","-772751.594"
"2_40_1.75_175_8.csv","2004/1/2","2007/12/31","-317845.656","240041.438","557887.094","0.817831182792","6","5013764.684","-4819109.969","194654.715","-622467.25"
"2_40_1.75_150_8.csv","2004/1/2","2007/12/31","-135859.734","628410.75","764270.484","0.884428736943","7","6519035.408","-6214900.908","304134.5","-763910.344"
"2_40_1_75_4.csv","2004/1/2","2007/12/31","812215.0","4020381.75","3208166.75","1.77030139912","14","16540013.217","-14327217.342","2212795.875","-1691219.469"
"2_40_1_200_10.csv","2004/1/2","2007/12/31","-370368.5","652460.5","1022829.0","1.62448829196","8","5606154.974","-4929496.091","676658.883","-442681.156"
"2_40_1_200_12.csv","2004/1/2","2007/12/31","-370368.5","652460.5","1022829.0","1.62448829196","8","5606154.974","-4929496.091","676658.883","-442681.156"
"2_40_1_200_14.csv","2004/1/2","2007/12/31","-370368.5","652460.5","1022829.0","1.62448829196","8","5606154.974","-4929496.091","676658.883","-442681.156"
"2_40_1_200_16.csv","2004/1/2","2007/12/31","-370368.5","652460.5","1022829.0","1.62448829196","8","5606154.974","-4929496.091","676658.883","-442681.156"
"2_40_1_200_18.csv","2004/1/2","2007/12/31","-370368.5","652460.5","1022829.0","1.62448829196","8","5606154.974","-4929496.091","676658.883","-442681.156"
"2_40_1_200_20.csv","2004/1/2","2007/12/31","-370368.5","652460.5","1022829.0","1.62448829196","8","5606154.974","-4929496.091","676658.883","-442681.156"
"2_40_1_200_8.csv","2004/1/2","2007/12/31","-370368.5","652460.5","1022829.0","1.62448829196","8","5606154.974","-4929496.091","676658.883","-442681.156"
"2_40_1.5_150_8.csv","2004/1/2","2007/12/31","277738.875","1614306.25","1336567.375","1.0460410974","9","10143022.045","-9509791.92","633230.125","-1126837.543"
"2_40_1.5_175_8.csv","2004/1/2","2007/12/31","-96648.563","950914.938","1047563.501","1.15964115193","7","7027312.736","-6477003.298","550309.438","-755966.579"
"2_40_1.25_50_6.csv","2004/1/2","2007/12/31","1122499.25","4834171.0","3711671.75","1.74872700191","12","20293764.811","-17764917.311","2528847.5","-2177031.625"
"2_40_1.25_75_6.csv","2004/1/2","2007/12/31","1188145.375","4279097.0","3090951.625","1.41258970282","11","19488917.498","-17617373.998","1871543.5","-2244365.437"
"2_20_1.5_225_8.csv","2004/1/2","2007/12/31","70920.352","1000710.5","929790.148","0.868215966074","15","6295453.364","-5965224.802","330228.562","-936336.297"
"2_20_1.5_200_8.csv","2004/1/2","2007/12/31","-87726.563","587151.5","674878.063","0.739776075493","15","5122971.104","-4958835.198","164135.906","-848422.188"
"1_100_1.25_100_10.csv","2004/1/2","2007/12/31","-284071.75","-73692.422","210379.328","0.293855324189","25","4102017.084","-4293242.522","-191225.438","-767055.751"
"1_100_1.25_100_12.csv","2004/1/2","2007/12/31","-284071.75","-73692.422","210379.328","0.293855324189","25","4102017.084","-4293242.522","-191225.438","-767055.751"
"1_100_1.25_100_14.csv","2004/1/2","2007/12/31","-284071.75","-73692.422","210379.328","0.293855324189","25","4102017.084","-4293242.522","-191225.438","-767055.751"
"1_100_1.25_100_16.csv","2004/1/2","2007/12/31","-284071.75","-73692.422","210379.328","0.293855324189","25","4102017.084","-4293242.522","-191225.438","-767055.751"
"1_100_1.25_100_18.csv","2004/1/2","2007/12/31","-284071.75","-73692.422","210379.328","0.293855324189","25","4102017.084","-4293242.522","-191225.438","-767055.751"
"1_100_1.25_100_20.csv","2004/1/2","2007/12/31","-284071.75","-73692.422","210379.328","0.293855324189","25","4102017.084","-4293242.522","-191225.438","-767055.751"
"1_100_1.25_100_4.csv","2004/1/2","2007/12/31","-284071.75","-73692.422","210379.328","0.293855324189","25","4102017.084","-4293242.522","-191225.438","-767055.751"
"1_100_1.25_100_6.csv","2004/1/2","2007/12/31","-284071.75","-73692.422","210379.328","0.293855324189","25","4102017.084","-4293242.522","-191225.438","-767055.751"
"1_100_1.25_100_8.csv","2004/1/2","2007/12/31","-284071.75","-73692.422","210379.328","0.293855324189","25","4102017.084","-4293242.522","-191225.438","-767055.751"
"1_100_1.25_125_10.csv","2004/1/2","2007/12/31","-284071.75","-73692.422","210379.328","0.293855324189","25","4102017.084","-4293242.522","-191225.438","-767055.751"
"1_100_1.25_125_12.csv","2004/1/2","2007/12/31","-284071.75","-73692.422","210379.328","0.293855324189","25","4102017.084","-4293242.522","-191225.438","-767055.751"
"1_100_1.25_125_14.csv","2004/1/2","2007/12/31","-284071.75","-73692.422","210379.328","0.293855324189","25","4102017.084","-4293242.522","-191225.438","-767055.751"
"1_100_1.25_125_16.csv","2004/1/2","2007/12/31","-284071.75","-73692.422","210379.328","0.293855324189","25","4102017.084","-4293242.522","-191225.438","-767055.751"
"1_100_1.25_125_18.csv","2004/1/2","2007/12/31","-284071.75","-73692.422","210379.328","0.293855324189","25","4102017.084","-4293242.522","-191225.438","-767055.751"
"1_100_1.25_125_20.csv","2004/1/2","2007/12/31","-284071.75","-73692.422","210379.328","0.293855324189","25","4102017.084","-4293242.522","-191225.438","-767055.751"
"1_100_1.25_125_4.csv","2004/1/2","2007/12/31","-284071.75","-73692.422","210379.328","0.293855324189","25","4102017.084","-4293242.522","-191225.438","-767055.751"
"1_100_1.25_125_6.csv","2004/1/2","2007/12/31","-284071.75","-73692.422","210379.328","0.293855324189","25","4102017.084","-4293242.522","-191225.438","-767055.751"
"1_100_1.25_125_8.csv","2004/1/2","2007/12/31","-284071.75","-73692.422","210379.328","0.293855324189","25","4102017.084","-4293242.522","-191225.438","-767055.751"
"1_100_1.25_50_10.csv","2004/1/2","2007/12/31","-284071.75","-73692.422","210379.328","0.293855324189","25","4102017.084","-4293242.522","-191225.438","-767055.751"
"1_100_1.25_50_12.csv","2004/1/2","2007/12/31","-284071.75","-73692.422","210379.328","0.293855324189","25","4102017.084","-4293242.522","-191225.438","-767055.751"
"1_100_1.25_50_14.csv","2004/1/2","2007/12/31","-284071.75","-73692.422","210379.328","0.293855324189","25","4102017.084","-4293242.522","-191225.438","-767055.751"
"1_100_1.25_50_16.csv","2004/1/2","2007/12/31","-284071.75","-73692.422","210379.328","0.293855324189","25","4102017.084","-4293242.522","-191225.438","-767055.751"
"1_100_1.25_50_18.csv","2004/1/2","2007/12/31","-284071.75","-73692.422","210379.328","0.293855324189","25","4102017.084","-4293242.522","-191225.438","-767055.751"
"1_100_1.25_50_20.csv","2004/1/2","2007/12/31","-284071.75","-73692.422","210379.328","0.293855324189","25","4102017.084","-4293242.522","-191225.438","-767055.751"
"1_100_1.25_50_4.csv","2004/1/2","2007/12/31","-284071.75","-73692.422","210379.328","0.293855324189","25","4102017.084","-4293242.522","-191225.438","-767055.751"
"1_100_1.25_50_6.csv","2004/1/2","2007/12/31","-284071.75","-73692.422","210379.328","0.293855324189","25","4102017.084","-4293242.522","-191225.438","-767055.751"
"1_100_1.25_50_8.csv","2004/1/2","2007/12/31","-284071.75","-73692.422","210379.328","0.293855324189","25","4102017.084","-4293242.522","-191225.438","-767055.751"
"1_100_1.25_75_10.csv","2004/1/2","2007/12/31","-284071.75","-73692.422","210379.328","0.293855324189","25","4102017.084","-4293242.522","-191225.438","-767055.751"
"1_100_1.25_75_12.csv","2004/1/2","2007/12/31","-284071.75","-73692.422","210379.328","0.293855324189","25","4102017.084","-4293242.522","-191225.438","-767055.751"
"1_100_1.25_75_14.csv","2004/1/2","2007/12/31","-284071.75","-73692.422","210379.328","0.293855324189","25","4102017.084","-4293242.522","-191225.438","-767055.751"
"1_100_1.25_75_16.csv","2004/1/2","2007/12/31","-284071.75","-73692.422","210379.328","0.293855324189","25","4102017.084","-4293242.522","-191225.438","-767055.751"
"1_100_1.25_75_18.csv","2004/1/2","2007/12/31","-284071.75","-73692.422","210379.328","0.293855324189","25","4102017.084","-4293242.522","-191225.438","-767055.751"
"1_100_1.25_75_20.csv","2004/1/2","2007/12/31","-284071.75","-73692.422","210379.328","0.293855324189","25","4102017.084","-4293242.522","-191225.438","-767055.751"
"1_100_1.25_75_4.csv","2004/1/2","2007/12/31","-284071.75","-73692.422","210379.328","0.293855324189","25","4102017.084","-4293242.522","-191225.438","-767055.751"
"1_100_1.25_75_6.csv","2004/1/2","2007/12/31","-284071.75","-73692.422","210379.328","0.293855324189","25","4102017.084","-4293242.522","-191225.438","-767055.751"
"1_100_1.25_75_8.csv","2004/1/2","2007/12/31","-284071.75","-73692.422","210379.328","0.293855324189","25","4102017.084","-4293242.522","-191225.438","-767055.751"
"3_100_1.25_100_10.csv","2004/1/2","2007/12/31","-284071.75","-73692.422","210379.328","0.293855324189","25","4102017.084","-4293242.522","-191225.438","-767055.751"
"3_100_1.25_100_12.csv","2004/1/2","2007/12/31","-284071.75","-73692.422","210379.328","0.293855324189","25","4102017.084","-4293242.522","-191225.438","-767055.751"
"3_100_1.25_100_14.csv","2004/1/2","2007/12/31","-284071.75","-73692.422","210379.328","0.293855324189","25","4102017.084","-4293242.522","-191225.438","-767055.751"
"3_100_1.25_100_16.csv","2004/1/2","2007/12/31","-284071.75","-73692.422","210379.328","0.293855324189","25","4102017.084","-4293242.522","-191225.438","-767055.751"
"3_100_1.25_100_18.csv","2004/1/2","2007/12/31","-284071.75","-73692.422","210379.328","0.293855324189","25","4102017.084","-4293242.522","-191225.438","-767055.751"
"3_100_1.25_100_20.csv","2004/1/2","2007/12/31","-284071.75","-73692.422","210379.328","0.293855324189","25","4102017.084","-4293242.522","-191225.438","-767055.751"
"3_100_1.25_100_4.csv","2004/1/2","2007/12/31","-284071.75","-73692.422","210379.328","0.293855324189","25","4102017.084","-4293242.522","-191225.438","-767055.751"
"3_100_1.25_100_6.csv","2004/1/2","2007/12/31","-284071.75","-73692.422","210379.328","0.293855324189","25","4102017.084","-4293242.522","-191225.438","-767055.751"
"3_100_1.25_100_8.csv","2004/1/2","2007/12/31","-284071.75","-73692.422","210379.328","0.293855324189","25","4102017.084","-4293242.522","-191225.438","-767055.751"
"3_100_1.25_125_10.csv","2004/1/2","2007/12/31","-284071.75","-73692.422","210379.328","0.293855324189","25","4102017.084","-4293242.522","-191225.438","-767055.751"
"3_100_1.25_125_12.csv","2004/1/2","2007/12/31","-284071.75","-73692.422","210379.328","0.293855324189","25","4102017.084","-4293242.522","-191225.438","-767055.751"
"3_100_1.25_125_14.csv","2004/1/2","2007/12/31","-284071.75","-73692.422","210379.328","0.293855324189","25","4102017.084","-4293242.522","-191225.438","-767055.751"
"3_100_1.25_125_16.csv","2004/1/2","2007/12/31","-284071.75","-73692.422","210379.328","0.293855324189","25","4102017.084","-4293242.522","-191225.438","-767055.751"
"3_100_1.25_125_18.csv","2004/1/2","2007/12/31","-284071.75","-73692.422","210379.328","0.293855324189","25","4102017.084","-4293242.522","-191225.438","-767055.751"
"3_100_1.25_125_20.csv","2004/1/2","2007/12/31","-284071.75","-73692.422","210379.328","0.293855324189","25","4102017.084","-4293242.522","-191225.438","-767055.751"
"3_100_1.25_125_4.csv","2004/1/2","2007/12/31","-284071.75","-73692.422","210379.328","0.293855324189","25","4102017.084","-4293242.522","-191225.438","-767055.751"
"3_100_1.25_125_6.csv","2004/1/2","2007/12/31","-284071.75","-73692.422","210379.328","0.293855324189","25","4102017.084","-4293242.522","-191225.438","-767055.751"
"3_100_1.25_125_8.csv","2004/1/2","2007/12/31","-284071.75","-73692.422","210379.328","0.293855324189","25","4102017.084","-4293242.522","-191225.438","-767055.751"
"3_100_1.25_50_10.csv","2004/1/2","2007/12/31","-284071.75","-73692.422","210379.328","0.293855324189","25","4102017.084","-4293242.522","-191225.438","-767055.751"
"3_100_1.25_50_12.csv","2004/1/2","2007/12/31","-284071.75","-73692.422","210379.328","0.293855324189","25","4102017.084","-4293242.522","-191225.438","-767055.751"
"3_100_1.25_50_14.csv","2004/1/2","2007/12/31","-284071.75","-73692.422","210379.328","0.293855324189","25","4102017.084","-4293242.522","-191225.438","-767055.751"
"3_100_1.25_50_16.csv","2004/1/2","2007/12/31","-284071.75","-73692.422","210379.328","0.293855324189","25","4102017.084","-4293242.522","-191225.438","-767055.751"
"3_100_1.25_50_18.csv","2004/1/2","2007/12/31","-284071.75","-73692.422","210379.328","0.293855324189","25","4102017.084","-4293242.522","-191225.438","-767055.751"
"3_100_1.25_50_20.csv","2004/1/2","2007/12/31","-284071.75","-73692.422","210379.328","0.293855324189","25","4102017.084","-4293242.522","-191225.438","-767055.751"
"3_100_1.25_50_4.csv","2004/1/2","2007/12/31","-284071.75","-73692.422","210379.328","0.293855324189","25","4102017.084","-4293242.522","-191225.438","-767055.751"
"3_100_1.25_50_6.csv","2004/1/2","2007/12/31","-284071.75","-73692.422","210379.328","0.293855324189","25","4102017.084","-4293242.522","-191225.438","-767055.751"
"3_100_1.25_50_8.csv","2004/1/2","2007/12/31","-284071.75","-73692.422","210379.328","0.293855324189","25","4102017.084","-4293242.522","-191225.438","-767055.751"
"3_100_1.25_75_10.csv","2004/1/2","2007/12/31","-284071.75","-73692.422","210379.328","0.293855324189","25","4102017.084","-4293242.522","-191225.438","-767055.751"
"3_100_1.25_75_12.csv","2004/1/2","2007/12/31","-284071.75","-73692.422","210379.328","0.293855324189","25","4102017.084","-4293242.522","-191225.438","-767055.751"
"3_100_1.25_75_14.csv","2004/1/2","2007/12/31","-284071.75","-73692.422","210379.328","0.293855324189","25","4102017.084","-4293242.522","-191225.438","-767055.751"
"3_100_1.25_75_16.csv","2004/1/2","2007/12/31","-284071.75","-73692.422","210379.328","0.293855324189","25","4102017.084","-4293242.522","-191225.438","-767055.751"
"3_100_1.25_75_18.csv","2004/1/2","2007/12/31","-284071.75","-73692.422","210379.328","0.293855324189","25","4102017.084","-4293242.522","-191225.438","-767055.751"
"3_100_1.25_75_20.csv","2004/1/2","2007/12/31","-284071.75","-73692.422","210379.328","0.293855324189","25","4102017.084","-4293242.522","-191225.438","-767055.751"
"3_100_1.25_75_4.csv","2004/1/2","2007/12/31","-284071.75","-73692.422","210379.328","0.293855324189","25","4102017.084","-4293242.522","-191225.438","-767055.751"
"3_100_1.25_75_6.csv","2004/1/2","2007/12/31","-284071.75","-73692.422","210379.328","0.293855324189","25","4102017.084","-4293242.522","-191225.438","-767055.751"
"3_100_1.25_75_8.csv","2004/1/2","2007/12/31","-284071.75","-73692.422","210379.328","0.293855324189","25","4102017.084","-4293242.522","-191225.438","-767055.751"
"1_100_1.25_175_10.csv","2004/1/2","2007/12/31","-239977.219","23496.766","263473.985","0.346665904742","24","4416565.881","-4579431.943","-162866.062","-795607.344"
"1_100_1.25_175_12.csv","2004/1/2","2007/12/31","-239977.219","23496.766","263473.985","0.346665904742","24","4416565.881","-4579431.943","-162866.062","-795607.344"
"1_100_1.25_175_14.csv","2004/1/2","2007/12/31","-239977.219","23496.766","263473.985","0.346665904742","24","4416565.881","-4579431.943","-162866.062","-795607.344"
"1_100_1.25_175_16.csv","2004/1/2","2007/12/31","-239977.219","23496.766","263473.985","0.346665904742","24","4416565.881","-4579431.943","-162866.062","-795607.344"
"1_100_1.25_175_18.csv","2004/1/2","2007/12/31","-239977.219","23496.766","263473.985","0.346665904742","24","4416565.881","-4579431.943","-162866.062","-795607.344"
"1_100_1.25_175_20.csv","2004/1/2","2007/12/31","-239977.219","23496.766","263473.985","0.346665904742","24","4416565.881","-4579431.943","-162866.062","-795607.344"
"1_100_1.25_175_4.csv","2004/1/2","2007/12/31","-239977.219","23496.766","263473.985","0.346665904742","24","4416565.881","-4579431.943","-162866.062","-795607.344"
"1_100_1.25_175_6.csv","2004/1/2","2007/12/31","-239977.219","23496.766","263473.985","0.346665904742","24","4416565.881","-4579431.943","-162866.062","-795607.344"
"1_100_1.25_175_8.csv","2004/1/2","2007/12/31","-239977.219","23496.766","263473.985","0.346665904742","24","4416565.881","-4579431.943","-162866.062","-795607.344"
"3_100_1.25_175_10.csv","2004/1/2","2007/12/31","-239977.219","23496.766","263473.985","0.346665904742","24","4416565.881","-4579431.943","-162866.062","-795607.344"
"3_100_1.25_175_12.csv","2004/1/2","2007/12/31","-239977.219","23496.766","263473.985","0.346665904742","24","4416565.881","-4579431.943","-162866.062","-795607.344"
"3_100_1.25_175_14.csv","2004/1/2","2007/12/31","-239977.219","23496.766","263473.985","0.346665904742","24","4416565.881","-4579431.943","-162866.062","-795607.344"
"3_100_1.25_175_16.csv","2004/1/2","2007/12/31","-239977.219","23496.766","263473.985","0.346665904742","24","4416565.881","-4579431.943","-162866.062","-795607.344"
"3_100_1.25_175_18.csv","2004/1/2","2007/12/31","-239977.219","23496.766","263473.985","0.346665904742","24","4416565.881","-4579431.943","-162866.062","-795607.344"
"3_100_1.25_175_20.csv","2004/1/2","2007/12/31","-239977.219","23496.766","263473.985","0.346665904742","24","4416565.881","-4579431.943","-162866.062","-795607.344"
"3_100_1.25_175_4.csv","2004/1/2","2007/12/31","-239977.219","23496.766","263473.985","0.346665904742","24","4416565.881","-4579431.943","-162866.062","-795607.344"
"3_100_1.25_175_6.csv","2004/1/2","2007/12/31","-239977.219","23496.766","263473.985","0.346665904742","24","4416565.881","-4579431.943","-162866.062","-795607.344"
"3_100_1.25_175_8.csv","2004/1/2","2007/12/31","-239977.219","23496.766","263473.985","0.346665904742","24","4416565.881","-4579431.943","-162866.062","-795607.344"
"1_100_1.25_150_10.csv","2004/1/2","2007/12/31","-307051.281","-103424.508","203626.773","0.293855472154","25","3970353.599","-4155441.248","-185087.649","-742435.344"
"1_100_1.25_150_12.csv","2004/1/2","2007/12/31","-307051.281","-103424.508","203626.773","0.293855472154","25","3970353.599","-4155441.248","-185087.649","-742435.344"
"1_100_1.25_150_14.csv","2004/1/2","2007/12/31","-307051.281","-103424.508","203626.773","0.293855472154","25","3970353.599","-4155441.248","-185087.649","-742435.344"
"1_100_1.25_150_16.csv","2004/1/2","2007/12/31","-307051.281","-103424.508","203626.773","0.293855472154","25","3970353.599","-4155441.248","-185087.649","-742435.344"
"1_100_1.25_150_18.csv","2004/1/2","2007/12/31","-307051.281","-103424.508","203626.773","0.293855472154","25","3970353.599","-4155441.248","-185087.649","-742435.344"
"1_100_1.25_150_20.csv","2004/1/2","2007/12/31","-307051.281","-103424.508","203626.773","0.293855472154","25","3970353.599","-4155441.248","-185087.649","-742435.344"
"1_100_1.25_150_4.csv","2004/1/2","2007/12/31","-307051.281","-103424.508","203626.773","0.293855472154","25","3970353.599","-4155441.248","-185087.649","-742435.344"
"1_100_1.25_150_6.csv","2004/1/2","2007/12/31","-307051.281","-103424.508","203626.773","0.293855472154","25","3970353.599","-4155441.248","-185087.649","-742435.344"
"1_100_1.25_150_8.csv","2004/1/2","2007/12/31","-307051.281","-103424.508","203626.773","0.293855472154","25","3970353.599","-4155441.248","-185087.649","-742435.344"
"3_100_1.25_150_10.csv","2004/1/2","2007/12/31","-307051.281","-103424.508","203626.773","0.293855472154","25","3970353.599","-4155441.248","-185087.649","-742435.344"
"3_100_1.25_150_12.csv","2004/1/2","2007/12/31","-307051.281","-103424.508","203626.773","0.293855472154","25","3970353.599","-4155441.248","-185087.649","-742435.344"
"3_100_1.25_150_14.csv","2004/1/2","2007/12/31","-307051.281","-103424.508","203626.773","0.293855472154","25","3970353.599","-4155441.248","-185087.649","-742435.344"
"3_100_1.25_150_16.csv","2004/1/2","2007/12/31","-307051.281","-103424.508","203626.773","0.293855472154","25","3970353.599","-4155441.248","-185087.649","-742435.344"
"3_100_1.25_150_18.csv","2004/1/2","2007/12/31","-307051.281","-103424.508","203626.773","0.293855472154","25","3970353.599","-4155441.248","-185087.649","-742435.344"
"3_100_1.25_150_20.csv","2004/1/2","2007/12/31","-307051.281","-103424.508","203626.773","0.293855472154","25","3970353.599","-4155441.248","-185087.649","-742435.344"
"3_100_1.25_150_4.csv","2004/1/2","2007/12/31","-307051.281","-103424.508","203626.773","0.293855472154","25","3970353.599","-4155441.248","-185087.649","-742435.344"
"3_100_1.25_150_6.csv","2004/1/2","2007/12/31","-307051.281","-103424.508","203626.773","0.293855472154","25","3970353.599","-4155441.248","-185087.649","-742435.344"
"3_100_1.25_150_8.csv","2004/1/2","2007/12/31","-307051.281","-103424.508","203626.773","0.293855472154","25","3970353.599","-4155441.248","-185087.649","-742435.344"
"2_40_1.75_100_8.csv","2004/1/2","2007/12/31","277796.719","1420845.875","1143049.156","0.894546948668","7","10026976.633","-9600759.633","426217.0","-1210104.781"
"2_40_1.75_125_8.csv","2004/1/2","2007/12/31","-32282.0","833387.063","865669.063","0.894546823558","7","7593762.516","-7270974.328","322788.188","-916452.625"
"2_40_1.75_75_8.csv","2004/1/2","2007/12/31","627456.938","2277038.5","1649581.562","1.01359459872","9","13668749.904","-12932156.779","736593.125","-1458358.281"
"2_40_1.75_50_8.csv","2004/1/2","2007/12/31","727732.625","2544184.5","1816451.875","1.05135010401","9","14767322.911","-13920113.911","847209.0","-1541143.125"
"2_40_1.75_50_10.csv","2004/1/2","2007/12/31","353391.719","1851088.75","1497697.031","1.10662494086","9","11825944.155","-11115908.03","710036.125","-1207663.656"
"2_40_1.75_75_10.csv","2004/1/2","2007/12/31","274841.406","1636184.5","1361343.094","1.06785290123","9","10946566.955","-10327169.33","619397.625","-1142930.875"
"2_40_1.75_125_10.csv","2004/1/2","2007/12/31","-111944.469","727798.625","839743.094","0.945597504533","7","7129238.941","-6806335.722","322903.219","-842612.376"
"2_40_1.75_125_12.csv","2004/1/2","2007/12/31","-240497.188","731185.5","971682.688","1.27936680766","6","6574384.308","-6044725.23","529659.078","-720638.188"
"2_40_1.75_75_12.csv","2004/1/2","2007/12/31","48894.555","1541047.5","1492152.945","1.42259575845","8","9706824.725","-8825118.725","881706.0","-940363.766"
"2_40_1.75_100_10.csv","2004/1/2","2007/12/31","172608.25","1281424.0","1108815.75","0.945597773169","7","9413608.601","-8987240.039","426368.562","-1112604.59"
"2_40_1.75_100_12.csv","2004/1/2","2007/12/31","2864.713","1285896.75","1283032.037","1.27936701767","6","8680967.034","-7981593.034","699374.0","-951547.094"
"2_40_1.75_50_12.csv","2004/1/2","2007/12/31","113522.664","1748195.625","1634672.961","1.46801947895","8","10487441.103","-9500828.228","986612.875","-993623.691"
"2_40_1_100_10.csv","2004/1/2","2007/12/31","105585.75","1710792.875","1605207.125","1.45190648939","9","10962304.835","-10003951.523","958353.312","-1091597.219"
"2_40_1_100_12.csv","2004/1/2","2007/12/31","105585.75","1710792.875","1605207.125","1.45190648939","9","10962304.835","-10003951.523","958353.312","-1091597.219"
"2_40_1_100_14.csv","2004/1/2","2007/12/31","105585.75","1710792.875","1605207.125","1.45190648939","9","10962304.835","-10003951.523","958353.312","-1091597.219"
"2_40_1_100_16.csv","2004/1/2","2007/12/31","105585.75","1710792.875","1605207.125","1.45190648939","9","10962304.835","-10003951.523","958353.312","-1091597.219"
"2_40_1_100_18.csv","2004/1/2","2007/12/31","105585.75","1710792.875","1605207.125","1.45190648939","9","10962304.835","-10003951.523","958353.312","-1091597.219"
"2_40_1_100_20.csv","2004/1/2","2007/12/31","105585.75","1710792.875","1605207.125","1.45190648939","9","10962304.835","-10003951.523","958353.312","-1091597.219"
"2_40_1_100_8.csv","2004/1/2","2007/12/31","105585.75","1710792.875","1605207.125","1.45190648939","9","10962304.835","-10003951.523","958353.312","-1091597.219"
"1_100_1.75_225_10.csv","2004/1/2","2007/12/31","-55116.211","174549.594","229665.805","0.243062488397","16","3173047.994","-3504772.838","-331724.844","-873470.156"
"1_100_1.75_225_12.csv","2004/1/2","2007/12/31","-55116.211","174549.594","229665.805","0.243062488397","16","3173047.994","-3504772.838","-331724.844","-873470.156"
"1_100_1.75_225_14.csv","2004/1/2","2007/12/31","-55116.211","174549.594","229665.805","0.243062488397","16","3173047.994","-3504772.838","-331724.844","-873470.156"
"1_100_1.75_225_16.csv","2004/1/2","2007/12/31","-55116.211","174549.594","229665.805","0.243062488397","16","3173047.994","-3504772.838","-331724.844","-873470.156"
"1_100_1.75_225_18.csv","2004/1/2","2007/12/31","-55116.211","174549.594","229665.805","0.243062488397","16","3173047.994","-3504772.838","-331724.844","-873470.156"
"1_100_1.75_225_20.csv","2004/1/2","2007/12/31","-55116.211","174549.594","229665.805","0.243062488397","16","3173047.994","-3504772.838","-331724.844","-873470.156"
"1_100_1.75_225_6.csv","2004/1/2","2007/12/31","-55116.211","174549.594","229665.805","0.243062488397","16","3173047.994","-3504772.838","-331724.844","-873470.156"
"1_100_1.75_225_8.csv","2004/1/2","2007/12/31","-55116.211","174549.594","229665.805","0.243062488397","16","3173047.994","-3504772.838","-331724.844","-873470.156"
"3_100_1.75_225_10.csv","2004/1/2","2007/12/31","-55116.211","174549.594","229665.805","0.243062488397","16","3173047.994","-3504772.838","-331724.844","-873470.156"
"3_100_1.75_225_12.csv","2004/1/2","2007/12/31","-55116.211","174549.594","229665.805","0.243062488397","16","3173047.994","-3504772.838","-331724.844","-873470.156"
"3_100_1.75_225_14.csv","2004/1/2","2007/12/31","-55116.211","174549.594","229665.805","0.243062488397","16","3173047.994","-3504772.838","-331724.844","-873470.156"
"3_100_1.75_225_16.csv","2004/1/2","2007/12/31","-55116.211","174549.594","229665.805","0.243062488397","16","3173047.994","-3504772.838","-331724.844","-873470.156"
"3_100_1.75_225_18.csv","2004/1/2","2007/12/31","-55116.211","174549.594","229665.805","0.243062488397","16","3173047.994","-3504772.838","-331724.844","-873470.156"
"3_100_1.75_225_20.csv","2004/1/2","2007/12/31","-55116.211","174549.594","229665.805","0.243062488397","16","3173047.994","-3504772.838","-331724.844","-873470.156"
"3_100_1.75_225_6.csv","2004/1/2","2007/12/31","-55116.211","174549.594","229665.805","0.243062488397","16","3173047.994","-3504772.838","-331724.844","-873470.156"
"3_100_1.75_225_8.csv","2004/1/2","2007/12/31","-55116.211","174549.594","229665.805","0.243062488397","16","3173047.994","-3504772.838","-331724.844","-873470.156"
"1_100_1.75_225_4.csv","2004/1/2","2007/12/31","-43522.586","188961.156","232483.742","0.24306244831","16","3211981.021","-3547776.178","-335795.157","-884187.594"
"3_100_1.75_225_4.csv","2004/1/2","2007/12/31","-43522.586","188961.156","232483.742","0.24306244831","16","3211981.021","-3547776.178","-335795.157","-884187.594"
"2_40_1.5_125_12.csv","2004/1/2","2007/12/31","29281.307","1308353.875","1279072.568","1.2426851234","8","9202569.218","-8535131.593","667437.625","-1004587.157"
"2_40_1.5_125_10.csv","2004/1/2","2007/12/31","111530.703","1274778.875","1163248.172","1.04652815155","9","9445001.342","-8942263.592","502737.75","-1084863.32"
"2_40_1.5_125_14.csv","2004/1/2","2007/12/31","271464.844","1851495.625","1580030.781","1.24268538643","8","11367879.776","-10543398.026","824481.75","-1240960.672"
"2_40_1.5_125_16.csv","2004/1/2","2007/12/31","271464.844","1851495.625","1580030.781","1.24268538643","8","11367879.776","-10543398.026","824481.75","-1240960.672"
"2_40_1.5_125_18.csv","2004/1/2","2007/12/31","271464.844","1851495.625","1580030.781","1.24268538643","8","11367879.776","-10543398.026","824481.75","-1240960.672"
"2_40_1.5_125_20.csv","2004/1/2","2007/12/31","271464.844","1851495.625","1580030.781","1.24268538643","8","11367879.776","-10543398.026","824481.75","-1240960.672"
"2_40_1_225_10.csv","2004/1/2","2007/12/31","-418043.875","542576.375","960620.25","1.65067469648","8","5236391.053","-4624002.225","612388.828","-437981.859"
"2_40_1_225_12.csv","2004/1/2","2007/12/31","-418043.875","542576.375","960620.25","1.65067469648","8","5236391.053","-4624002.225","612388.828","-437981.859"
"2_40_1_225_14.csv","2004/1/2","2007/12/31","-418043.875","542576.375","960620.25","1.65067469648","8","5236391.053","-4624002.225","612388.828","-437981.859"
"2_40_1_225_16.csv","2004/1/2","2007/12/31","-418043.875","542576.375","960620.25","1.65067469648","8","5236391.053","-4624002.225","612388.828","-437981.859"
"2_40_1_225_18.csv","2004/1/2","2007/12/31","-418043.875","542576.375","960620.25","1.65067469648","8","5236391.053","-4624002.225","612388.828","-437981.859"
"2_40_1_225_20.csv","2004/1/2","2007/12/31","-418043.875","542576.375","960620.25","1.65067469648","8","5236391.053","-4624002.225","612388.828","-437981.859"
"2_40_1_225_8.csv","2004/1/2","2007/12/31","-418043.875","542576.375","960620.25","1.65067469648","8","5236391.053","-4624002.225","612388.828","-437981.859"
"2_40_0.75_125_10.csv","2004/1/2","2007/12/31","-128218.141","983216.375","1111434.516","1.27489979807","12","8122897.251","-7537149.001","585748.25","-725447.001"
"2_40_0.75_125_12.csv","2004/1/2","2007/12/31","-128218.141","983216.375","1111434.516","1.27489979807","12","8122897.251","-7537149.001","585748.25","-725447.001"
"2_40_0.75_125_14.csv","2004/1/2","2007/12/31","-128218.141","983216.375","1111434.516","1.27489979807","12","8122897.251","-7537149.001","585748.25","-725447.001"
"2_40_0.75_125_16.csv","2004/1/2","2007/12/31","-128218.141","983216.375","1111434.516","1.27489979807","12","8122897.251","-7537149.001","585748.25","-725447.001"
"2_40_0.75_125_18.csv","2004/1/2","2007/12/31","-128218.141","983216.375","1111434.516","1.27489979807","12","8122897.251","-7537149.001","585748.25","-725447.001"
"2_40_0.75_125_20.csv","2004/1/2","2007/12/31","-128218.141","983216.375","1111434.516","1.27489979807","12","8122897.251","-7537149.001","585748.25","-725447.001"
"2_40_0.75_125_8.csv","2004/1/2","2007/12/31","-128218.141","983216.375","1111434.516","1.27489979807","12","8122897.251","-7537149.001","585748.25","-725447.001"
"2_40_1.25_200_10.csv","2004/1/2","2007/12/31","-530940.375","208388.438","739328.813","1.57619367261","6","3867437.171","-3413071.389","454365.782","-333744.532"
"2_40_1.25_200_8.csv","2004/1/2","2007/12/31","-525003.063","188916.719","713919.782","1.50299870671","7","3870473.252","-3445123.72","425349.532","-337969.234"
"2_40_1.25_200_12.csv","2004/1/2","2007/12/31","-528712.875","214127.188","742840.063","1.57619426374","6","3885804.819","-3429281.287","456523.532","-335329.656"
"2_40_1.25_200_14.csv","2004/1/2","2007/12/31","-528712.875","214127.188","742840.063","1.57619426374","6","3885804.819","-3429281.287","456523.532","-335329.656"
"2_40_1.25_200_16.csv","2004/1/2","2007/12/31","-528712.875","214127.188","742840.063","1.57619426374","6","3885804.819","-3429281.287","456523.532","-335329.656"
"2_40_1.25_200_18.csv","2004/1/2","2007/12/31","-528712.875","214127.188","742840.063","1.57619426374","6","3885804.819","-3429281.287","456523.532","-335329.656"
"2_40_1.25_200_20.csv","2004/1/2","2007/12/31","-528712.875","214127.188","742840.063","1.57619426374","6","3885804.819","-3429281.287","456523.532","-335329.656"
"2_40_1.75_200_6.csv","2004/1/2","2007/12/31","-59341.117","1103907.625","1163248.742","1.23663185776","5","6032372.252","-5444449.596","587922.656","-735645.188"
"2_40_1.75_225_6.csv","2004/1/2","2007/12/31","-154110.109","891945.25","1046055.359","1.23663300641","5","5424629.954","-4895938.454","528691.5","-661531.313"
"2_40_1.75_200_14.csv","2004/1/2","2007/12/31","-552141.188","170184.75","722325.938","1.61284297338","3","3582334.232","-3136836.419","445497.813","-355165.844"
"2_40_1.75_200_16.csv","2004/1/2","2007/12/31","-552141.188","170184.75","722325.938","1.61284297338","3","3582334.232","-3136836.419","445497.813","-355165.844"
"2_40_1.75_200_18.csv","2004/1/2","2007/12/31","-552141.188","170184.75","722325.938","1.61284297338","3","3582334.232","-3136836.419","445497.813","-355165.844"
"2_40_1.75_200_20.csv","2004/1/2","2007/12/31","-552141.188","170184.75","722325.938","1.61284297338","3","3582334.232","-3136836.419","445497.813","-355165.844"
"2_40_1.75_225_12.csv","2004/1/2","2007/12/31","-570078.438","123317.531","693395.969","1.61284297018","3","3438857.608","-3011202.514","427655.094","-340941.079"
"2_40_1.75_225_10.csv","2004/1/2","2007/12/31","-495964.219","124122.242","620086.461","1.23024293984","4","3668696.125","-3360161.664","308534.461","-399715.938"
"2_40_1.75_225_14.csv","2004/1/2","2007/12/31","-597261.625","52292.313","649553.938","1.61284341975","3","3221425.385","-2820810.072","400615.313","-319384.094"
"2_40_1.75_225_16.csv","2004/1/2","2007/12/31","-597261.625","52292.313","649553.938","1.61284341975","3","3221425.385","-2820810.072","400615.313","-319384.094"
"2_40_1.75_225_18.csv","2004/1/2","2007/12/31","-597261.625","52292.313","649553.938","1.61284341975","3","3221425.385","-2820810.072","400615.313","-319384.094"
"2_40_1.75_225_20.csv","2004/1/2","2007/12/31","-597261.625","52292.313","649553.938","1.61284341975","3","3221425.385","-2820810.072","400615.313","-319384.094"
"2_40_1.75_200_10.csv","2004/1/2","2007/12/31","-439495.344","250061.703","689557.047","1.23024320961","4","4079713.731","-3736613.036","343100.695","-444497.641"
"2_40_1.75_200_12.csv","2004/1/2","2007/12/31","-521912.875","249166.875","771079.75","1.6128435795","3","3824125.281","-3348558.453","475566.828","-379138.078"
"2_40_1.75_125_14.csv","2004/1/2","2007/12/31","-307864.125","577631.125","885495.25","1.27936620826","6","6014043.7","-5561969.184","452074.516","-691175.25"
"2_40_1.75_125_16.csv","2004/1/2","2007/12/31","-307864.125","577631.125","885495.25","1.27936620826","6","6014043.7","-5561969.184","452074.516","-691175.25"
"2_40_1.75_125_18.csv","2004/1/2","2007/12/31","-307864.125","577631.125","885495.25","1.27936620826","6","6014043.7","-5561969.184","452074.516","-691175.25"
"2_40_1.75_125_20.csv","2004/1/2","2007/12/31","-307864.125","577631.125","885495.25","1.27936620826","6","6014043.7","-5561969.184","452074.516","-691175.25"
"2_40_1.75_50_14.csv","2004/1/2","2007/12/31","14754.936","1504433.875","1489678.939","1.46801842115","8","9590643.703","-8736412.016","854231.687","-956008.329"
"2_40_1.75_50_16.csv","2004/1/2","2007/12/31","14754.936","1504433.875","1489678.939","1.46801842115","8","9590643.703","-8736412.016","854231.687","-956008.329"
"2_40_1.75_50_18.csv","2004/1/2","2007/12/31","14754.936","1504433.875","1489678.939","1.46801842115","8","9590643.703","-8736412.016","854231.687","-956008.329"
"2_40_1.75_50_20.csv","2004/1/2","2007/12/31","14754.936","1504433.875","1489678.939","1.46801842115","8","9590643.703","-8736412.016","854231.687","-956008.329"
"2_40_1.75_75_14.csv","2004/1/2","2007/12/31","-44141.332","1315658.875","1359800.207","1.42259546576","8","8877328.698","-8116094.698","761234.0","-904540.516"
"2_40_1.75_75_16.csv","2004/1/2","2007/12/31","-44141.332","1315658.875","1359800.207","1.42259546576","8","8877328.698","-8116094.698","761234.0","-904540.516"
"2_40_1.75_75_18.csv","2004/1/2","2007/12/31","-44141.332","1315658.875","1359800.207","1.42259546576","8","8877328.698","-8116094.698","761234.0","-904540.516"
"2_40_1.75_75_20.csv","2004/1/2","2007/12/31","-44141.332","1315658.875","1359800.207","1.42259546576","8","8877328.698","-8116094.698","761234.0","-904540.516"
"2_40_1.75_100_14.csv","2004/1/2","2007/12/31","-86088.906","1083139.25","1169228.156","1.27936750487","6","7941080.535","-7344151.035","596929.5","-912643.594"
"2_40_1.75_100_16.csv","2004/1/2","2007/12/31","-86088.906","1083139.25","1169228.156","1.27936750487","6","7941080.535","-7344151.035","596929.5","-912643.594"
"2_40_1.75_100_18.csv","2004/1/2","2007/12/31","-86088.906","1083139.25","1169228.156","1.27936750487","6","7941080.535","-7344151.035","596929.5","-912643.594"
"2_40_1.75_100_20.csv","2004/1/2","2007/12/31","-86088.906","1083139.25","1169228.156","1.27936750487","6","7941080.535","-7344151.035","596929.5","-912643.594"
"2_40_1.5_75_8.csv","2004/1/2","2007/12/31","960146.188","3255010.0","2294863.812","1.17076156159","10","17298624.806","-16249990.806","1048634.0","-1922505.687"
"2_40_1.5_100_8.csv","2004/1/2","2007/12/31","565690.188","2148136.75","1582446.562","1.0107022284","9","13006686.917","-12419681.792","587005.125","-1635013.453"
"2_40_1.5_50_8.csv","2004/1/2","2007/12/31","572417.625","2383363.25","1810945.625","1.15169506892","11","13963913.214","-13152686.589","811226.625","-1572551.5"
"2_40_1.5_175_10.csv","2004/1/2","2007/12/31","-298582.844","555627.5","854210.344","1.21783497408","7","5734518.861","-5331644.517","402874.344","-642040.376"
"2_40_1.5_150_14.csv","2004/1/2","2007/12/31","149231.078","1646184.25","1496953.172","1.30256934454","8","10105677.793","-9348212.481","757465.312","-1105117.961"
"2_40_1.5_150_16.csv","2004/1/2","2007/12/31","149231.078","1646184.25","1496953.172","1.30256934454","8","10105677.793","-9348212.481","757465.312","-1105117.961"
"2_40_1.5_150_18.csv","2004/1/2","2007/12/31","149231.078","1646184.25","1496953.172","1.30256934454","8","10105677.793","-9348212.481","757465.312","-1105117.961"
"2_40_1.5_150_20.csv","2004/1/2","2007/12/31","149231.078","1646184.25","1496953.172","1.30256934454","8","10105677.793","-9348212.481","757465.312","-1105117.961"
"2_40_1.5_150_12.csv","2004/1/2","2007/12/31","-69670.055","1142149.125","1211819.18","1.30256925139","8","8180786.42","-7567600.295","613186.125","-894619.344"
"2_40_1.5_150_10.csv","2004/1/2","2007/12/31","4672.184","1110991.625","1106319.441","1.10117455088","9","8377061.085","-7917211.273","459849.812","-966108.031"
"2_40_1.5_175_14.csv","2004/1/2","2007/12/31","-228127.328","875968.688","1104096.016","1.43041210818","6","6681503.151","-6074078.838","607424.313","-706532.001"
"2_40_1.5_175_16.csv","2004/1/2","2007/12/31","-228127.328","875968.688","1104096.016","1.43041210818","6","6681503.151","-6074078.838","607424.313","-706532.001"
"2_40_1.5_175_18.csv","2004/1/2","2007/12/31","-228127.328","875968.688","1104096.016","1.43041210818","6","6681503.151","-6074078.838","607424.313","-706532.001"
"2_40_1.5_175_20.csv","2004/1/2","2007/12/31","-228127.328","875968.688","1104096.016","1.43041210818","6","6681503.151","-6074078.838","607424.313","-706532.001"
"2_40_1.5_175_12.csv","2004/1/2","2007/12/31","-375150.656","518641.344","893792.0","1.43041200024","6","5408835.728","-4917111.337","491724.391","-571954.524"
"2_120_1.75_150_4.csv","2004/1/2","2007/12/31","-426142.313","-196126.609","230015.704","0.400823600016","9","2841747.397","-2983670.756","-141923.359","-599818.18"
"2_120_1.75_175_4.csv","2004/1/2","2007/12/31","-410926.531","-174811.969","236114.562","0.400823622902","9","2917096.807","-3062783.409","-145686.602","-615722.602"
"2_120_1.75_200_4.csv","2004/1/2","2007/12/31","-362756.469","-107334.188","255422.281","0.400823654654","9","3155635.166","-3313234.932","-157599.766","-666071.797"
"2_120_1.75_225_4.csv","2004/1/2","2007/12/31","-240570.313","63827.078","304397.391","0.40082366572","9","3760702.655","-3948520.952","-187818.297","-793785.688"
"2_120_1.75_100_4.csv","2004/1/2","2007/12/31","-428750.938","-199780.734","228970.204","0.400823772381","9","2828830.265","-2970108.632","-141278.367","-597091.872"
"2_120_1.75_125_4.csv","2004/1/2","2007/12/31","-428750.938","-199780.734","228970.204","0.400823772381","9","2828830.265","-2970108.632","-141278.367","-597091.872"
"2_120_1.75_50_4.csv","2004/1/2","2007/12/31","-428750.938","-199780.734","228970.204","0.400823772381","9","2828830.265","-2970108.632","-141278.367","-597091.872"
"2_120_1.75_75_4.csv","2004/1/2","2007/12/31","-428750.938","-199780.734","228970.204","0.400823772381","9","2828830.265","-2970108.632","-141278.367","-597091.872"
"2_40_1.75_200_8.csv","2004/1/2","2007/12/31","-403123.125","331180.625","734303.75","1.23024325578","4","4318965.947","-3975330.002","343635.945","-496803.562"
"2_40_1.75_225_8.csv","2004/1/2","2007/12/31","-463256.531","197068.453","660324.984","1.23024316482","4","3883844.298","-3574828.626","309015.672","-446752.258"
"2_40_1.5_200_8.csv","2004/1/2","2007/12/31","-330159.375","622028.25","952187.625","1.42151369962","6","5217164.377","-4706184.432","510979.945","-595784.484"
"2_40_0.75_100_10.csv","2004/1/2","2007/12/31","71590.578","1412305.5","1340714.922","1.25114474644","14","10270428.021","-9636641.271","633786.75","-1048106.204"
"2_40_0.75_100_12.csv","2004/1/2","2007/12/31","71590.578","1412305.5","1340714.922","1.25114474644","14","10270428.021","-9636641.271","633786.75","-1048106.204"
"2_40_0.75_100_14.csv","2004/1/2","2007/12/31","71590.578","1412305.5","1340714.922","1.25114474644","14","10270428.021","-9636641.271","633786.75","-1048106.204"
"2_40_0.75_100_16.csv","2004/1/2","2007/12/31","71590.578","1412305.5","1340714.922","1.25114474644","14","10270428.021","-9636641.271","633786.75","-1048106.204"
"2_40_0.75_100_18.csv","2004/1/2","2007/12/31","71590.578","1412305.5","1340714.922","1.25114474644","14","10270428.021","-9636641.271","633786.75","-1048106.204"
"2_40_0.75_100_20.csv","2004/1/2","2007/12/31","71590.578","1412305.5","1340714.922","1.25114474644","14","10270428.021","-9636641.271","633786.75","-1048106.204"
"2_40_0.75_100_8.csv","2004/1/2","2007/12/31","71590.578","1412305.5","1340714.922","1.25114474644","14","10270428.021","-9636641.271","633786.75","-1048106.204"
"2_40_2_125_8.csv","2004/1/2","2007/12/31","99779.813","1173690.375","1073910.562","0.97647779065","8","8354853.943","-8007447.381","347406.562","-1075297.506"
"2_40_2_50_8.csv","2004/1/2","2007/12/31","215788.25","1463881.0","1248092.75","1.02657082761","9","9493676.932","-9048722.807","444954.125","-1176518.812"
"2_40_2_100_8.csv","2004/1/2","2007/12/31","69050.078","1112954.5","1043904.422","0.97647850506","8","8121411.094","-7783711.469","337699.625","-1045252.626"
"2_40_2_75_8.csv","2004/1/2","2007/12/31","119804.539","1156100.625","1036296.086","0.925425866665","9","8427807.592","-8131244.467","296563.125","-1120675.869"
"1_100_1.75_125_10.csv","2004/1/2","2007/12/31","-113138.375","59192.059","172330.434","0.194314906793","17","2925668.674","-3342870.615","-417201.941","-885904.906"
"1_100_1.75_125_12.csv","2004/1/2","2007/12/31","-113138.375","59192.059","172330.434","0.194314906793","17","2925668.674","-3342870.615","-417201.941","-885904.906"
"1_100_1.75_125_14.csv","2004/1/2","2007/12/31","-113138.375","59192.059","172330.434","0.194314906793","17","2925668.674","-3342870.615","-417201.941","-885904.906"
"1_100_1.75_125_16.csv","2004/1/2","2007/12/31","-113138.375","59192.059","172330.434","0.194314906793","17","2925668.674","-3342870.615","-417201.941","-885904.906"
"1_100_1.75_125_18.csv","2004/1/2","2007/12/31","-113138.375","59192.059","172330.434","0.194314906793","17","2925668.674","-3342870.615","-417201.941","-885904.906"
"1_100_1.75_125_20.csv","2004/1/2","2007/12/31","-113138.375","59192.059","172330.434","0.194314906793","17","2925668.674","-3342870.615","-417201.941","-885904.906"
"1_100_1.75_125_6.csv","2004/1/2","2007/12/31","-113138.375","59192.059","172330.434","0.194314906793","17","2925668.674","-3342870.615","-417201.941","-885904.906"
"1_100_1.75_125_8.csv","2004/1/2","2007/12/31","-113138.375","59192.059","172330.434","0.194314906793","17","2925668.674","-3342870.615","-417201.941","-885904.906"
"1_100_1.75_150_10.csv","2004/1/2","2007/12/31","-113138.375","59192.059","172330.434","0.194314906793","17","2925668.674","-3342870.615","-417201.941","-885904.906"
"1_100_1.75_150_12.csv","2004/1/2","2007/12/31","-113138.375","59192.059","172330.434","0.194314906793","17","2925668.674","-3342870.615","-417201.941","-885904.906"
"1_100_1.75_150_14.csv","2004/1/2","2007/12/31","-113138.375","59192.059","172330.434","0.194314906793","17","2925668.674","-3342870.615","-417201.941","-885904.906"
"1_100_1.75_150_16.csv","2004/1/2","2007/12/31","-113138.375","59192.059","172330.434","0.194314906793","17","2925668.674","-3342870.615","-417201.941","-885904.906"
"1_100_1.75_150_18.csv","2004/1/2","2007/12/31","-113138.375","59192.059","172330.434","0.194314906793","17","2925668.674","-3342870.615","-417201.941","-885904.906"
"1_100_1.75_150_20.csv","2004/1/2","2007/12/31","-113138.375","59192.059","172330.434","0.194314906793","17","2925668.674","-3342870.615","-417201.941","-885904.906"
"1_100_1.75_150_6.csv","2004/1/2","2007/12/31","-113138.375","59192.059","172330.434","0.194314906793","17","2925668.674","-3342870.615","-417201.941","-885904.906"
"1_100_1.75_150_8.csv","2004/1/2","2007/12/31","-113138.375","59192.059","172330.434","0.194314906793","17","2925668.674","-3342870.615","-417201.941","-885904.906"
"3_100_1.75_125_10.csv","2004/1/2","2007/12/31","-113138.375","59192.059","172330.434","0.194314906793","17","2925668.674","-3342870.615","-417201.941","-885904.906"
"3_100_1.75_125_12.csv","2004/1/2","2007/12/31","-113138.375","59192.059","172330.434","0.194314906793","17","2925668.674","-3342870.615","-417201.941","-885904.906"
"3_100_1.75_125_14.csv","2004/1/2","2007/12/31","-113138.375","59192.059","172330.434","0.194314906793","17","2925668.674","-3342870.615","-417201.941","-885904.906"
"3_100_1.75_125_16.csv","2004/1/2","2007/12/31","-113138.375","59192.059","172330.434","0.194314906793","17","2925668.674","-3342870.615","-417201.941","-885904.906"
"3_100_1.75_125_18.csv","2004/1/2","2007/12/31","-113138.375","59192.059","172330.434","0.194314906793","17","2925668.674","-3342870.615","-417201.941","-885904.906"
"3_100_1.75_125_20.csv","2004/1/2","2007/12/31","-113138.375","59192.059","172330.434","0.194314906793","17","2925668.674","-3342870.615","-417201.941","-885904.906"
"3_100_1.75_125_6.csv","2004/1/2","2007/12/31","-113138.375","59192.059","172330.434","0.194314906793","17","2925668.674","-3342870.615","-417201.941","-885904.906"
"3_100_1.75_125_8.csv","2004/1/2","2007/12/31","-113138.375","59192.059","172330.434","0.194314906793","17","2925668.674","-3342870.615","-417201.941","-885904.906"
"3_100_1.75_150_10.csv","2004/1/2","2007/12/31","-113138.375","59192.059","172330.434","0.194314906793","17","2925668.674","-3342870.615","-417201.941","-885904.906"
"3_100_1.75_150_12.csv","2004/1/2","2007/12/31","-113138.375","59192.059","172330.434","0.194314906793","17","2925668.674","-3342870.615","-417201.941","-885904.906"
"3_100_1.75_150_14.csv","2004/1/2","2007/12/31","-113138.375","59192.059","172330.434","0.194314906793","17","2925668.674","-3342870.615","-417201.941","-885904.906"
"3_100_1.75_150_16.csv","2004/1/2","2007/12/31","-113138.375","59192.059","172330.434","0.194314906793","17","2925668.674","-3342870.615","-417201.941","-885904.906"
"3_100_1.75_150_18.csv","2004/1/2","2007/12/31","-113138.375","59192.059","172330.434","0.194314906793","17","2925668.674","-3342870.615","-417201.941","-885904.906"
"3_100_1.75_150_20.csv","2004/1/2","2007/12/31","-113138.375","59192.059","172330.434","0.194314906793","17","2925668.674","-3342870.615","-417201.941","-885904.906"
"3_100_1.75_150_6.csv","2004/1/2","2007/12/31","-113138.375","59192.059","172330.434","0.194314906793","17","2925668.674","-3342870.615","-417201.941","-885904.906"
"3_100_1.75_150_8.csv","2004/1/2","2007/12/31","-113138.375","59192.059","172330.434","0.194314906793","17","2925668.674","-3342870.615","-417201.941","-885904.906"
"1_100_1.75_200_4.csv","2004/1/2","2007/12/31","-97565.086","121782.922","219348.008","0.243062413252","16","3030498.519","-3411035.097","-380536.578","-876936.594"
"3_100_1.75_200_4.csv","2004/1/2","2007/12/31","-97565.086","121782.922","219348.008","0.243062413252","16","3030498.519","-3411035.097","-380536.578","-876936.594"
"1_100_1.75_100_10.csv","2004/1/2","2007/12/31","89826.648","301596.188","211769.54","0.194314885205","17","3595230.798","-4107912.673","-512681.875","-1088651.094"
"1_100_1.75_100_12.csv","2004/1/2","2007/12/31","89826.648","301596.188","211769.54","0.194314885205","17","3595230.798","-4107912.673","-512681.875","-1088651.094"
"1_100_1.75_100_14.csv","2004/1/2","2007/12/31","89826.648","301596.188","211769.54","0.194314885205","17","3595230.798","-4107912.673","-512681.875","-1088651.094"
"1_100_1.75_100_16.csv","2004/1/2","2007/12/31","89826.648","301596.188","211769.54","0.194314885205","17","3595230.798","-4107912.673","-512681.875","-1088651.094"
"1_100_1.75_100_18.csv","2004/1/2","2007/12/31","89826.648","301596.188","211769.54","0.194314885205","17","3595230.798","-4107912.673","-512681.875","-1088651.094"
"1_100_1.75_100_20.csv","2004/1/2","2007/12/31","89826.648","301596.188","211769.54","0.194314885205","17","3595230.798","-4107912.673","-512681.875","-1088651.094"
"1_100_1.75_100_6.csv","2004/1/2","2007/12/31","89826.648","301596.188","211769.54","0.194314885205","17","3595230.798","-4107912.673","-512681.875","-1088651.094"
"1_100_1.75_100_8.csv","2004/1/2","2007/12/31","89826.648","301596.188","211769.54","0.194314885205","17","3595230.798","-4107912.673","-512681.875","-1088651.094"
"1_100_1.75_50_10.csv","2004/1/2","2007/12/31","89826.648","301596.188","211769.54","0.194314885205","17","3595230.798","-4107912.673","-512681.875","-1088651.094"
"1_100_1.75_50_12.csv","2004/1/2","2007/12/31","89826.648","301596.188","211769.54","0.194314885205","17","3595230.798","-4107912.673","-512681.875","-1088651.094"
"1_100_1.75_50_14.csv","2004/1/2","2007/12/31","89826.648","301596.188","211769.54","0.194314885205","17","3595230.798","-4107912.673","-512681.875","-1088651.094"
"1_100_1.75_50_16.csv","2004/1/2","2007/12/31","89826.648","301596.188","211769.54","0.194314885205","17","3595230.798","-4107912.673","-512681.875","-1088651.094"
"1_100_1.75_50_18.csv","2004/1/2","2007/12/31","89826.648","301596.188","211769.54","0.194314885205","17","3595230.798","-4107912.673","-512681.875","-1088651.094"
"1_100_1.75_50_20.csv","2004/1/2","2007/12/31","89826.648","301596.188","211769.54","0.194314885205","17","3595230.798","-4107912.673","-512681.875","-1088651.094"
"1_100_1.75_50_6.csv","2004/1/2","2007/12/31","89826.648","301596.188","211769.54","0.194314885205","17","3595230.798","-4107912.673","-512681.875","-1088651.094"
"1_100_1.75_50_8.csv","2004/1/2","2007/12/31","89826.648","301596.188","211769.54","0.194314885205","17","3595230.798","-4107912.673","-512681.875","-1088651.094"
"1_100_1.75_75_10.csv","2004/1/2","2007/12/31","89826.648","301596.188","211769.54","0.194314885205","17","3595230.798","-4107912.673","-512681.875","-1088651.094"
"1_100_1.75_75_12.csv","2004/1/2","2007/12/31","89826.648","301596.188","211769.54","0.194314885205","17","3595230.798","-4107912.673","-512681.875","-1088651.094"
"1_100_1.75_75_14.csv","2004/1/2","2007/12/31","89826.648","301596.188","211769.54","0.194314885205","17","3595230.798","-4107912.673","-512681.875","-1088651.094"
"1_100_1.75_75_16.csv","2004/1/2","2007/12/31","89826.648","301596.188","211769.54","0.194314885205","17","3595230.798","-4107912.673","-512681.875","-1088651.094"
"1_100_1.75_75_18.csv","2004/1/2","2007/12/31","89826.648","301596.188","211769.54","0.194314885205","17","3595230.798","-4107912.673","-512681.875","-1088651.094"
"1_100_1.75_75_20.csv","2004/1/2","2007/12/31","89826.648","301596.188","211769.54","0.194314885205","17","3595230.798","-4107912.673","-512681.875","-1088651.094"
"1_100_1.75_75_6.csv","2004/1/2","2007/12/31","89826.648","301596.188","211769.54","0.194314885205","17","3595230.798","-4107912.673","-512681.875","-1088651.094"
"1_100_1.75_75_8.csv","2004/1/2","2007/12/31","89826.648","301596.188","211769.54","0.194314885205","17","3595230.798","-4107912.673","-512681.875","-1088651.094"
"3_100_1.75_100_10.csv","2004/1/2","2007/12/31","89826.648","301596.188","211769.54","0.194314885205","17","3595230.798","-4107912.673","-512681.875","-1088651.094"
"3_100_1.75_100_12.csv","2004/1/2","2007/12/31","89826.648","301596.188","211769.54","0.194314885205","17","3595230.798","-4107912.673","-512681.875","-1088651.094"
"3_100_1.75_100_14.csv","2004/1/2","2007/12/31","89826.648","301596.188","211769.54","0.194314885205","17","3595230.798","-4107912.673","-512681.875","-1088651.094"
"3_100_1.75_100_16.csv","2004/1/2","2007/12/31","89826.648","301596.188","211769.54","0.194314885205","17","3595230.798","-4107912.673","-512681.875","-1088651.094"
"3_100_1.75_100_18.csv","2004/1/2","2007/12/31","89826.648","301596.188","211769.54","0.194314885205","17","3595230.798","-4107912.673","-512681.875","-1088651.094"
"3_100_1.75_100_20.csv","2004/1/2","2007/12/31","89826.648","301596.188","211769.54","0.194314885205","17","3595230.798","-4107912.673","-512681.875","-1088651.094"
"3_100_1.75_100_6.csv","2004/1/2","2007/12/31","89826.648","301596.188","211769.54","0.194314885205","17","3595230.798","-4107912.673","-512681.875","-1088651.094"
"3_100_1.75_100_8.csv","2004/1/2","2007/12/31","89826.648","301596.188","211769.54","0.194314885205","17","3595230.798","-4107912.673","-512681.875","-1088651.094"
"3_100_1.75_50_10.csv","2004/1/2","2007/12/31","89826.648","301596.188","211769.54","0.194314885205","17","3595230.798","-4107912.673","-512681.875","-1088651.094"
"3_100_1.75_50_12.csv","2004/1/2","2007/12/31","89826.648","301596.188","211769.54","0.194314885205","17","3595230.798","-4107912.673","-512681.875","-1088651.094"
"3_100_1.75_50_14.csv","2004/1/2","2007/12/31","89826.648","301596.188","211769.54","0.194314885205","17","3595230.798","-4107912.673","-512681.875","-1088651.094"
"3_100_1.75_50_16.csv","2004/1/2","2007/12/31","89826.648","301596.188","211769.54","0.194314885205","17","3595230.798","-4107912.673","-512681.875","-1088651.094"
"3_100_1.75_50_18.csv","2004/1/2","2007/12/31","89826.648","301596.188","211769.54","0.194314885205","17","3595230.798","-4107912.673","-512681.875","-1088651.094"
"3_100_1.75_50_20.csv","2004/1/2","2007/12/31","89826.648","301596.188","211769.54","0.194314885205","17","3595230.798","-4107912.673","-512681.875","-1088651.094"
"3_100_1.75_50_6.csv","2004/1/2","2007/12/31","89826.648","301596.188","211769.54","0.194314885205","17","3595230.798","-4107912.673","-512681.875","-1088651.094"
"3_100_1.75_50_8.csv","2004/1/2","2007/12/31","89826.648","301596.188","211769.54","0.194314885205","17","3595230.798","-4107912.673","-512681.875","-1088651.094"
"3_100_1.75_75_10.csv","2004/1/2","2007/12/31","89826.648","301596.188","211769.54","0.194314885205","17","3595230.798","-4107912.673","-512681.875","-1088651.094"
"3_100_1.75_75_12.csv","2004/1/2","2007/12/31","89826.648","301596.188","211769.54","0.194314885205","17","3595230.798","-4107912.673","-512681.875","-1088651.094"
"3_100_1.75_75_14.csv","2004/1/2","2007/12/31","89826.648","301596.188","211769.54","0.194314885205","17","3595230.798","-4107912.673","-512681.875","-1088651.094"
"3_100_1.75_75_16.csv","2004/1/2","2007/12/31","89826.648","301596.188","211769.54","0.194314885205","17","3595230.798","-4107912.673","-512681.875","-1088651.094"
"3_100_1.75_75_18.csv","2004/1/2","2007/12/31","89826.648","301596.188","211769.54","0.194314885205","17","3595230.798","-4107912.673","-512681.875","-1088651.094"
"3_100_1.75_75_20.csv","2004/1/2","2007/12/31","89826.648","301596.188","211769.54","0.194314885205","17","3595230.798","-4107912.673","-512681.875","-1088651.094"
"3_100_1.75_75_6.csv","2004/1/2","2007/12/31","89826.648","301596.188","211769.54","0.194314885205","17","3595230.798","-4107912.673","-512681.875","-1088651.094"
"3_100_1.75_75_8.csv","2004/1/2","2007/12/31","89826.648","301596.188","211769.54","0.194314885205","17","3595230.798","-4107912.673","-512681.875","-1088651.094"
"1_100_1.75_200_10.csv","2004/1/2","2007/12/31","-108503.781","108185.453","216689.234","0.243062426269","16","2993765.041","-3369689.057","-375924.016","-866307.063"
"1_100_1.75_200_12.csv","2004/1/2","2007/12/31","-108503.781","108185.453","216689.234","0.243062426269","16","2993765.041","-3369689.057","-375924.016","-866307.063"
"1_100_1.75_200_14.csv","2004/1/2","2007/12/31","-108503.781","108185.453","216689.234","0.243062426269","16","2993765.041","-3369689.057","-375924.016","-866307.063"
"1_100_1.75_200_16.csv","2004/1/2","2007/12/31","-108503.781","108185.453","216689.234","0.243062426269","16","2993765.041","-3369689.057","-375924.016","-866307.063"
"1_100_1.75_200_18.csv","2004/1/2","2007/12/31","-108503.781","108185.453","216689.234","0.243062426269","16","2993765.041","-3369689.057","-375924.016","-866307.063"
"1_100_1.75_200_20.csv","2004/1/2","2007/12/31","-108503.781","108185.453","216689.234","0.243062426269","16","2993765.041","-3369689.057","-375924.016","-866307.063"
"1_100_1.75_200_6.csv","2004/1/2","2007/12/31","-108503.781","108185.453","216689.234","0.243062426269","16","2993765.041","-3369689.057","-375924.016","-866307.063"
"1_100_1.75_200_8.csv","2004/1/2","2007/12/31","-108503.781","108185.453","216689.234","0.243062426269","16","2993765.041","-3369689.057","-375924.016","-866307.063"
"3_100_1.75_200_10.csv","2004/1/2","2007/12/31","-108503.781","108185.453","216689.234","0.243062426269","16","2993765.041","-3369689.057","-375924.016","-866307.063"
"3_100_1.75_200_12.csv","2004/1/2","2007/12/31","-108503.781","108185.453","216689.234","0.243062426269","16","2993765.041","-3369689.057","-375924.016","-866307.063"
"3_100_1.75_200_14.csv","2004/1/2","2007/12/31","-108503.781","108185.453","216689.234","0.243062426269","16","2993765.041","-3369689.057","-375924.016","-866307.063"
"3_100_1.75_200_16.csv","2004/1/2","2007/12/31","-108503.781","108185.453","216689.234","0.243062426269","16","2993765.041","-3369689.057","-375924.016","-866307.063"
"3_100_1.75_200_18.csv","2004/1/2","2007/12/31","-108503.781","108185.453","216689.234","0.243062426269","16","2993765.041","-3369689.057","-375924.016","-866307.063"
"3_100_1.75_200_20.csv","2004/1/2","2007/12/31","-108503.781","108185.453","216689.234","0.243062426269","16","2993765.041","-3369689.057","-375924.016","-866307.063"
"3_100_1.75_200_6.csv","2004/1/2","2007/12/31","-108503.781","108185.453","216689.234","0.243062426269","16","2993765.041","-3369689.057","-375924.016","-866307.063"
"3_100_1.75_200_8.csv","2004/1/2","2007/12/31","-108503.781","108185.453","216689.234","0.243062426269","16","2993765.041","-3369689.057","-375924.016","-866307.063"
"1_100_1.75_125_4.csv","2004/1/2","2007/12/31","-102256.75","72188.125","174444.875","0.194314883459","17","2961566.497","-3383887.528","-422321.031","-896774.906"
"1_100_1.75_150_4.csv","2004/1/2","2007/12/31","-102256.75","72188.125","174444.875","0.194314883459","17","2961566.497","-3383887.528","-422321.031","-896774.906"
"3_100_1.75_125_4.csv","2004/1/2","2007/12/31","-102256.75","72188.125","174444.875","0.194314883459","17","2961566.497","-3383887.528","-422321.031","-896774.906"
"3_100_1.75_150_4.csv","2004/1/2","2007/12/31","-102256.75","72188.125","174444.875","0.194314883459","17","2961566.497","-3383887.528","-422321.031","-896774.906"
"1_100_1.75_175_10.csv","2004/1/2","2007/12/31","-124066.594","88840.023","212906.617","0.243062561082","16","2941503.553","-3310865.03","-369361.477","-851184.063"
"1_100_1.75_175_12.csv","2004/1/2","2007/12/31","-124066.594","88840.023","212906.617","0.243062561082","16","2941503.553","-3310865.03","-369361.477","-851184.063"
"1_100_1.75_175_14.csv","2004/1/2","2007/12/31","-124066.594","88840.023","212906.617","0.243062561082","16","2941503.553","-3310865.03","-369361.477","-851184.063"
"1_100_1.75_175_16.csv","2004/1/2","2007/12/31","-124066.594","88840.023","212906.617","0.243062561082","16","2941503.553","-3310865.03","-369361.477","-851184.063"
"1_100_1.75_175_18.csv","2004/1/2","2007/12/31","-124066.594","88840.023","212906.617","0.243062561082","16","2941503.553","-3310865.03","-369361.477","-851184.063"
"1_100_1.75_175_20.csv","2004/1/2","2007/12/31","-124066.594","88840.023","212906.617","0.243062561082","16","2941503.553","-3310865.03","-369361.477","-851184.063"
"1_100_1.75_175_6.csv","2004/1/2","2007/12/31","-124066.594","88840.023","212906.617","0.243062561082","16","2941503.553","-3310865.03","-369361.477","-851184.063"
"1_100_1.75_175_8.csv","2004/1/2","2007/12/31","-124066.594","88840.023","212906.617","0.243062561082","16","2941503.553","-3310865.03","-369361.477","-851184.063"
"3_100_1.75_175_10.csv","2004/1/2","2007/12/31","-124066.594","88840.023","212906.617","0.243062561082","16","2941503.553","-3310865.03","-369361.477","-851184.063"
"3_100_1.75_175_12.csv","2004/1/2","2007/12/31","-124066.594","88840.023","212906.617","0.243062561082","16","2941503.553","-3310865.03","-369361.477","-851184.063"
"3_100_1.75_175_14.csv","2004/1/2","2007/12/31","-124066.594","88840.023","212906.617","0.243062561082","16","2941503.553","-3310865.03","-369361.477","-851184.063"
"3_100_1.75_175_16.csv","2004/1/2","2007/12/31","-124066.594","88840.023","212906.617","0.243062561082","16","2941503.553","-3310865.03","-369361.477","-851184.063"
"3_100_1.75_175_18.csv","2004/1/2","2007/12/31","-124066.594","88840.023","212906.617","0.243062561082","16","2941503.553","-3310865.03","-369361.477","-851184.063"
"3_100_1.75_175_20.csv","2004/1/2","2007/12/31","-124066.594","88840.023","212906.617","0.243062561082","16","2941503.553","-3310865.03","-369361.477","-851184.063"
"3_100_1.75_175_6.csv","2004/1/2","2007/12/31","-124066.594","88840.023","212906.617","0.243062561082","16","2941503.553","-3310865.03","-369361.477","-851184.063"
"3_100_1.75_175_8.csv","2004/1/2","2007/12/31","-124066.594","88840.023","212906.617","0.243062561082","16","2941503.553","-3310865.03","-369361.477","-851184.063"
"1_100_1.75_100_4.csv","2004/1/2","2007/12/31","103198.602","317566.594","214367.992","0.194314959801","17","3639343.9","-4158316.306","-518972.406","-1102008.75"
"1_100_1.75_50_4.csv","2004/1/2","2007/12/31","103198.602","317566.594","214367.992","0.194314959801","17","3639343.9","-4158316.306","-518972.406","-1102008.75"
"1_100_1.75_75_4.csv","2004/1/2","2007/12/31","103198.602","317566.594","214367.992","0.194314959801","17","3639343.9","-4158316.306","-518972.406","-1102008.75"
"3_100_1.75_100_4.csv","2004/1/2","2007/12/31","103198.602","317566.594","214367.992","0.194314959801","17","3639343.9","-4158316.306","-518972.406","-1102008.75"
"3_100_1.75_50_4.csv","2004/1/2","2007/12/31","103198.602","317566.594","214367.992","0.194314959801","17","3639343.9","-4158316.306","-518972.406","-1102008.75"
"3_100_1.75_75_4.csv","2004/1/2","2007/12/31","103198.602","317566.594","214367.992","0.194314959801","17","3639343.9","-4158316.306","-518972.406","-1102008.75"
"1_100_1.75_175_4.csv","2004/1/2","2007/12/31","-113318.992","102199.906","215518.898","0.243062494917","16","2977595.377","-3351488.971","-373893.594","-861628.0"
"3_100_1.75_175_4.csv","2004/1/2","2007/12/31","-113318.992","102199.906","215518.898","0.243062494917","16","2977595.377","-3351488.971","-373893.594","-861628.0"
"2_40_1_175_10.csv","2004/1/2","2007/12/31","-290820.688","861233.125","1152053.813","1.62448874848","8","6626089.421","-5947966.827","678122.594","-584261.828"
"2_40_1_175_12.csv","2004/1/2","2007/12/31","-290820.688","861233.125","1152053.813","1.62448874848","8","6626089.421","-5947966.827","678122.594","-584261.828"
"2_40_1_175_14.csv","2004/1/2","2007/12/31","-290820.688","861233.125","1152053.813","1.62448874848","8","6626089.421","-5947966.827","678122.594","-584261.828"
"2_40_1_175_16.csv","2004/1/2","2007/12/31","-290820.688","861233.125","1152053.813","1.62448874848","8","6626089.421","-5947966.827","678122.594","-584261.828"
"2_40_1_175_18.csv","2004/1/2","2007/12/31","-290820.688","861233.125","1152053.813","1.62448874848","8","6626089.421","-5947966.827","678122.594","-584261.828"
"2_40_1_175_20.csv","2004/1/2","2007/12/31","-290820.688","861233.125","1152053.813","1.62448874848","8","6626089.421","-5947966.827","678122.594","-584261.828"
"2_40_1_175_8.csv","2004/1/2","2007/12/31","-290820.688","861233.125","1152053.813","1.62448874848","8","6626089.421","-5947966.827","678122.594","-584261.828"
"2_40_2_100_6.csv","2004/1/2","2007/12/31","304190.25","2328232.5","2024042.25","1.55195321388","8","9597949.077","-8452508.952","1145440.125","-1219066.5"
"2_40_2_50_6.csv","2004/1/2","2007/12/31","679522.063","3073126.25","2393604.187","1.42516983833","10","12128019.625","-10865869.875","1262149.75","-1569900.812"
"2_40_2_125_6.csv","2004/1/2","2007/12/31","341677.688","2423899.5","2082221.812","1.55195381918","8","9873833.403","-8695468.403","1178365.0","-1254107.5"
"2_40_2_75_6.csv","2004/1/2","2007/12/31","546927.625","2845718.25","2298790.625","1.48603631343","9","11255102.752","-9998441.252","1256661.5","-1445961.125"
"2_40_1.25_100_10.csv","2004/1/2","2007/12/31","-135927.344","865770.813","1001698.157","1.15927538043","8","7792923.269","-7384497.269","408426.0","-977348.907"
"2_40_1.25_100_8.csv","2004/1/2","2007/12/31","-135927.344","812760.0","948687.344","1.09792543186","9","7722910.08","-7367494.893","355415.187","-977348.907"
"2_40_1.25_100_12.csv","2004/1/2","2007/12/31","-97553.633","948630.375","1046184.008","1.1592755495","8","8139010.196","-7712445.79","426564.406","-1020753.344"
"2_40_1.25_100_14.csv","2004/1/2","2007/12/31","-97553.633","948630.375","1046184.008","1.1592755495","8","8139010.196","-7712445.79","426564.406","-1020753.344"
"2_40_1.25_100_16.csv","2004/1/2","2007/12/31","-97553.633","948630.375","1046184.008","1.1592755495","8","8139010.196","-7712445.79","426564.406","-1020753.344"
"2_40_1.25_100_18.csv","2004/1/2","2007/12/31","-97553.633","948630.375","1046184.008","1.1592755495","8","8139010.196","-7712445.79","426564.406","-1020753.344"
"2_40_1.25_100_20.csv","2004/1/2","2007/12/31","-97553.633","948630.375","1046184.008","1.1592755495","8","8139010.196","-7712445.79","426564.406","-1020753.344"
"2_80_1.5_225_4.csv","2004/1/2","2007/12/31","-674690.0","-570604.688","104085.312","0.319957308414","9","1762281.283","-1888071.252","-125789.969","-351621.75"
"2_80_1.5_200_4.csv","2004/1/2","2007/12/31","-737109.5","-652995.688","84113.812","0.319957594512","9","1424140.252","-1525794.002","-101653.75","-284153.75"
"2_40_1.25_225_10.csv","2004/1/2","2007/12/31","-493424.281","305037.063","798461.344","1.57619347721","6","4209873.269","-3770222.065","439651.204","-412481.453"
"2_40_1.25_225_12.csv","2004/1/2","2007/12/31","-491018.438","311235.063","802253.501","1.57619364019","6","4229867.439","-3788128.157","441739.282","-414440.422"
"2_40_1.25_225_14.csv","2004/1/2","2007/12/31","-491018.438","311235.063","802253.501","1.57619364019","6","4229867.439","-3788128.157","441739.282","-414440.422"
"2_40_1.25_225_16.csv","2004/1/2","2007/12/31","-491018.438","311235.063","802253.501","1.57619364019","6","4229867.439","-3788128.157","441739.282","-414440.422"
"2_40_1.25_225_18.csv","2004/1/2","2007/12/31","-491018.438","311235.063","802253.501","1.57619364019","6","4229867.439","-3788128.157","441739.282","-414440.422"
"2_40_1.25_225_20.csv","2004/1/2","2007/12/31","-491018.438","311235.063","802253.501","1.57619364019","6","4229867.439","-3788128.157","441739.282","-414440.422"
"2_40_1.25_225_8.csv","2004/1/2","2007/12/31","-487012.0","284008.125","771020.125","1.50299836448","7","4213571.644","-3805903.566","407668.078","-417702.719"
"2_40_2_50_10.csv","2004/1/2","2007/12/31","-98707.719","771981.625","870689.344","0.966045490852","9","7306346.925","-7076281.925","230065.0","-923114.875"
"2_40_2_125_10.csv","2004/1/2","2007/12/31","-44880.051","831393.875","876273.926","0.917449087853","8","7538647.788","-7341258.101","197389.687","-987834.516"
"2_40_2_125_12.csv","2004/1/2","2007/12/31","-44880.051","831393.875","876273.926","0.917449087853","8","7538647.788","-7341258.101","197389.687","-987834.516"
"2_40_2_125_14.csv","2004/1/2","2007/12/31","-44880.051","1187114.125","1231994.176","1.28988424678","7","8203999.773","-7650889.836","553109.937","-987834.516"
"2_40_2_125_16.csv","2004/1/2","2007/12/31","-44880.051","1187114.125","1231994.176","1.28988424678","7","8203999.773","-7650889.836","553109.937","-987834.516"
"2_40_2_125_18.csv","2004/1/2","2007/12/31","-44880.051","1187114.125","1231994.176","1.28988424678","7","8203999.773","-7650889.836","553109.937","-987834.516"
"2_40_2_125_20.csv","2004/1/2","2007/12/31","-44880.051","1187114.125","1231994.176","1.28988424678","7","8203999.773","-7650889.836","553109.937","-987834.516"
"2_40_2_50_12.csv","2004/1/2","2007/12/31","-132934.219","704690.938","837625.157","0.966045685754","9","7028890.207","-6807561.894","221328.313","-888059.906"
"2_40_2_50_14.csv","2004/1/2","2007/12/31","-132934.219","1035801.125","1168735.344","1.34792004207","8","7648210.69","-7095772.19","552438.5","-888059.906"
"2_40_2_50_16.csv","2004/1/2","2007/12/31","-132934.219","1035801.125","1168735.344","1.34792004207","8","7648210.69","-7095772.19","552438.5","-888059.906"
"2_40_2_50_18.csv","2004/1/2","2007/12/31","-132934.219","1035801.125","1168735.344","1.34792004207","8","7648210.69","-7095772.19","552438.5","-888059.906"
"2_40_2_50_20.csv","2004/1/2","2007/12/31","-132934.219","1035801.125","1168735.344","1.34792004207","8","7648210.69","-7095772.19","552438.5","-888059.906"
"2_40_2_100_10.csv","2004/1/2","2007/12/31","-71567.344","780222.625","851789.969","0.917449384719","8","7328009.981","-7136135.481","191874.5","-960233.375"
"2_40_2_100_12.csv","2004/1/2","2007/12/31","-71567.344","780222.625","851789.969","0.917449384719","8","7328009.981","-7136135.481","191874.5","-960233.375"
"2_40_2_100_14.csv","2004/1/2","2007/12/31","-71567.344","1126003.625","1197570.969","1.28988458265","7","7974771.604","-7437116.104","537655.5","-960233.375"
"2_40_2_100_16.csv","2004/1/2","2007/12/31","-71567.344","1126003.625","1197570.969","1.28988458265","7","7974771.604","-7437116.104","537655.5","-960233.375"
"2_40_2_100_18.csv","2004/1/2","2007/12/31","-71567.344","1126003.625","1197570.969","1.28988458265","7","7974771.604","-7437116.104","537655.5","-960233.375"
"2_40_2_100_20.csv","2004/1/2","2007/12/31","-71567.344","1126003.625","1197570.969","1.28988458265","7","7974771.604","-7437116.104","537655.5","-960233.375"
"2_40_2_75_10.csv","2004/1/2","2007/12/31","-169862.719","550631.063","720493.782","0.867921244462","9","6491931.59","-6361486.527","130445.063","-877696.126"
"2_40_2_75_12.csv","2004/1/2","2007/12/31","-201387.016","491746.25","693133.266","0.867921358514","9","6245402.311","-6119910.842","125491.469","-844365.907"
"2_40_2_75_14.csv","2004/1/2","2007/12/31","-201387.016","781495.25","982882.266","1.23073664678","8","6787359.415","-6372118.946","415240.469","-844365.907"
"2_40_2_75_16.csv","2004/1/2","2007/12/31","-201387.016","781495.25","982882.266","1.23073664678","8","6787359.415","-6372118.946","415240.469","-844365.907"
"2_40_2_75_18.csv","2004/1/2","2007/12/31","-201387.016","781495.25","982882.266","1.23073664678","8","6787359.415","-6372118.946","415240.469","-844365.907"
"2_40_2_75_20.csv","2004/1/2","2007/12/31","-201387.016","781495.25","982882.266","1.23073664678","8","6787359.415","-6372118.946","415240.469","-844365.907"
"2_40_1.5_225_8.csv","2004/1/2","2007/12/31","-262156.75","786697.563","1048854.313","1.42151373344","6","5605818.657","-5082442.532","523376.125","-656268.938"
"2_40_1_150_10.csv","2004/1/2","2007/12/31","-193088.469","1095899.0","1288987.469","1.59743344776","9","7810104.83","-7109974.08","700130.75","-715352.219"
"2_40_1_150_12.csv","2004/1/2","2007/12/31","-193088.469","1095899.0","1288987.469","1.59743344776","9","7810104.83","-7109974.08","700130.75","-715352.219"
"2_40_1_150_14.csv","2004/1/2","2007/12/31","-193088.469","1095899.0","1288987.469","1.59743344776","9","7810104.83","-7109974.08","700130.75","-715352.219"
"2_40_1_150_16.csv","2004/1/2","2007/12/31","-193088.469","1095899.0","1288987.469","1.59743344776","9","7810104.83","-7109974.08","700130.75","-715352.219"
"2_40_1_150_18.csv","2004/1/2","2007/12/31","-193088.469","1095899.0","1288987.469","1.59743344776","9","7810104.83","-7109974.08","700130.75","-715352.219"
"2_40_1_150_20.csv","2004/1/2","2007/12/31","-193088.469","1095899.0","1288987.469","1.59743344776","9","7810104.83","-7109974.08","700130.75","-715352.219"
"2_40_1_150_8.csv","2004/1/2","2007/12/31","-193088.469","1095899.0","1288987.469","1.59743344776","9","7810104.83","-7109974.08","700130.75","-715352.219"
"2_40_2_225_8.csv","2004/1/2","2007/12/31","-537702.688","47400.563","585103.251","1.26564277103","5","3339042.779","-3092151.622","246891.157","-404026.734"
"2_40_1.5_50_10.csv","2004/1/2","2007/12/31","220921.734","1697839.125","1476917.391","1.20967409284","11","11364355.492","-10783486.367","580869.125","-1328223.703"
"2_40_1.5_75_10.csv","2004/1/2","2007/12/31","521976.063","2392874.25","1870898.187","1.22925598666","10","14082778.529","-13328876.029","753902.5","-1625591.281"
"2_40_1.5_100_10.csv","2004/1/2","2007/12/31","231085.766","1542048.25","1310962.484","1.06488314641","9","10742397.128","-10334942.628","407454.5","-1395151.305"
"2_40_2_175_8.csv","2004/1/2","2007/12/31","-226816.156","600961.0","827777.156","1.07060844898","6","5655317.285","-5402342.723","252974.562","-723129.25"
"2_40_2_150_8.csv","2004/1/2","2007/12/31","-88749.477","955968.875","1044718.352","1.1464666693","7","6866228.167","-6498954.355","367273.812","-821064.125"
"2_40_2_200_8.csv","2004/1/2","2007/12/31","-460725.813","137803.5","598529.313","1.10987940352","5","3771584.541","-3573964.096","197620.445","-494806.001"
"2_40_2_225_6.csv","2004/1/2","2007/12/31","-329371.813","961796.5","1291168.313","1.92531172717","5","4673351.323","-3881958.682","791392.641","-626856.812"
"2_40_2_150_6.csv","2004/1/2","2007/12/31","271698.25","2524430.75","2252732.5","1.77143634506","7","9308103.173","-8018251.673","1289851.5","-1188695.281"
"2_40_2_175_6.csv","2004/1/2","2007/12/31","79018.68","1884747.125","1805728.445","1.67349136625","6","7617709.11","-6628972.173","988736.937","-1008591.961"
"2_40_2_200_6.csv","2004/1/2","2007/12/31","-217706.406","1131121.875","1348828.281","1.72419701675","5","5229399.357","-4472893.92","756505.437","-731234.078"
"2_40_1.5_200_12.csv","2004/1/2","2007/12/31","-536670.313","229497.563","766167.876","1.65361274595","5","3970823.664","-3555941.163","414882.501","-449974.532"
"2_40_1.5_200_10.csv","2004/1/2","2007/12/31","-479895.063","259441.453","739336.516","1.42151412802","6","4184480.048","-3839474.642","345005.406","-505113.406"
"2_40_1.5_200_14.csv","2004/1/2","2007/12/31","-427651.844","518790.844","946442.688","1.6536135883","5","4905135.406","-4392633.57","512501.836","-555850.992"
"2_40_1.5_200_16.csv","2004/1/2","2007/12/31","-427651.844","518790.844","946442.688","1.6536135883","5","4905135.406","-4392633.57","512501.836","-555850.992"
"2_40_1.5_200_18.csv","2004/1/2","2007/12/31","-427651.844","518790.844","946442.688","1.6536135883","5","4905135.406","-4392633.57","512501.836","-555850.992"
"2_40_1.5_200_20.csv","2004/1/2","2007/12/31","-427651.844","518790.844","946442.688","1.6536135883","5","4905135.406","-4392633.57","512501.836","-555850.992"
"2_40_1_125_10.csv","2004/1/2","2007/12/31","-162030.688","1086156.5","1248187.188","1.48953806557","8","7777708.9","-7168124.9","609584.0","-770491.594"
"2_40_1_125_12.csv","2004/1/2","2007/12/31","-162030.688","1086156.5","1248187.188","1.48953806557","8","7777708.9","-7168124.9","609584.0","-770491.594"
"2_40_1_125_14.csv","2004/1/2","2007/12/31","-162030.688","1086156.5","1248187.188","1.48953806557","8","7777708.9","-7168124.9","609584.0","-770491.594"
"2_40_1_125_16.csv","2004/1/2","2007/12/31","-162030.688","1086156.5","1248187.188","1.48953806557","8","7777708.9","-7168124.9","609584.0","-770491.594"
"2_40_1_125_18.csv","2004/1/2","2007/12/31","-162030.688","1086156.5","1248187.188","1.48953806557","8","7777708.9","-7168124.9","609584.0","-770491.594"
"2_40_1_125_20.csv","2004/1/2","2007/12/31","-162030.688","1086156.5","1248187.188","1.48953806557","8","7777708.9","-7168124.9","609584.0","-770491.594"
"2_40_1_125_8.csv","2004/1/2","2007/12/31","-162030.688","1086156.5","1248187.188","1.48953806557","8","7777708.9","-7168124.9","609584.0","-770491.594"
"2_40_1.5_75_14.csv","2004/1/2","2007/12/31","629315.688","2980299.5","2350983.812","1.4429271315","9","15923889.556","-14847640.931","1076248.625","-1829140.687"
"2_40_1.5_75_16.csv","2004/1/2","2007/12/31","629315.688","2980299.5","2350983.812","1.4429271315","9","15923889.556","-14847640.931","1076248.625","-1829140.687"
"2_40_1.5_75_18.csv","2004/1/2","2007/12/31","629315.688","2980299.5","2350983.812","1.4429271315","9","15923889.556","-14847640.931","1076248.625","-1829140.687"
"2_40_1.5_75_20.csv","2004/1/2","2007/12/31","629315.688","2980299.5","2350983.812","1.4429271315","9","15923889.556","-14847640.931","1076248.625","-1829140.687"
"2_40_1.5_100_12.csv","2004/1/2","2007/12/31","108992.805","1509428.5","1400435.695","1.26279962204","8","10214645.049","-9681857.424","532787.625","-1317298.773"
"2_40_1.5_50_12.csv","2004/1/2","2007/12/31","58070.148","1562084.625","1504014.477","1.42146953096","10","10394673.787","-9718467.162","676206.625","-1208793.703"
"2_40_1.5_100_14.csv","2004/1/2","2007/12/31","369931.75","2099881.5","1729949.75","1.26279995336","8","12618090.6","-11959941.6","658149.0","-1627251.578"
"2_40_1.5_100_16.csv","2004/1/2","2007/12/31","369931.75","2099881.5","1729949.75","1.26279995336","8","12618090.6","-11959941.6","658149.0","-1627251.578"
"2_40_1.5_100_18.csv","2004/1/2","2007/12/31","369931.75","2099881.5","1729949.75","1.26279995336","8","12618090.6","-11959941.6","658149.0","-1627251.578"
"2_40_1.5_100_20.csv","2004/1/2","2007/12/31","369931.75","2099881.5","1729949.75","1.26279995336","8","12618090.6","-11959941.6","658149.0","-1627251.578"
"2_40_1.5_50_14.csv","2004/1/2","2007/12/31","247617.063","2021067.375","1773450.312","1.4214700685","10","12256821.407","-11459476.032","797345.375","-1425342.25"
"2_40_1.5_50_16.csv","2004/1/2","2007/12/31","247617.063","2021067.375","1773450.312","1.4214700685","10","12256821.407","-11459476.032","797345.375","-1425342.25"
"2_40_1.5_50_18.csv","2004/1/2","2007/12/31","247617.063","2021067.375","1773450.312","1.4214700685","10","12256821.407","-11459476.032","797345.375","-1425342.25"
"2_40_1.5_50_20.csv","2004/1/2","2007/12/31","247617.063","2021067.375","1773450.312","1.4214700685","10","12256821.407","-11459476.032","797345.375","-1425342.25"
"2_40_1.5_75_12.csv","2004/1/2","2007/12/31","318968.688","2222146.0","1903177.312","1.44292834949","9","12890767.407","-12019518.907","871248.5","-1480733.187"
"2_40_1.25_125_12.csv","2004/1/2","2007/12/31","-313908.0","557568.25","871476.25","1.27020319432","8","5974905.706","-5640647.675","334258.031","-678234.359"
"2_40_1.25_125_14.csv","2004/1/2","2007/12/31","-313908.0","557568.25","871476.25","1.27020319432","8","5974905.706","-5640647.675","334258.031","-678234.359"
"2_40_1.25_125_16.csv","2004/1/2","2007/12/31","-313908.0","557568.25","871476.25","1.27020319432","8","5974905.706","-5640647.675","334258.031","-678234.359"
"2_40_1.25_125_18.csv","2004/1/2","2007/12/31","-313908.0","557568.25","871476.25","1.27020319432","8","5974905.706","-5640647.675","334258.031","-678234.359"
"2_40_1.25_125_20.csv","2004/1/2","2007/12/31","-313908.0","557568.25","871476.25","1.27020319432","8","5974905.706","-5640647.675","334258.031","-678234.359"
"2_40_1.25_125_10.csv","2004/1/2","2007/12/31","-343082.0","491337.25","834419.25","1.27020305426","8","5720841.058","-5400796.464","320044.594","-649394.5"
"2_40_1.25_125_8.csv","2004/1/2","2007/12/31","-343082.0","448965.0","792047.0","1.20570147263","9","5664878.245","-5387205.901","277672.344","-649394.5"
"2_40_2_225_10.csv","2004/1/2","2007/12/31","-590386.75","-99679.43","490707.32","1.19797716505","5","3080785.233","-2911185.725","169599.508","-381131.329"
"2_40_2_225_12.csv","2004/1/2","2007/12/31","-605941.75","-133868.859","472072.891","1.19797743354","5","2963793.433","-2800634.448","163158.985","-366658.031"
"2_40_2_225_14.csv","2004/1/2","2007/12/31","-605941.75","34363.813","640305.563","1.62490079322","4","3278461.972","-2947070.315","331391.657","-366658.031"
"2_40_2_225_16.csv","2004/1/2","2007/12/31","-605941.75","34363.813","640305.563","1.62490079322","4","3278461.972","-2947070.315","331391.657","-366658.031"
"2_40_2_225_18.csv","2004/1/2","2007/12/31","-605941.75","34363.813","640305.563","1.62490079322","4","3278461.972","-2947070.315","331391.657","-366658.031"
"2_40_2_225_20.csv","2004/1/2","2007/12/31","-605941.75","34363.813","640305.563","1.62490079322","4","3278461.972","-2947070.315","331391.657","-366658.031"
"2_40_2_175_12.csv","2004/1/2","2007/12/31","-340944.469","323889.375","664833.844","1.0087675662","6","5014219.471","-4874072.705","140146.766","-653633.906"
"2_40_2_175_14.csv","2004/1/2","2007/12/31","-340944.469","581034.5","921978.969","1.39893973365","5","5495193.227","-5097901.336","397291.891","-653633.906"
"2_40_2_175_16.csv","2004/1/2","2007/12/31","-340944.469","581034.5","921978.969","1.39893973365","5","5495193.227","-5097901.336","397291.891","-653633.906"
"2_40_2_175_18.csv","2004/1/2","2007/12/31","-340944.469","581034.5","921978.969","1.39893973365","5","5495193.227","-5097901.336","397291.891","-653633.906"
"2_40_2_175_20.csv","2004/1/2","2007/12/31","-340944.469","581034.5","921978.969","1.39893973365","5","5495193.227","-5097901.336","397291.891","-653633.906"
"2_40_2_175_10.csv","2004/1/2","2007/12/31","-314929.219","376148.031","691077.25","1.00876766192","6","5212149.244","-5066470.432","145678.812","-679435.281"
"2_40_2_200_12.csv","2004/1/2","2007/12/31","-540327.438","-59111.793","481215.645","1.04686614947","5","3350608.745","-3235347.725","115261.02","-447745.516"
"2_40_2_200_14.csv","2004/1/2","2007/12/31","-540327.438","123641.344","663968.782","1.44443857843","4","3692436.994","-3394422.837","298014.157","-447745.516"
"2_40_2_200_16.csv","2004/1/2","2007/12/31","-540327.438","123641.344","663968.782","1.44443857843","4","3692436.994","-3394422.837","298014.157","-447745.516"
"2_40_2_200_18.csv","2004/1/2","2007/12/31","-540327.438","123641.344","663968.782","1.44443857843","4","3692436.994","-3394422.837","298014.157","-447745.516"
"2_40_2_200_20.csv","2004/1/2","2007/12/31","-540327.438","123641.344","663968.782","1.44443857843","4","3692436.994","-3394422.837","298014.157","-447745.516"
"2_40_2_150_10.csv","2004/1/2","2007/12/31","-182377.031","702586.188","884963.219","1.08236100569","7","6403290.526","-6169253.588","234036.938","-782908.922"
"2_40_2_150_12.csv","2004/1/2","2007/12/31","-182377.031","702586.188","884963.219","1.08236100569","7","6403290.526","-6169253.588","234036.938","-782908.922"
"2_40_2_150_14.csv","2004/1/2","2007/12/31","-182377.031","1033287.5","1215664.531","1.48682776425","6","7021846.275","-6457108.025","564738.25","-782908.922"
"2_40_2_150_16.csv","2004/1/2","2007/12/31","-182377.031","1033287.5","1215664.531","1.48682776425","6","7021846.275","-6457108.025","564738.25","-782908.922"
"2_40_2_150_18.csv","2004/1/2","2007/12/31","-182377.031","1033287.5","1215664.531","1.48682776425","6","7021846.275","-6457108.025","564738.25","-782908.922"
"2_40_2_150_20.csv","2004/1/2","2007/12/31","-182377.031","1033287.5","1215664.531","1.48682776425","6","7021846.275","-6457108.025","564738.25","-782908.922"
"2_40_2_200_10.csv","2004/1/2","2007/12/31","-522182.5","-21971.459","500211.041","1.04686630565","5","3482869.773","-3363058.982","119810.791","-465419.704"
"2_40_1.5_225_10.csv","2004/1/2","2007/12/31","-427093.531","387300.875","814394.406","1.42151372007","6","4493246.069","-4145708.03","347538.039","-556392.844"
"2_40_1.5_225_14.csv","2004/1/2","2007/12/31","-369546.5","672979.75","1042526.25","1.65361323238","5","5275406.555","-4746631.43","528775.125","-612281.328"
"2_40_1.5_225_16.csv","2004/1/2","2007/12/31","-369546.5","672979.75","1042526.25","1.65361323238","5","5275406.555","-4746631.43","528775.125","-612281.328"
"2_40_1.5_225_18.csv","2004/1/2","2007/12/31","-369546.5","672979.75","1042526.25","1.65361323238","5","5275406.555","-4746631.43","528775.125","-612281.328"
"2_40_1.5_225_20.csv","2004/1/2","2007/12/31","-369546.5","672979.75","1042526.25","1.65361323238","5","5275406.555","-4746631.43","528775.125","-612281.328"
"2_40_1.5_225_12.csv","2004/1/2","2007/12/31","-489632.938","354316.875","843949.813","1.6536134007","5","4270567.313","-3842511.305","428056.008","-495656.312"
"2_40_1_50_8.csv","2004/1/2","2007/12/31","35461.055","1654644.875","1619183.82","1.56373222554","14","11419515.09","-10697054.59","722460.5","-1289188.0"
"2_40_1.25_150_10.csv","2004/1/2","2007/12/31","-362251.406","556541.625","918793.031","1.4406821742","8","5746134.062","-5397998.093","348135.969","-668468.376"
"2_40_1.25_150_8.csv","2004/1/2","2007/12/31","-362251.406","512316.719","874568.125","1.37133681395","9","5687724.751","-5383813.688","303911.063","-668468.376"
"2_40_1.25_175_10.csv","2004/1/2","2007/12/31","-569741.0","108430.219","678171.219","1.57619298841","6","3813044.554","-3519868.866","293175.688","-432134.157"
"2_40_1.25_175_12.csv","2004/1/2","2007/12/31","-567697.625","113694.438","681392.063","1.57619319811","6","3831153.699","-3536585.605","294568.094","-434186.532"
"2_40_1.25_175_14.csv","2004/1/2","2007/12/31","-567697.625","113694.438","681392.063","1.57619319811","6","3831153.699","-3536585.605","294568.094","-434186.532"
"2_40_1.25_175_16.csv","2004/1/2","2007/12/31","-567697.625","113694.438","681392.063","1.57619319811","6","3831153.699","-3536585.605","294568.094","-434186.532"
"2_40_1.25_175_18.csv","2004/1/2","2007/12/31","-567697.625","113694.438","681392.063","1.57619319811","6","3831153.699","-3536585.605","294568.094","-434186.532"
"2_40_1.25_175_20.csv","2004/1/2","2007/12/31","-567697.625","113694.438","681392.063","1.57619319811","6","3831153.699","-3536585.605","294568.094","-434186.532"
"2_40_1.25_150_12.csv","2004/1/2","2007/12/31","-333928.813","625668.125","959596.938","1.44068225248","8","6001322.021","-5637725.318","363596.703","-698155.437"
"2_40_1.25_150_14.csv","2004/1/2","2007/12/31","-333928.813","625668.125","959596.938","1.44068225248","8","6001322.021","-5637725.318","363596.703","-698155.437"
"2_40_1.25_150_16.csv","2004/1/2","2007/12/31","-333928.813","625668.125","959596.938","1.44068225248","8","6001322.021","-5637725.318","363596.703","-698155.437"
"2_40_1.25_150_18.csv","2004/1/2","2007/12/31","-333928.813","625668.125","959596.938","1.44068225248","8","6001322.021","-5637725.318","363596.703","-698155.437"
"2_40_1.25_150_20.csv","2004/1/2","2007/12/31","-333928.813","625668.125","959596.938","1.44068225248","8","6001322.021","-5637725.318","363596.703","-698155.437"
"2_40_1.25_175_8.csv","2004/1/2","2007/12/31","-564294.813","90569.211","654864.024","1.50299799851","7","3819190.563","-3554195.477","264995.086","-437604.235"
"2_40_1_50_10.csv","2004/1/2","2007/12/31","7306.605","1582464.25","1575157.645","1.56373207242","14","11149194.431","-10498914.556","650279.875","-1312866.578"
"2_40_1_50_12.csv","2004/1/2","2007/12/31","7306.605","1582464.25","1575157.645","1.56373207242","14","11149194.431","-10498914.556","650279.875","-1312866.578"
"2_40_1_50_14.csv","2004/1/2","2007/12/31","7306.605","1582464.25","1575157.645","1.56373207242","14","11149194.431","-10498914.556","650279.875","-1312866.578"
"2_40_1_50_16.csv","2004/1/2","2007/12/31","7306.605","1582464.25","1575157.645","1.56373207242","14","11149194.431","-10498914.556","650279.875","-1312866.578"
"2_40_1_50_18.csv","2004/1/2","2007/12/31","7306.605","1582464.25","1575157.645","1.56373207242","14","11149194.431","-10498914.556","650279.875","-1312866.578"
"2_40_1_50_20.csv","2004/1/2","2007/12/31","7306.605","1582464.25","1575157.645","1.56373207242","14","11149194.431","-10498914.556","650279.875","-1312866.578"
"2_40_1_75_8.csv","2004/1/2","2007/12/31","396454.313","2356400.0","1959945.687","1.40351579622","12","14425440.067","-13754047.192","671392.875","-1851629.672"
"2_40_0.75_75_10.csv","2004/1/2","2007/12/31","-217504.063","718482.375","935986.438","1.19615501339","15","8217261.79","-8019729.228","197532.562","-1108902.313"
"2_40_0.75_75_12.csv","2004/1/2","2007/12/31","-217504.063","718482.375","935986.438","1.19615501339","15","8217261.79","-8019729.228","197532.562","-1108902.313"
"2_40_0.75_75_14.csv","2004/1/2","2007/12/31","-217504.063","718482.375","935986.438","1.19615501339","15","8217261.79","-8019729.228","197532.562","-1108902.313"
"2_40_0.75_75_16.csv","2004/1/2","2007/12/31","-217504.063","718482.375","935986.438","1.19615501339","15","8217261.79","-8019729.228","197532.562","-1108902.313"
"2_40_0.75_75_18.csv","2004/1/2","2007/12/31","-217504.063","718482.375","935986.438","1.19615501339","15","8217261.79","-8019729.228","197532.562","-1108902.313"
"2_40_0.75_75_20.csv","2004/1/2","2007/12/31","-217504.063","718482.375","935986.438","1.19615501339","15","8217261.79","-8019729.228","197532.562","-1108902.313"
"2_40_0.75_75_8.csv","2004/1/2","2007/12/31","-217504.063","718482.375","935986.438","1.19615501339","15","8217261.79","-8019729.228","197532.562","-1108902.313"
"2_40_1_75_10.csv","2004/1/2","2007/12/31","358484.281","2265138.75","1906654.469","1.40351603303","12","14089041.049","-13508909.424","580131.625","-1882898.68"
"2_40_1_75_12.csv","2004/1/2","2007/12/31","358484.281","2265138.75","1906654.469","1.40351603303","12","14089041.049","-13508909.424","580131.625","-1882898.68"
"2_40_1_75_14.csv","2004/1/2","2007/12/31","358484.281","2265138.75","1906654.469","1.40351603303","12","14089041.049","-13508909.424","580131.625","-1882898.68"
"2_40_1_75_16.csv","2004/1/2","2007/12/31","358484.281","2265138.75","1906654.469","1.40351603303","12","14089041.049","-13508909.424","580131.625","-1882898.68"
"2_40_1_75_18.csv","2004/1/2","2007/12/31","358484.281","2265138.75","1906654.469","1.40351603303","12","14089041.049","-13508909.424","580131.625","-1882898.68"
"2_40_1_75_20.csv","2004/1/2","2007/12/31","358484.281","2265138.75","1906654.469","1.40351603303","12","14089041.049","-13508909.424","580131.625","-1882898.68"
"2_40_1.25_75_8.csv","2004/1/2","2007/12/31","144314.719","1355442.75","1211128.031","1.05838718221","11","10609484.992","-10516762.617","92722.375","-1652168.453"
"2_40_1.25_50_8.csv","2004/1/2","2007/12/31","80125.922","1497794.25","1417668.328","1.31250282872","12","10945034.087","-10583035.962","361998.125","-1470036.039"
"2_40_1.25_50_14.csv","2004/1/2","2007/12/31","-4837.539","1368612.875","1373450.414","1.38012683137","11","10215028.558","-9869208.308","345820.25","-1415887.313"
"2_40_1.25_50_16.csv","2004/1/2","2007/12/31","-4837.539","1368612.875","1373450.414","1.38012683137","11","10215028.558","-9869208.308","345820.25","-1415887.313"
"2_40_1.25_50_18.csv","2004/1/2","2007/12/31","-4837.539","1368612.875","1373450.414","1.38012683137","11","10215028.558","-9869208.308","345820.25","-1415887.313"
"2_40_1.25_50_20.csv","2004/1/2","2007/12/31","-4837.539","1368612.875","1373450.414","1.38012683137","11","10215028.558","-9869208.308","345820.25","-1415887.313"
"2_40_1.25_75_10.csv","2004/1/2","2007/12/31","99286.031","1328925.75","1229639.719","1.11858031879","10","10325855.225","-10231366.35","94488.875","-1655074.375"
"2_40_1.25_75_12.csv","2004/1/2","2007/12/31","104506.609","1339986.125","1235479.516","1.11858046474","10","10374895.053","-10279957.553","94937.5","-1662934.75"
"2_40_1.25_75_14.csv","2004/1/2","2007/12/31","104506.609","1339986.125","1235479.516","1.11858046474","10","10374895.053","-10279957.553","94937.5","-1662934.75"
"2_40_1.25_75_16.csv","2004/1/2","2007/12/31","104506.609","1339986.125","1235479.516","1.11858046474","10","10374895.053","-10279957.553","94937.5","-1662934.75"
"2_40_1.25_75_18.csv","2004/1/2","2007/12/31","104506.609","1339986.125","1235479.516","1.11858046474","10","10374895.053","-10279957.553","94937.5","-1662934.75"
"2_40_1.25_75_20.csv","2004/1/2","2007/12/31","104506.609","1339986.125","1235479.516","1.11858046474","10","10374895.053","-10279957.553","94937.5","-1662934.75"
"2_40_1.25_50_12.csv","2004/1/2","2007/12/31","42550.539","1481403.25","1438852.711","1.38012754027","11","10701458.296","-10339170.546","362287.75","-1483310.5"
"2_40_1.25_50_10.csv","2004/1/2","2007/12/31","37622.379","1469674.0","1432051.621","1.38012792513","11","10650874.366","-10290298.991","360575.375","-1476299.141"
"2_40_0.75_50_10.csv","2004/1/2","2007/12/31","-70597.266","1189210.75","1259808.016","1.35550280832","20","10677324.447","-10428952.572","248371.875","-1416308.313"
"2_40_0.75_50_12.csv","2004/1/2","2007/12/31","-70597.266","1189210.75","1259808.016","1.35550280832","20","10677324.447","-10428952.572","248371.875","-1416308.313"
"2_40_0.75_50_14.csv","2004/1/2","2007/12/31","-70597.266","1189210.75","1259808.016","1.35550280832","20","10677324.447","-10428952.572","248371.875","-1416308.313"
"2_40_0.75_50_16.csv","2004/1/2","2007/12/31","-70597.266","1189210.75","1259808.016","1.35550280832","20","10677324.447","-10428952.572","248371.875","-1416308.313"
"2_40_0.75_50_18.csv","2004/1/2","2007/12/31","-70597.266","1189210.75","1259808.016","1.35550280832","20","10677324.447","-10428952.572","248371.875","-1416308.313"
"2_40_0.75_50_20.csv","2004/1/2","2007/12/31","-70597.266","1189210.75","1259808.016","1.35550280832","20","10677324.447","-10428952.572","248371.875","-1416308.313"
"2_40_0.75_50_8.csv","2004/1/2","2007/12/31","-70597.266","1189210.75","1259808.016","1.35550280832","20","10677324.447","-10428952.572","248371.875","-1416308.313"
